137 507 639 1074 1343 2167 2341 2368 2445 3674 3877 3878 4129 4130 4131
146 837 2071 2077 2085 2410 3598 3779 3780 4018 4019
218 630 941 1215 2872 3057 3308 3309
101 766 2387
200 672 1311 1440 1661 2098 2189 2885 3506
173 547 1142
209 865 1687 1823 4017
182 349 2312
1063 2096 2281 3129
542 1504 1898 2202 2626 3323
83 681 699 1277 1671 2397 2480 2535 2921
469 895 999 1582
155 2654 3643 3832 4087
478 1714 2404 2462 2685 4027
831 2422 3528 3720
110 729 2373 2817 3015 3265 3899 3900
119 1451 2067 2856 3592
406 868 1025 1728 2427 2473 2496 2707 2861
1052 1354 1578 3153 3376 3600 3601
487 604 675 791 1145 1204 1798 3949 3950
93 1658 2612 3135 3355
445 620 859 950 2261 2701 2843
391 607 705 734 1208 1304 2610 3210
194 723 1325 1537 1772 1868 3433 3434 3659 3660
61 1298 1729 1785 1897
409 919 2228 2468 2637 2851
167 229 2464 3771
50 260 632 1713 1916 2463 2995 3502 3503
946 1936 3404 3820
1552 2110 2831 3714
32 906 1108 1128 1328 1471 1538 2311 2588 2673 2956 3117 3118 3119 3348 3349 3567 3568 3569 3570
68 2127 3799
212 481 1750 1881 3033
454 1001 1721 2133 2678 3632
140 1158 1679 2135 2232 3560 3988 3989
113 1733 2007 2795 2866 3310
394 747 849 3631
367 1444 2025 2920 3296
555 583 776 1526 1589 2019 2317 2501 3199 3200 3824 3825
608 1027 1067 1161 2987 3301 3944 3945
35 663 932 1630 2623 3428 3654 3655
635 905 910 2197 4062
17 579 696 1229 1960 3511 3930 3931
430 594 644 730 781 1021 1206 1252 1316 1394 1569 1580 1642 2321 2611 3102 3103 3104 3982 3983 3984 3985
26 1986 3004
304 1339 1719 1734
340 593 2062 2421 2886 2909 3174 3175 3801 3802 4041 4042
421 1110 1372 1384 3582
89 651 719 1815 2510 2563 2895 3815 4064 4065
1082 1618 2351 2519 3339 3340 3558 3559
448 856 1055 1096 3219 3649 4097 4098
116 690 1233 2344 2618 2660 3479 3480 3901 3902
412 1652 1717 1767 2625
98 1764 2152 2551 2595 2880 3294 3295 3516 3517 3710 3938 3939 3940
34 107 715 838 2833
313 953 1472 2990
385 740 1499 1951 3220 3426 3650 3651
322 1349 2802 3580 4005
11 503 782 908 986 1296 1831 2742 3686 3687 3903 3904
262 1718 2257 3011 3682
213 379 1612 2008 2288 3291 3514 3515 3934 3935
352 437 2388 3641 3830 4085
1251 2640 2997 3094 3750
244 1250 1503 1778 1779 1870 3261 3262 3892 3893
226 545 927 976 2143 2976
325 1032 1567 1668 1857 1874 2148 2619 2936 2957 2968 3484 3485 3486
361 739 1488 1570 2667 2728 3396 3630
798 1030 3036
2 803 944 1164 2001 2263 2722 3205 3411 3412 4079 4080
235 2256 2413 3095
280 870 1046 1599 2680 3624 3625 4056 4057
846 1563 1568 3076
597 1426 1981 2236 2460 2558
193 1529 2539 2859 3556
265 836 934 1091 1159 2169 2443 2664 3676 3677
480 2258 2493 2716 3995
256 520 610 1532 3179 4058
292 752 1065 1268 1439 3112 3113 3992 3993
166 1862 2457 2720 3157 3604
328 952 3324 3541
1003 1303 2168 2241 3231 3864
202 1775 2262 2293 2638
915 1186 2934 3158 3789 4030
772 1153 2518 2587 3133 3134
72 474 556 1029 1975 2060 2166 2191 4054 4055
55 232 3728
259 3024 3490 3911
214 758 1038 1190 2190 2725 3155 3156 3787 3788
652 1147
169 3549
178 637 854 897 2081 2816 3229 3230 3669 3670
792 960 2056 2252 3334 3745
187 1619 2681 3607 4029
686 1100 1292 1659 1832 1879 3314 3315
241 867 881 1271 1336 1992 2345 2789 2830 3269 3270
901 1068 1174 1188 1449 1662 3865 3866
181 623 873 2938 3365
477 660 1942 2149 2785 3251 3468 3469 3882 3883
172 429 661 1335 1516 2299 3168
387 3533
46 225 532 1448 1637 2302 3018 3487 3488 3690 3691
459 1648 1854 3397
118 1933 3239 3673
756 1390 1425 2617 3374
127 807 1155 1364 1528 1691
175 1103 1113 1421 1485 1788 1838 2561 3169 3170 3171
208 615
215 450 735 1317 1489 3463
109 824 1124 1850 2570 2798
82 923 2350 3249
190 669 1479 1955 4115
820 2495 2900 3327
405 1495 1706 1819 2214 2516 2930 3235 3236 3457 3868 3869
64 1086 1376
378 417 2000 2298 2364 2377 2409 2834 3975 3976
73 872 951 992 2051 2113 3000 3001
160 486 1381 1456 3798
154 784 860 936 1182 1593 1724 2407 2591 3445 3446
426 1168 1253 2184 2809 3542
2153 2275 3240
85 680 1230 3147 3597
58 467 539 888 1597 1999 2520 3304
408 1132 1605 1814 2172 2564 2932 3247 3879 3880
381 1463 1525 2251 3543 3962
354 1741 2923 2971
49 1154 1770 2305 3685
130 1048 1457 3071
345 3550
557 995 2273
453 658 1939 2543 3052 3951
462 2858 4035
157 855 1060 1224 3861 4114
189 363 1590 2441 2796 3737
435 2379
444 1347 2274 2683 2838 2972 3053 3305 3306 3718 3719
1751 1938 2697 3608
682 775 1871 1949 2358 2636 3590 3591
357 1106 1694 1736 1822 2739 3049 3050 3520 3521 3715 3716
312 1004 1245 2448 2963
348 403 578 631 724 1184 1686 1894 1962 1963 2163 2405 2406 2503 2676 2686 2780
393 531 3361 3774
79 570 725 1365 1697 1707
288 303 774 841 2183 3647 3839 3840
411 558 1151 1242 1540 1702 1794 1802 2061 2490 3321 3729 3730 3731
384 590 789 1287 1559 1843 2086 2206 2724 2744 3139 3140 3141 3358 3360 3589
52 2246 2811 3466 3876
285 1625 2006 2867 3378
267 1465 1855 1918 2718 2874 3063 3064
973 2524 2627
366 616 815 1138 1583 2429 3237 3238 3459 3460 4123 4124
1134 1378 1917 2139 2192 2386 2731 2826 3372 4023 4024
1171 1223 1613 3583
47 207 274 2126 3534 3725 3955 3956
264 425 1910
198 1247 2565 2961 3778
551 1856 1892 2029 3048 3518
252 258 2917 3653
19 554 588 835 1399 1460 1712 2171 2839 4116 4117
234 843 2097 2267 2512
282 284 600 2284
488 674 845 2156 2528 3532
92 147 947 968 2320 2868 3224 3225
497 1070 3146 3364 4014
183 701 1290 1312 2357 2424 3046 3298 3712 3713 3941 3942
156 1585 2164 3419 3642
2536 2584 2733
228 720 1049 1084 3307
1033 1131 1213 1258 1968 3427 3846 3847
461 1083 1133 2235
833 945 980 1235 1548 1644 1669 1869 3068 3069 3536 3537 3732 3733 3734
170 1198 1727 3226
129 543 1160 1737 1906 2586 3144 3145 3362 3363 3775
479 1510 1562 2769
138 1586 2772 2942 3367
97 210 275 310 334 886 2870 2970 3055 3056 3952 3953
1002 1564 1645 1996 2825 3351 3760 3761
1081 1148 1385 2157 3959
237 596 1104 1212 2272 2338 3594
201 602 778 877 1014 1403 1647 1715 2124 2832 3149 3368 3369 3370 4020 4021 4022
60 563 2335 3216 3423 3841
575 2035 2822
222 1034 2979 4113
96 1980 2945 3417 3831 4086
580 1069 1286 2672 3375 4026
150 761 933
132 567 629 3346
455 492 767 890 1566 2806 3451 3452
195 500 693 892 1817 1989 2360 2514 3332 3333 3970 3971
401 1587
861 2450 2690
231 643 1302 1345 3504
404 3302 3717
63 533 2028 3574
54 989 1307 1319 1594 1657 1893 2161 2355 2671 2674 2752 3190 3191 3192 4066 4067 4068
377 1191 1221 1265 3576
485 1845 3770
81 196 900 2159 2602 2604 3194 3195 3818 3819 4069 4070
494 706 1509 1853 1956 2020 3105 3106
611 733 964 1262 1406 1684 2065
153 227 1634 2080 2778
126 1368 1762 3994
368 1467 1875 3279
135 1993 2606 3120 3571
108 562 626 1157 1297 2044 2316 3021
1475 1476 2694
350 1847 2015 2239 2738 3043 3044 3292 3293 3708
18 3263 3898
346 389 457 697 2807 2855 3848 3849 4100 4101
362 783 1139 1561 1608 2925 3022 3023
57 678 1000 1581 1689 1693 2402 2483 2726 3077 3078
263 268 712 1490 2266
272 573 2324 3821
344 935 2093 2398 2912 3099 3100 3751 3752
931 1024 1396 1688 2220 2719 3472 3473 3680 3884 3885
353 541 1077 1080 1409 1609 1922 2014 2259 2508 3114 3115 3116 3564
718 722 3181 3809
102 516 858 969 1760 1852 2027 2488 2916 3091 3092 3553 3554 3555 3972 3973 3974
335 536 1373 2310 2783 3354
308 1366 3266 3478
380 879 2002
290 581 832 1682 1744 1756 2122 2648 3085 3086
111 589 787 3481
398 1971 2399 3392 3627
537 708 958 2332 2547 2553 3546
15 23 1531 1844 1887 1901 2076 2271 3211 3212 3414 3415
356 746 1690 3981
230 291 585 622 1984 2428 2650 3009 3010 3476 3477
42 1231 3160
938 1278 1884 2083 2459 3744 3967 3968
576 716 726 1558 1873 2132 3289 3290 3512 3513
347 2371 3416
518 1914 1978 2136 2403
248 921 1709 4000
3 955 1370 2354 3391
261 2505 3082 3969
164 794 2021 3202
1326 1598 1631
293 1983 2003 2042 2045 2498 3758 3759
566 2075 2691 3456
179 1934 2079 2249 2898 3336 3337 3551 3552 3746 3747
475 971 1576 1596 1692 2904 3389 3390 4045 4046
161 3070
242 278 801 814 1193 1478 1670 2207
925 1075 1218 1254 1959 1979 1994 2022 2186 2451 2765 2902 3399
504 1088 2100 3453 3668 3863 4119 4120
206 667 683 911 1878 2095 2165 2863 2943 3638 3639
233 1948 2294
305 1469 2756 3535 3727
0 465
1865 2046 2474 3965
