146 837 2077 2085 2410 2698 3577
851 981 1035 1771 2381 2755 2994 3377 3630 3768 3811 3966 4719
92 818 947 966 1458 1494 3328 3567 3763
200 1440 2098 3159 3595 3772 3943 3967 4250
1418 1906 2312 3418 3427 4290 4780
254 1063 2096 2236 2281 3145 3210 3634 4668
542 1504 1898 2049 2202 2626 3434 3542 4566 4858
110 729 1152 1215 2373 3172 3364 3728
119 1339 1451 2856 3301 3834 4043 4270
128 1915 2070 2426 2915 3147 4330 4935
1354 1362 1578 1683 1684 2773 2879
236 470 878 1050 1200 1452 1468 1548 1710 2573 2883 2937 2977 3499 4589 4810 4967
23 1901 2398 3108 3716 4110 4495 4621
95 1010 1404 2238 2455 3213 3545 3688 3767 4358
445 620 676 859 950 2701 2843 3285 3420 4246 4609
104 1109 1272 1306 1410 1792 1962 2349 2580 2911 3971 4022 4350 4489 4656 4739 4831 4912
391 607 1058 1208 1905 2564 2610 3323 3930 4866 4882
472 505 642 1342 2705 3072 3231 3381 3680 3809 4818
651 664 776 1053 1392 1555 1863 2308 2340 2941 3522 3561 4151 4754
176 369 1298 3353 3515
409 919 1943 2396 2468 2637 2851 3244 3853 3864 4715
418 1093 2353 3124 4728
86 627 698 862 1517 1803 1807 3000 3797 3900 4209 4272 4605
499 1240 1849 3550 4636
706 2299 2416 2783 3445 3536 4115
400 717 1020 1474 1588 1616 1746 3384 3843 4514 4712 4726 4803
32 906 1128 1328 1538 2588 2673 2956 3075 3111 3321 3574 3981 4147 4325 4650
212 481 1561 1750 4038 4675 4735
149 713 1493 1716 2776 2815 3034 3880 4148 4787 4825 4995
394 747 849 2175 2302 3376 3677 4237 4428 4602 4928 4994
53 633 786 812 1527 1740 2390 3985
367 1057 1444 1988 3126 3698 4987
403 583 1526 1589 2019 2328 2406 2501 3383 3638 4521 4523 4544 4546 4630 4854 4878
35 663 932 1630 2623 2645 3556 3672 3687 4025 4328 4579 4940
44 1891 1954 3175 3683 4734
17 579 696 1229 1960 3137 4812 4847 4894
430 594 644 730 781 1021 1316 1394 1569 1642 2321 2611 3099 3151 3820 4036 4286 4309 4492 4501 4533 4599 4638 4832
26 1986 2412 2981 3485 4705
1442 1865 2046 2801 2818 2952 3236 4401 4505 4960
340 526 593 711 1380 2062 2421 2886 3442 3618 3954 4185 4283 4504
205 421 1110 1372 1384 1681 3225 3480 3870 4120 4140 4651
89 555 719 821 2439 2510 2563 2895 3100 3439 3441 3489 3859 4439
295 360 2760 2781 3160 3331
117 448 856 1055 1096 3135 3566 3755 4837 4996
601 621 1241 2109 2762 2881 2899 3009 3181 3188 3829 4189 4647 4949
1228 1895 1995 2152 2431 2506 2551 2594 2595 2865 2880 3079 3252 4024 4099 4348
71 191 221 538 732 2393 3036 3071 4554 4698
107 657 715 1282 1656 2721 2833 3375 4072 4249
313 953 1523 2990 3313 3649 4166 4901
385 665 740 1141 1145 1731 1951 2666 2903 3290 3306 3471 3667 4586 4592
571 2052 2075 2792 3626 4875
66 74 659 777 1225 1435 2069 2497 2743 3077 3240 3607 3703 4131 4337 4446 4466 4738
397 970 1866 2527 3374
56 1982 2147 2631 2873 2988 3052 3202 3562 4419 4557 4642
543 1579 1920 2415 2615 3029
654 891 1006 1244 1675 2269 2526 2771 3230 3815 4424 4964
325 1032 1238 1567 1668 1826 1857 1874 2433 2619 2957 2968 3513 3679 3836 3962 4155 4805
361 489 973 1488 1570 2667 2728 4706 4758
502 798 1030 1326 4670 4853
235 2256 2413 3343
271 592 1174 1188 1405 1662 2702 3346 3541 3757 4126 4887 4990
5 522 896 1051 1350 1563 1663 1703 2296 2469 2659 2754 2919 2978 3164 3182 3221 3275 3303 3317 3326 4346 4745 4902 4958
184 597 1426 2460 3113 3530 4005 4174 4384 4897
193 618 1529 2539 2859 3134 3547 3689
265 836 934 1159 2169 2443 2664 2853 3026 3146 3393 3477 3605 3778 4161 4850
301 509 515 899 903 961 1172 1299 1379 1383 1416 1723 2157 2278 2423 2566 3107 3132 3699 4057 4362 4731 4797
480 2258 2279 2493 4461 4952
175 1103 1113 1421 1657 1739 1788 1828 1838 2023 2548 2561 2805 3678 3761 3770 3849 3858 4047 4830
256 610 1508 1532 2579 4018
511 561 662 1016 2099 2634 3517 3571 4296
1079 1308 1375 1806 2546 2734 3802 4066 4284
14 1233 1269 3392 3589 3776 4239 4690 4782
328 952 3212 4105
11 220 292 503 1207 1268 1439 1831 1880 2969 3027 4816
772 811 1153 1830 2034 2221 2518 2587 2992 3014 3083 3103 3422 4050 4127 4744 4880
277 861 1078 2472 2569
72 474 556 613 1029 1975 2031 2060 2166 2782 2979 3311 3915 4626
641 1005 1042 1246 1429 1654 2005 2039 3117 3136 4474
154 223 985 997 1041 1340 1593 1699 2411 2452 3318 3647
259 3947
124 638 1243 2542 2955 3194 3281 3508 3885 4040
447 684 743 796 1018 1137 2605 2677 3344 3970
133 810 1052 2578 2840 3105 3300 3466 3496 3681 4766
106 350 1470 1651 1848 2118 2738 3254 4582
1175 2204 2567 4716 4742
214 758 1038 1190 2190 2219 2417 2725 3042 3152 3284 3350 3670 3719 4438 4718 4895
420 1130 2245 2592 3851 4204 4462 4688
160 1227 2964 3552 3875 4153 4396 4519
2383 4701
792 2056 2252 2322 4282 4673
967 1619 2681
196 686 900 1100 1292 1659 1674 2064 2159 2382 2604 3295 3363 3519 3727 3999 4087 4664 4827
263 268 712 1279 1352 1747 2266 3319 3435
2185 2575 3821 4078 4425 4869 4896
163 529 788 817 1695 2024 2907
172 429 661 898 1335 1516 1903 2414 2560 3359 3394 4114 4423
2025 2203 2311 2466 2920 3198 3617 3714 3775 4387
432 1926 3598 3766 3965 4345 4779 4941
118 294 1933 4821
468 756 1390 1425 2305 2617 4012 4247 4480
127 807 991 1155 1364 1528 1691 2378 3265 3524 4124 4273 4737
100 709 806 1602 2306 2522 3064 3131 3724 4790
914 1485 1584 2735 3059 3332 4041
413 928 1124 1850 2570 2798
396 3048 3196 3415 4459 4538 4577
405 1495 2930 3046 3351
951 992 1466 2051 2113 2855 3001 3010 4177
486 763 1381 1456 2223 3584 3693 4662
784 860 1182 1492 1724 1776 1964 2407 2591 2608 2931 3012 4612 4657
685 1066 1991 3287 3509
3032 3051 3691
67 863 2170 3116 3365 3760 4594 4984
194 300 723 1325 1537 1772 1868 3952 4058 4458 4834
8 40 741 1395 1754 2531 2597 2622 2914 3451 3891 4083 4861
257 1219 2248 2372 4593 4765
148 1363 1400 1611 1774 2012 2538 3144 3294 3395 3446 4293 4942
121 1062 1209 1293 2344 2660 3948 4799
157 1166 1224 1347 2222 2897 3613 3669 3964 4001 4465 4667 4788
22 736 882 1107 1573 2094 2665 2980 4100 4113 4146 4230
189 363 2636 2796 3749 4379
435 2379 3403 4685 4748
31 565 1008 1022 1135 1810 3067 3399 4000 4460 4552
378 417 830 2000 2298 2364 2377 4080 4211 4823
94 318 857 1355 3591 4258 4694
1069 1082 1092 2351 2672 3286 3810 3896 4026 4082 4179 4267 4271 4453 4957
97 1924 2084 2200 3974
7 546 553 1486 1624 2231 2440 3148 4203 4240
393 531 2135
156 1259 1436 1585 2164 4076 4095
288 303 425 624 841 1910 2183 2264 3831 4496
70 323 666 1037 1189 1192 1313 1664 2088 2507 2549 3022 3191 3255 3391 3453 3921 3942 4138 4399 4531 4549 4603 4974
384 590 789 911 979 1287 1559 1843 1945 2086 2095 2206 2724 2744 2863 2891 3665 4260
43 309 889 1099 3195 3339 3781 3795 4559
52 368 1467 1875 2246 2811 3783 4652
249 1187 1521 2158 2812 3223 3525 4169 4294 4507 4508 4542 4720
267 1465 1855 1918 2718 2874 4431 4795 4800 4908
339 1003 1781 2524 2627 3668 3708 4157 4245 4314
290 366 815 1138 2429 4382
34 838 1134 1378 2139 2386 2731 2844 4500 4845
61 749 1222 1256 1729 1867 1897 1972 1998 2226 3787 3977 4653 4714
957 1115 1179 1356 1780 2174 2283 3559 3748 4421 4553
306 649 707 2352 4023
37 424 995 1575 2026 2053 2227 2584 4188 4862
180 519 688 1735 2695 4251
333 609 728 800 922 998 1755 1769 2233 2715 3063 3242 3902 3925 4378 4395
1 3025 3866
216 639 779 847 1097 1441 1487 1745 2552 2616 2633 3016 3074 3162 3958 4178 4198 4299 4413 4778 4959
324 1560 1574 1938 3171 3532 3539 3631 4889 4914
270 551 1856 2029 2041 2067 2675 3130 3272 3482
252 4976
28 2325 4020 4815
261 1431 2505 3575
497 1070 1539 3873 4563
228 720 1049 1084 3166 3232 3409 4031
264 1033 1131 1213 1258 1968 2184 3056 3203 3218 3222 3369 3712 3730 4044 4218
461 1083 1324 2235 4139 4280 4993
833 945 980 1669 1869 2487 2788 2909 3603 3608 3844 4192 4381 4426 4753 4785 4970
129 905 910 1160 1737 2022 2197 2586 2696 2765 3800 3894 4497 4696
452 822 1101 1121 1146 1220 1626 1797 2013 3031 3356 3690 3711 4966
210 334 886 2870 2970 4926
1601 2150 2212 2365 3379 4537
230 291 622 1768 2606 2650 3837
237 596 1104 1212 1480 1636 2272 2338 3246
192 1237 1275 1330 1374 1603 1628 2048 2314 2726 4312 4464
517 689 748 816 990 1007 1061 1196 1417 1811 1851 1987 2465 2533 3177 3400 3481 3932 4277 4510 4606 4644
186 742 924 3127 3293 3352 3514 3706 3799 4015 4063 4261 4625
87 524 582 605 2078 2346 2850 3934 3987 4187 4777
13 177 453 874 2176 2511
1064 2712 2748 3115 3512 4128 4681
335 464 3622
150 761 933 2180 3098
473 559 975 1203 1430 1917 2072 2192 2362 2823 2826 3049 3058 3206 3437 3897
80 132 567 629 825 1397 2603 3625 3796 3911 4037 4089
141 915 1793 1859 3158 4079
446 916 1554 2205 2766 3310 4011
105 884 1027 1161 1505 1809 2392 2438 2732 3694 4244 4588
123 187 510 3060 3447 3848 4610
204 667 876 909 988 1422 1672 1837 2073 2195 3901 4200 4781
3219 3587 3642 4873
69 211 795
491 2450 2690 3224 3648 4021
1119 1408 1842 2387 2800 3338 3368 3906 4159 4219 4755
404 1706 1819 2214 2516 4274 4551 4645
90 1348 3838 4793
63 533 2038 2063 2317 2339 2767 3268 3790 4256 4506 4697
99 1288 2435 2723 2947 3969 4303
219 386 913 1085 1117 1140 1607 2128 3078 3762
341 965 1536 1722 1829 3491 4476 4562
422 745 1832 1879 2624 3179 3243 3245 3472 3473 3791 3895 3929 4145 4152 4184 4197 4529 4905
171 1015 1889 2922 4884
513 530 700 893 1026 1181 1990 2191 2959 3061 3998 4122 4899
634 842 1059 1666 1748 2644 3816 4008 4979
81 1413 2520 2602 3119 4003 4069 4555 4591 4740 4906
153 227 1634 2080 2778 3907 4180
126 1368 1762 2793 3416 3863 4158 4215 4257 4324 4528
162 819 1285 1291 1346 1553 1758 1919 3167 3180 3980 3996 4840 4910
36 702 848 1194 1337 1534 2114 2313 2799 3256 3988 4364 4564
1002 1263 1564 1645 1996 2513 2825 3084 3153 3274 3367 4443
108 562 626 693 954 1157 1817 2044 2295 2657 3045 3960 4631
458 760 1118 1428 2115 2374 2655 2950 3560 4004 4279 4310 4764 4893
780 813 885 1028 1351 1459 1592 1882 2304 2395 2401 2759 3037 3398 3782 4064 4125 4375 4547 4558 4568 4676 4767
18 1813 3424 3581 3721 4774
21 224 331 1088 1333 2474
1303 1420 2050 2122 2168 2241 2453 2600 3322 4288
109 135 272 573 824 1993 2324
3 327 534 955 2456 3094 3414 3506 4014 4410
353 541 1077 1080 1609 1796 1922 2014 2259 2500 2905 3229 3327 3411 4316 4400 4434 4440 4622 4802 4817
12 764 1332 1639 2585 4227 4792
635 1961 2303 3428 3709 4907
115 308 1366 1970 2047 2125 4640
380 879 987 2002 3096 4062
281 572 1305 1606 1701 1985 2476 2790 2821 3215 3358 3803 4019 4654
30 2747
142 371 871 1419 1643 1902 2106 2951 3637 3861 4518 4607
39 2225 3505 3808 4070 4409 4488
111 471 589 2687 3773 3956 4051 4056 4252 4469
398 1515 1824 2131 2399 3500 3546 3855 4033
15 1177 1310 1531 1844 1887 2076 3347 3645
329 356 1690 3211 3555
1098 1396 1546 1688 1789 2142 2220 2928 3465 3594 4118 4761
865 1621 2489 2926 3204 3997 4791
24 415 1071 1239 2682 3070 3354 3450 4165
33 576 716 726 1558 1873 2033 3464 3629
247 347 2371 2555 3129 3534
51 1116 2486 2871 3421 3986 4016
165 320 351 423 671 714 1386 2240 2265 2282 3250 3551 4414 4677 4736
302 773 1154 1370 4163 4487 4618
282 284 1545 1646 1935 2791 3452 3579 4794 4868
365 673 887 1205 1759 2271 2277 2394 2819 3201 3883
266 823 1411 1482 2475 2499 3493 3643 3650 4034 4304 4408 4445
239 802 1266 1398 2974 3270 3646 3817 4223
566 2018 2691 3282 4210
493 1921 2884
179 1934 2079 2249 2481 2898 3216
152 993 1453 1620 1627 2291 3874
188 599 1236 1950 2583 2828 3280 3604
50 260 632 883 959 2463 2995 3007 3109 3771 4327 4365 4530
484 2111 4509 4947
170 757 1060 1499 1727 1749
143 528 1076 1178 1360 1969 2243 2557 3090 4276 4674 4881
85 287 680 1230 2946 3388
161 3307 4093 4287 4729
242 814 1670 1909 2208 3199 3468 3876 4867
251 373 668 805 925 1075 1218 1254 1959 1979 1994 2186 2451 2902 2960 3597 3641 3753 3780 4032 4356 4617
504 1911 2100 2544 2685 3324
169 233 1948 2294
296 1183 1665
278 603 804 1321 1454 1491 2207 2607 3121 3413 3610 4216 4334 4336 4406
305 1469 2756 4068
0 465 960 3662 4503 4721
