137 507 1074 1343 1761 1861 2037 2167 2341 2368 2445 2641 3033 3975 4385 4763 4849 4922 4948
218 630 941 1170 1913 2854 2872 3325 3479 3628 4331 4687 5182 5183 5444 5445
433 1031 1510 2434 2669 2736 2769 2983 3189 3990 4278
101 332 766 1320 1464 1732 1965 2089 3340 4585 5612
200 1440 2098 3159 3595 3772 3943 3967 4250 5280 5361
173 547 595 1009 1090 1142 1171 1295 1353 2568 3288 4248 4475 4608 4639 4888 4972
209 926 1136 1433 1823 2613 2708 3516 4292 4682 4686
1635 2105 2652 2706 2714 2862
496 506 549 790 963 1073 1334 2425 2574 3739 3759 4017 4172 4195 5044 5045
155 2654 3081 3104 3402 4190 4318 4809 4944 4963 5144
478 1714 2462 2530 2808 2817 3017 3043 3722 4991 5053
164 794 912 1312 2021 5442
245 248 357 392 1736 1825 2609 2621 3093 4448
110 729 1152 1215 2373 3172 3364 3728 5007
460 2635 2860 3312 3656 3740 3812 4098 4723
128 1915 2070 2426 2915 3147 4330 4935
487 604 675 791 1481 1798 2949 3173 3615 4213 4430 4604 4841 4857
23 1901 2398 3108 3716 4110 4495 4621 5697
104 1109 1306 1410 1792 1962 2349 2911 3971 4022 4350 4489 4656 4739 4831 5012 5013
391 607 1058 1208 1905 2564 2610 3323 3930 4866 4882 5237 5238 5336
427 2576 2787 2906 3028 4055 4456
122 704 1094 1472 1725 4412 4773 5092
651 664 776 1053 1392 1555 1863 2340 2941 3522 3561 4151 4754 5243 5244 5486 5487
409 919 1943 2396 2468 2637 2851 3244 3853 3864 4715
418 1093 2353 3124 4728 5136 5413 5642
77 1881 2467 4623 4879 5375
86 627 698 862 1517 1803 1807 3000 3797 4209 4272 4605
499 1240 1849 3550 4636
1713 1876 1916 3443 3484 4683 4919 5011 5093 5357
226 927 946 976 2261 2703 3006 4228 4317 4339 4892 5330 5643 5644
645 1056 1617 1899 1957 2129 2700 2857 3186 3819 4275 4955
382 1226 3239 3476 3720 4067 4359 4392 4532 4535 5048 5049
113 1733 2007 2866 4097 4357 4541 4876
73 548 744 872 1111 2807 3233 4852 4951
273 355 1019 1039 1622 2369 2420 2596 2662 3333 3405 3431 3438 3737 4335 4393 4417 4860
394 747 849 2175 2302 3376 3677 4237 4428 4602 4928 4994
35 663 932 1630 2623 2645 3556 3672 4025 4328 4579 4940
650 1012 1169 1629 2155 2179 3366 3633 4598 4709 5355 5422 5423
182 349
44 1891 1954 3175 3683 4734 5208 5613
26 1986 2412 2981 3485 4705
340 526 593 711 1380 2062 2421 2886 3442 3618 3954 4185 4504 5548 5549
205 421 1110 1372 1384 1681 3225 3480 3870 4120 4140 4651 5209 5210
89 555 719 821 2439 2563 2895 3100 3439 3441 3489 3859 4439 5638 5639
286 1217 1502 1618 1966 2104 2492 2519 3106 3825 3976 4194 4486
439 617 977 2253 2758 2764 3983 4822 5550
412 1652 1717 1767 2234 2625 2967 3448 4319 4498 4669
107 657 715 1282 1656 2721 2833 3375 4072 4249 5107 5526 5527
307 1210 2419 3655 4619 4663 4775 4918 4973 5323
38 1144 1908 2229 2285 2287 2289 3277 3425 4006 5372 5373
619 1251 2640 2997 3692 4615 5195 5600
325 1032 1238 1567 1668 1826 1857 1874 2433 2619 2957 2968 3513 3679 3836 3962 4155 4805
361 489 973 1488 1570 2667 2728 4706 5134 5229
20 854 1054 2081 2471 2896 3814 4717 5187
235 2256 2413 3343
289 754 1173 1519 1967 2709 2717 2845 3666 3686 3785 3830 3940 4232 4707 4961 5084 5085 5577 5578
316 727 1089 1201 2058 2572 3501 3707 5057
65 1013 1126 1260 1632 2045 2117 3490 3596 3908 4635 4725 4890 5112 5113
319 982 1600 1816 2875 3102 3994 4342 4872 5431 5667
193 618 1529 2539 2859 3134 3547 3689 5601
480 2258 2279 2493 4461 4952
175 1103 1113 1421 1657 1739 1788 1828 1838 2023 2548 2561 2805 3678 3761 3849 4047 5276 5277 5427 5428 5429
256 610 1508 1532 2579 4018
399 834 1518 2153 2211 3039 3612 5254
283 2537 2841 2973 4029 4703 4757 5139 5483 5713
436 569 721 752 1065 1437 2032 4235 4482 4997 5376 5460 5461 5606 5607 5690 5691
388 498 917 2887 4137
511 561 662 1016 2099 2634 3517 3571 4296
11 220 292 503 1207 1268 1439 1831 2969 3027 4816
772 811 1153 1830 2034 2221 2518 2587 2992 3014 3083 3103 3422 4050 4127 4744 4880 5307 5308
72 474 556 613 1029 1975 2031 2060 2166 2782 2979 3311 3915 4626 5409 5410
483 902 1185 1280 1506 1623 1953 2092 2534 2614 3478 3486 3743 4405
641 1005 1042 1246 1429 1654 2039 3117 3136 4474 5344 5345
151 1549 1678 2323 5374 5523
154 223 985 997 1041 1340 1593 1699 2411 2452 3318 3647 5494 5495
250 544 591 1011 1704 2292 5127
133 810 1052 2578 2840 3105 3300 3496 3681 4766 5235 5236
214 758 1038 1190 2190 2219 2417 2725 3042 3152 3284 3350 3670 3719 4718 4895
456 687 1323 1423 1864 2101 3011 3156 3389 3494 4420
792 2056 2252 2322 4282 4673
967 1619 2681 5701
196 686 900 1100 1292 1659 1674 2064 2159 2382 2604 3295 3363 3519 3727 3999 4087 4664 4827 5289 5290 5510 5511 5512
263 268 712 1279 1352 1747 2266 3319 3435 5128 5473
2185 2575 3821 4078 4425 4869 4896 5030 5522
163 529 788 817 1695 2024 2907
172 429 661 898 1335 1516 1903 2414 2560 3359 3394 4114 4423 5402 5403
459 936 1648 1854 3357 3704 3961 4254 4305 4452 5065 5066
432 1926 3598 3766 3965 4345 4779 4941
127 807 991 1155 1364 1528 1691 2378 3265 4124 4273 4737
136 983 1023 2030 2194 2275 2400 2446 2598 2639 2894 3183 3912 4060 4075 4156 5165 5166 5571 5572
217 699 1438 1773 1784 3087 3889 3922 4132 4513 5559
414 512 1885 2255 3122 3557 4201 4225 4269 5551
100 709 806 1602 2306 2522 3064 3131 3724 4790
1317 2230 2319 3467 3658 3661 3887 4363 4965
914 1485 1584 2735 3059 3332 4041 5218
413 928 1124 1850 2570 2798
144 495 568 1730 1827 3235 3568 4142 4693
91 731 996 1958 2102 2120 2263 2380 3149 3747 4135 4221 4300 4813 5184 5185 5514 5515
190 669 920 1479 1955 3360 3879 4193
396 3048 3196 3415 4459 4538 4577 5225
820 2495 2900 3197 4301 4814 5191 5370
951 992 1466 2051 2113 2855 3001 3010 4177
145 1338 1498 2713 2751 3349 3609 3777 4264 4432
784 860 1182 1776 1964 2407 2591 2608 2931 3012 4612 4657
426 438 584 894 1036 1168 1253 1341 1388 1840 2119 2337 2447 2642 3054 3089 3417 3503 3840 4323 4352 4573
3032 3051 3691 5162
408 705 734 1132 1304 1605 1814 2172 2250 2932 3750 3865 4009 4116 4479 4982 5082
139 2545 3174 4485 4540 5340 5556
390 1248 1677 1872 2479 2835 3161 3226 3433 3570 3592 3744 3789 4548 4649 4981 5594 5595
49 1234 1770 2199 2354 3362 4096 4119 4233 5167 5419
98 787 1764 2632 4091 4522 4934 5321 5401 5632
336 560 1533 1937 2182 2693 3170 3276 4411 4660 5568 5729 5730
257 1219 2248 2372 4593 4765
372 557 797 1273 1941 2273 2671 3271 3386 3928 5125 5126
148 1363 1400 1611 1774 2012 2538 3144 3294 3395 3446 4293 4942
395 462 1120 2858 4052
121 1062 1209 1293 2344 2660 3948 4799
157 1166 1224 1347 2222 2897 3613 3669 3964 4001 4465 4667 4788 5249 5250 5341 5342
22 736 882 1107 1573 2094 2665 2980 4100 4113 4146 4230 5120 5121 5698 5699
189 363 2636 2796 3749 4379
31 565 1008 1022 1135 1810 3067 3399 4000 4460
103 134 1751 2697 3330 3823 4144 5056 5221
112 647 755 1255 1289 1331 1357 1700 1835 2494 2689 2741 2813 3291 4109 4143 5721 5722
682 775 1541 1871 1949 2358 2668 4039 4516 5387 5615
94 318 857 1355 3591 4258 4694 5520
691 692 1195 1294 1928 2043 2082 2948 3138 3248 3554 3871 3910 4844 4913
1106 1319 1694 1708 1822 1893 2161 2355 2674 2739 3455 3495 3862 3926 4512 5284 5285 5436 5437
312 540 574 694 1004 2448 2963 3097 3955 4073 4355 4543 5396 5397
7 546 553 1486 1624 2231 2440 3148 4203 4240
402 875 1500 1509 1853 3931 4455 4550 4859 4870
88 2016 2889 3751 4186 4784 5394
156 1259 1436 1585 2164 4076 4095 5021 5365
288 303 425 624 841 1910 2183 2264 3831 4496
375 737 1162 1800 1812 2710 2993 3463 3828 4620 4923 5404 5405 5546 5547
411 558 938 1102 1151 1242 1484 1540 1702 1794 1802 2061 2490 2888 3401 3523 3924 3927 4580 4962
249 1187 1521 2158 2812 3223 3525 4169 4294 4507 4508 4542 4720 5219 5220 5538 5539
244 276 1250 1415 1497 1614 1779 1834 2123 2329 3267 4367 4369 4578
258 1377 2917
267 1465 1855 1918 2718 2874 4431 4795 4800 4908
785 1087 1123 1434 1501 1757 2692 2729 2837 3361 3600 3842 4090 4576 4848 4917 5158 5159 5560 5561
25 2389 2589 3733 4567 4968
339 1003 1781 2524 2627 3668 3708 4157 4245 4314
290 366 815 1138 2429 4382 5343 5569
957 1115 1179 1356 1780 2174 2283 3559 3748 4421 4553 5563 5727 5728
46 225 532 1223 1448 1613 1637 1795 2727 3341 3640 4162 4307 4561
37 424 995 1575 2026 2053 2227 2584 4188 4862
180 519 688 1735 2695 4251
333 609 728 800 922 998 1755 2233 2715 3063 3242 3902 3925 4378 4395 5286 5287
1 3025 3866 5149
324 1560 1574 1938 3171 3532 3539 3631 4889 4914
1043 1514 2336 2749 4471 4491 4655 4915 5259 5347
270 551 1856 2029 2041 2067 2675 3130 3272 3482 5018 5506 5507 5590 5591
252 4976 5554
19 554 588 835 1460 2171 2188 2525 2571 2839 2852 3507 4340 4891 4971
261 1431 2505 3575 5251 5417
315 1122 1557 1836 1858 2237 2848 3572 4953
600 1344 2284 2965 3050 3632 3850 4759 4863 5484
488 674 774 845 2156 2528 3176 3454 3933 5023 5596 5675 5676
147 968 2320 2868 3095 3715 3735
497 1070 1539 3873 4563
183 701 1290 1821 2071 2357 2424 3085 3674 3788 4807
255 866 2536 2733 3068 4658 5625
833 945 980 1669 1869 2487 2788 2909 3603 3844 4192 4381 4426 4753 4970 5292 5293
1086 1198 3373 4222 4281 4383 5157
129 905 910 1160 1737 2022 2197 2696 2765 3800 3894 4497 4696 5314 5315 5388 5389
479 1562 4094 4268 4502 4932 5434 5505
210 334 886 2870 2970 4926 5443 5593
1081 1148 1249 1301 1385 1543 1791 2160 2550 2982 3066 3110 3257 4028 4397 4442 5024 5025
1206 1571 1580 1660 1981 2268 2363 2558 2864 3259 4205 4332 4435 5245 5246
192 1237 1275 1330 1374 1603 1628 2314 4312 4464 5233 5234
201 602 672 778 877 978 1014 1311 1403 1647 1661 2189 2761 2832 3258 3316 3396 3832 3935 4524 4671 5391 5392 5393
517 689 748 816 990 1007 1061 1196 1417 1811 1851 1987 2465 2533 3177 3400 3481 3932 4510 4606 4644
60 2055 2254 2335 3623 3807 4234 4321 4370
186 742 924 3127 3293 3352 3514 3706 3799 4063 4261 4625 5114 5115
222 1034 1045 2699 3057 3154 3652 4444 5153 5724
87 524 582 605 2078 2346 2850 3934 3987 4777
943 2239 2376 2763 4386 4437 5504
168 1044 1125 1391 1556 2178 3187 3192 3586 3746 3813 4302 4347 4490 5670 5671
13 177 453 874 2176 2511
1064 2712 2748 3115 3512 4128 4681 5430
150 761 933 2180 3098 5119 5611
473 559 975 1203 1430 1917 2072 2192 2362 2823 2826 3049 3058 3206 3437 3897
141 915 1793 1859 3158 4079 5181
105 884 1027 1161 1505 1809 2392 2438 2732 3694 4244 4588 5169 5170 5271 5272 5584 5585
455 492 767 890 1566 2806 3580 3860 4111 4344 4436
401 428 1587 2361 3139 3461 3553 3614 3867 4633 5047 5616 5617
114 852 1407 1447 1839 2449 2599 3685 4590 4820 4904 5358 5359
123 187 510 3060 3447 3848 4610
204 667 876 909 988 1422 1672 1837 2073 2195 3901 4200 4781 5179 5180 5438 5439
3219 3587 3642 4873 5075 5152 5339 5555
410 2370 3040 3080 3440 3564 3583 3989 4451 4695
78 120 648 1322 1726 1777 2300 2430 2745 3526 4102 5725 5726
231 643 1091 1127 1302 1345 3150 3184 3214 3410 3957 4864 4909 5014 5015 5172 5173 5502 5503
431 655 768 827 1264 1369 1409 1542 1790 1940 2132 2138 2482 2508 2651 2730 2901 3002 3756 3826 4418 4724
63 533 2038 2063 2317 2339 2767 3268 3790 4256 4506 4697 5201 5202
99 1288 2435 2723 2947 3969 4303 5275 5426
219 386 913 1085 1117 1140 1607 2128 3078 3762
3304 3549 4407 4916 4956 5097
377 759 1191 1221 1265 1653 2998 3299 3774 4581 5205 5464 5465 5532 5533
634 842 1059 1666 1748 2644 3816 4008 4979 5501 5588
494 1956 2020 2137 3881 5602
611 733 964 1262 1406 2065 5019
153 227 1634 2080 2778 3907 4180
162 819 1285 1291 1346 1553 1758 1919 3167 3180 3980 3996 4840 4910 5497 5498 5586 5587
359 1977 3020 3726 4900 5706
36 702 848 1194 1337 1534 2114 2313 2799 3256 3988 4364 4564 5458 5459 5603 5604
1679 2232 3207 3588 3909
1002 1263 1564 1645 1996 2513 3084 3153 3274 3367 4443 5377 5378
108 562 626 693 954 1157 1817 2044 2295 2657 3045 3960 4631 5266 5267 5661 5662
780 813 885 1028 1351 1459 1592 1882 2304 2395 2401 2759 3037 3398 3782 4064 4125 4375 4547 4558 4568 4676 4767 5038 5039 5040 5104 5105 5106 5685 5686 5687
18 1813 3424 3581 3721 4774 5265
21 224 331 1088 1333 2474 5411
57 678 1000 1581 1689 1693 1820 2483 2661 3019 3228 3297 3302 3408 3511 3936 4206 4398 4824
1303 1420 2050 2122 2168 2241 2453 2600 3322 4288
109 135 272 573 824 1993 2324
344 935 2093 2836 2912 3585 5295
3 327 534 955 2456 3094 3414 3506 4014 4410 5418
93 738 1163 1658 2612 3283 3296 4133 4877 4945 5135
102 516 858 969 1565 1760 1852 2301 2330 2488 2916 3013 3854 3941 4181 5524 5525
564 623 1818 2581 2601 2938 3627 3846 4999 5000 5001
536 1373 2310 3370 4154 4255 4614 5117 5466
115 308 1366 1970 2047 2125 4640 5420
581 614 832 962 1149 1682 1744 1756 2648 3021 3118 3537 3573 4939 5035 5036
142 371 871 1419 1643 1902 2106 2951 3637 3861 4518 5319 5320 5399
750 753 826 918 940 1105 1387 1402 1446 1833 2054 2198 2768 2924 3336 3664 3676 4601 5281 5282
2 585 1164 1984 2148 2428 2936 3717 3725 4229 5349
1098 1396 1546 1688 1789 2142 2220 2928 3465 3594 4118 4761 5305 5306
24 415 1071 1239 2682 3070 3354 3450 4165
338 1278 1450 1884 2146 3345 3792 3968 4388 5192 5455
247 347 2371 2555 3129 3534 5338 5416
374 518 1361 1914 1978 2403 3406 3738 3798 4123 4343 4771 4975 5456 5457
165 320 351 423 671 1386 2240 2265 2282 3250 3551 4677
3069 4164 4354 4525 5371 5684
376 799 831 4298 4422 4483 4515 5140 5715
275 310 3521 4108 5103
282 284 1545 1646 1935 2791 3452 3579 4794 4868 5004 5575 5576
293 1983 2003 2042 2498 3140 3348 3764 3786 4092 4467 5302 5303
266 823 1411 1482 2475 2499 3493 3650 4034 4304 4408 4445 5226 5227
239 802 1266 1398 2974 3270 3646 3817 4223 5679
493 1921 2884
188 599 1236 1950 2583 2828 3280 3604 5628
269 552 1720 3382 4160 4297 4329 5665
475 1692 1808 2083 2134 2459 2904 3269 3984 4048 4789 4885 4898 5129 5130
484 2111 4509 4947 5100
170 757 1060 1499 1727 1749 5077 5490
143 528 1076 1360 1969 2243 2557 3090 4276 4674 4881 5137 5138 5481 5711 5712
466 948 1284 2577 3904 4202 4349 4473 4526 4637
242 814 1670 1909 2208 3199 3468 3876 4867
251 373 668 805 925 1075 1218 1254 1959 1979 1994 2186 2451 2902 2960 3597 3641 3753 3780 4032 4356 4617 5474 5475 5476
296 1183 1665 5003
