8621, 9430, 9783, 9785, 10389, 10591, 12450
1818, 3567, 3569, 6576, 7636, 7850, 12306
23, 183, 696, 725, 874, 1342, 1623, 2490, 3813, 4506, 9013, 10100
1078, 1804, 3601, 4810, 5960, 10305, 11957
1610, 6593, 8640, 9878, 10839
4749, 10068
396, 864, 8261, 8480, 9575
2176, 2612, 6810, 8586, 8588, 12714
2307, 2574, 4899, 5459, 5823, 6589, 8649, 9198, 9623, 9871, 13218
4213, 6475, 6875
1205, 2281, 3217, 7933, 8664, 11698, 12918
557, 1062, 1312, 2837, 4704, 4829, 5959, 6495, 7027, 8171, 11704, 12595
4550, 5794, 5858, 8137, 8804, 10386
6903, 7348, 10369, 11000, 11560
762, 1472, 2407, 6116, 7517, 9573, 10668, 10708
76, 971, 1386, 1811, 3579, 3588, 3651, 4113, 4722, 5270, 7707, 11677
393, 4133, 12104, 12681
92, 1222, 1516, 2116, 3016, 3611, 8473, 8700, 8718, 10505, 12378, 12775
539, 2734, 3830, 4460, 4607, 5861, 6975, 7254, 8529, 8791, 10384, 10556
1940, 4009, 13515, 13532, 13537, 13538
3994, 5499
23, 183, 725, 874, 1342, 1623, 2413, 4880, 6569, 6927, 7436, 10100
3970, 4215, 13041
1390, 2648, 3718, 7242, 7953, 11868, 12041, 12886, 13092, 13183, 13203, 13496
1446, 3309, 3515, 11164
4741, 8097, 10641, 12808
6783, 10540
5275, 7287, 11156, 11991
1672, 2188, 3967, 5074, 5380, 5703, 8361, 9397, 9624
2872, 4479, 4496, 12883
2453, 2809, 4135, 6167, 7632, 7942, 8505, 8791, 9901, 10307
1273, 1756, 11494, 12101, 12327
6361, 6362, 6363, 6364, 12964, 12965
431, 1281, 2562, 2787, 3057, 3060, 3196, 3197, 4498, 5965, 11231, 13526
1529, 6855, 7485, 8094, 11700, 12761
1089, 1722, 3588, 5270, 8859, 10632, 11785, 12568
418, 419, 2362, 2363, 2365, 5254, 6482, 6757
1609, 5842, 5843, 7230
160, 896, 1806, 1986, 2549, 2745, 3199, 4250, 4891, 5338, 6272, 9191
3163, 6806, 10543, 11562, 13118, 13279
1145, 3005, 3934
5592, 8308, 9910
748, 2641, 3423, 4368, 5751, 6249, 6403, 7123, 7145, 10917, 11595, 12183
1385, 3668, 9042
3527, 7077, 8724, 11412, 13305, 13306
715, 5557, 5644, 5650, 6642, 6784, 7073, 10006, 12961
1043, 1253, 1396, 2106, 2640, 3846, 3919, 4586, 5846, 6419, 7410, 13333
9298, 11123
23, 183, 725, 874, 1342, 1623, 2413, 4410, 4880, 6569, 6927, 10100
306, 663, 1325, 2107, 5055, 8525, 8645, 9345
1696, 2298, 4787, 10843
741
2436, 4233, 4531, 9664, 10453, 13219
1992, 1993, 2863, 4608, 4609, 7071, 11707
3417, 3872, 4036, 5743, 7901, 8029
1121, 1755, 2345, 2428, 3513, 4560, 5083, 7513, 8768, 9113, 9745, 10712
612, 4249, 8350, 8351, 10749, 10750
2373, 4100, 4382, 6350, 9924, 10523
1952, 12914
136, 7660, 8577
1351, 2022, 11996
628, 1232, 3356, 4819, 6552, 11491, 11589, 12098, 12492, 12816, 12854, 13084
105, 6615, 10266, 11145
4950, 4976, 11465, 12793
10764
743, 859, 3304, 3493, 4125, 4734, 7192, 7320, 10510, 11566, 12499
2726, 3163, 6806, 10543, 11562, 13118, 13279
1241, 6912, 12088
1855, 3775, 5038, 6708, 7758, 9455
1290, 5208, 5886, 10810, 10811, 11686, 11849
4664, 4881, 5613, 9755, 11321
3303, 4346, 9047, 9408, 12071
1015, 1162, 1624, 4999, 5502, 7918, 8751, 10432, 10454, 10809, 11548, 13213
432, 5544, 7186
11083
4005
23, 696, 725, 1623, 3813, 4201, 4410, 5333, 6927, 9249, 10100, 11568
2320, 3683, 4934, 5385, 5585, 6320, 8403, 10603, 11182, 12235, 13367
150, 3094, 10516, 10517
1867, 2434, 2695, 3107, 4378, 4967, 6816, 7527, 8332, 9367, 10596, 10665
146, 2446, 2660, 2702, 9796, 11946
397, 3054, 4707, 9686, 10053, 10055
698, 1920, 2628, 6434, 7488, 8133, 9551, 11507, 11878
364, 1812, 1847, 3918, 6225, 9180, 11077, 11823, 13223
4137, 5482, 7713, 8192
1363, 5758, 8330, 12067, 12933
968, 1095
3656, 10213, 12898
1155, 3799, 4401, 4791, 4792, 5595, 8118, 8650, 12424, 13262
2193, 6354, 7004, 8025, 8644, 9379, 13006
434, 1441, 3044, 4436, 4520, 6981, 7233, 8531, 11069, 11072, 12574, 13296
344, 1151, 1770, 6416, 7355, 7937, 8408, 8624, 8723, 9049, 11632, 13004
1182, 8771, 10212
743, 859, 3304, 3702, 4125, 4734, 5545, 5867, 8867, 9339, 11566, 12499
32, 1081, 1082, 2504, 4839, 6366, 7867, 8079, 8530, 11792, 12277, 13235
229, 2109, 2726, 3736, 7070, 8563, 12245, 13279
464, 1655, 1691, 2335, 2452, 2684, 2685, 2933, 3188, 7187, 10289, 11534
2320, 3683, 4421, 4934, 5385, 5585, 5602, 6320, 7540, 8403, 11182
349, 1287, 1795, 2479, 2782, 3308, 3916, 4435, 7859, 8503, 10864, 11513
252, 5830, 7894, 9735, 12087, 13087
7878, 12129
583, 9267, 10522
387, 4596, 5552, 6115, 6370, 7568, 9093, 10860, 13133, 13224
795, 1908, 4185, 7773, 12379
1282, 2301, 3157, 4762, 7718
272, 493, 2086, 2133, 5470, 5554, 6550, 7659, 9613, 11964, 12060, 12880
5654, 8071, 8072, 8255, 9314, 9569, 9584, 9585, 9586, 9587, 9602, 9885
6707, 10312, 10424
6446, 8293, 11263, 11628, 11981, 13399
552, 1062, 2311, 2837, 4704, 4829, 5959, 6495, 7027, 7216, 8171, 12308
1985, 2262, 3672, 4444, 4517, 6111, 6676, 7672, 7965, 9776, 9958, 13189
3936, 8688, 10164, 12541, 13316
792, 2616, 3179, 4327, 7876, 9533, 10121, 11121
3889, 8151
2462, 5738, 7313
43, 1101, 2659, 2989, 3615, 3684, 3958, 4442, 5944, 8905, 10228, 10826
165, 918, 1728, 5933, 8142
4130, 4254, 6519, 6631, 7117, 10429, 10732, 11745, 12567, 12664, 13010, 13039
1963, 4243, 4244, 9764, 9765, 9766, 9767, 13565
1117, 1392, 4045, 6603, 11133, 12138
1361, 4098, 9275
699, 736, 6540, 7830, 8521, 8546, 9251, 9296, 10607, 12003, 13301, 13303
43, 1101, 2659, 2989, 3615, 3684, 3958, 4442, 6937, 8905, 10826, 12602
913, 1060, 1090, 3178, 4929, 5754, 6422, 9641, 10248, 10833, 10965, 13550
1924, 5654, 8071, 8072, 8073, 9569, 9584, 9602, 9885
2332, 5232, 8975, 9174, 9175, 9176, 9404, 10820, 12644, 12645, 12646, 12647
5705, 5719, 6545, 6673, 8149, 11486, 13460
1463, 2049, 3006, 7640, 8924, 9243, 9380, 9727, 10096, 10941, 11447
312, 811, 8416, 12221, 13288
1037, 7950, 10765, 11192, 12032, 12171
4136, 6437, 7734, 9177, 10128, 10168, 12928, 13116
357, 402, 1760, 3679, 3869, 3909, 5098, 8876, 9892, 10052
1420, 2025, 2205, 2597, 2658, 7922, 9200, 9517
3, 993, 1991, 3030, 3307, 3607, 3677, 3897, 4540, 6542, 11358, 11925
727, 1197, 3006, 4757, 7836, 9243, 9380, 11203
662, 2397, 5013, 5668, 5669, 5670, 6455, 7356, 7770, 8421, 8423, 8613
1614, 1615, 3302, 3510, 10292
1121, 1755, 2345, 2428, 7513, 8768, 10712
305, 1295, 1868, 1941, 2064, 2884, 3743, 4129, 5834, 6100, 8865, 12558
431, 1149, 1281, 1364, 1365, 2562, 2787, 3057, 3060, 3196, 3197, 9841
2108, 2736, 3306, 3747, 5986, 6548, 7151, 8558, 11796
5005, 6612, 6696, 7197
4240
1070, 1605, 2643, 11579
5048, 5062, 5096, 12864
5495, 7361, 7362, 11442
3339, 7714
3895, 12722
151, 528, 595, 1087, 3653, 4311, 10095, 11732, 12276, 12392
4913, 6602, 8207
3874, 5677, 6236, 6798, 8607, 10829, 12225, 12799
464, 977, 1691, 2283, 2335, 2452, 2684, 2685, 2874, 2933, 3188, 10289
294, 1397, 7140, 8348, 11803, 12134, 12214, 12423, 12721
219, 1541, 1658, 2836, 3326, 3557, 5077, 5943, 7970, 8939, 11391, 13210
2955, 4173, 5839, 6028, 6085, 7583, 7767, 7982, 8733, 9484, 9539, 10696
715, 5557, 5644, 5650, 6642, 6918, 7073, 12961
922, 4837, 6933
3673, 5875, 9723, 10613
1500, 1836, 3814, 4024, 4418, 5878, 5900, 6242, 6541, 7553, 10099, 10819
247, 2514, 2945, 3640, 5865, 7787, 9334, 9884, 11218, 12687
1147, 3506, 4007, 4443, 5161, 5629, 10938, 11431, 13174
542, 3558, 4523, 5941, 6250, 7105, 8355, 13159
1749, 2001, 3881, 6148, 6506, 7740, 11007
3914, 6640, 8180, 9069
461, 552, 557, 974, 1111, 1175, 1295, 1312, 2394, 8171, 9942, 11260
2891, 3158, 7555
1121, 1755, 2345, 2428, 3513, 4560, 5083, 7513, 9113, 9745, 10712
11220
1451, 4934, 5302, 5385, 5585, 5602, 5969, 6320, 6360, 12235, 12493, 12958
1552, 2840, 11510, 11802
446, 672, 5466, 5467, 8200, 9615
598, 3844, 6259, 7871, 8956, 10110, 11897, 12494
43, 1101, 2045, 2659, 2989, 3615, 3684, 3958, 4442, 6937, 8905, 11512
3558, 4523, 5941, 6250, 8355, 13159
1076, 1156, 6163, 13246
3223, 4087, 7681, 8305, 11672, 13193
934, 6057, 6101, 10135, 10640
1960, 2137, 4328, 4329, 4330, 8392, 11937, 11938, 13233
4073, 11788, 12469
4544, 4600, 4846, 5356, 9324, 12911
546, 4106, 6900, 8978, 9494, 11005, 11374, 11492, 13342, 13428
558, 8345
431, 2327, 2364, 2562, 2988, 3197, 4498, 11174, 11231
913, 1060, 1090, 3178, 4929, 5754, 6422, 9641, 10248, 10833, 10965, 12744
5614, 6176, 6720, 7329, 9867
5508, 7401, 9626
748, 2629, 3423, 4637, 5615, 6249, 7145, 7531, 7749, 9136, 10481, 11595
1101, 2659, 2989, 3958, 4533, 4963, 6937, 8905, 10228, 10826, 11536, 12602
890, 2269, 2627, 8353, 9163, 10192, 12224
3173, 4721, 6452, 8400
1519, 12223
1543, 3237, 3787, 3841, 4468, 4469, 5952, 7136, 8078, 9237, 11902, 13427
1205, 2281, 3217, 7933, 8664, 11271, 11698, 12918
705, 2794, 2795, 2924, 4071, 6391, 7434, 7557, 8487, 10046, 12167, 12168
1157, 1781, 8595, 10741, 12303, 13163
3315, 5042, 5289, 5438, 6113, 6967, 7199, 7305, 7484, 8343, 9807, 11657
1341, 2315, 12510
817, 1412, 1733, 1875, 2320, 3683, 4444, 5585, 5602, 9335, 11182
32, 1081, 1082, 1485, 2504, 4251, 7867, 8079, 8530, 11792, 12277, 13235
695, 10615, 10795, 11279
1383, 1986, 2717, 3199, 4250, 7411, 8008, 10143, 10499, 11042, 11375, 13312
4835, 10919, 12817
1698, 8382, 11306
1336, 2580, 3305, 3761, 5501, 5593, 6151, 8668, 9926
668, 1530, 3780, 4170, 5546, 6169, 6494, 9297, 11821, 12652
43, 3037, 3615, 4442, 5248, 5334, 8905, 9860, 10228, 11512, 11935, 12522
1479, 2119, 2277, 2670, 6239, 6267, 7813, 7822, 8513, 9220, 10814, 11862
43, 1562, 2659, 3037, 4159, 4442, 4533, 4963, 6937, 8905, 10228, 11512
162, 549, 763, 1876, 2136, 2730, 3825, 5801, 6764, 9271, 11692, 12984
1500, 1836, 4024, 4418, 5878, 5900, 6242, 6331, 6541, 7200, 10099, 10819
737, 6733, 8307, 10103, 10367, 11725, 12095, 12548
3343, 3973, 6804, 7026
43, 1101, 2045, 2659, 2989, 3615, 3684, 3958, 6937, 7364, 8905, 10852
1884, 10378
21, 6769, 11968, 12706, 13044
185, 718, 2898, 3943, 7265, 13111
1178, 2017, 2215, 3082, 4187, 4718, 5409, 5686, 6263, 8687, 10735, 12559
4649, 7576, 8162, 8163
1637, 8706, 12030, 12121
857, 4614, 10125
285, 9264, 9503
440, 1122, 1569, 7334, 7529, 8532, 8602, 8778
869, 1258, 1660, 8489, 11476, 12090
43, 1101, 2659, 2989, 3615, 3684, 3958, 8905, 10228, 10826, 10852, 11144
1921, 2076, 2912, 4934, 4982, 5385, 5500, 5585, 6320, 7438, 8403, 13351
381, 519, 2009, 2369, 3770, 4612, 4728, 5673, 7048, 9474, 12072, 12756
568, 645, 656, 984, 2785, 4530, 5111, 5382, 6507, 8748, 8775, 12757
1834, 3248, 5365, 6172, 6723, 7372, 8551, 9993, 10138
1749, 2001, 6148, 6506, 9195
1665, 3772, 9395, 12294
355, 970, 2624, 5524, 7218, 7681, 10250, 11107, 13365
1343, 2083, 4302, 10534, 13265
1093, 1417, 1679, 2023, 3597, 5630, 7244, 9512, 12023, 12156
43, 1101, 2659, 2989, 3615, 3684, 3958, 4442, 6937, 8905, 12602, 13488
743, 859, 3304, 4734, 5545, 5867, 6605, 7192, 8867, 9339, 11566, 12499
4975, 8685, 10034
1710, 2331, 4273, 4371, 5430, 7726, 8973, 9690, 12482
4814, 8220, 10291
1780, 1925, 9485
2246, 3079, 3621, 5060, 7575, 8093, 13431
3442, 9224
319, 631, 2748, 2913, 6771, 6772
1670, 3101, 7409, 8076, 10407, 10985, 12594, 13205
1254, 2098, 4331, 6284, 6625, 7038, 7039, 7456, 9761, 10987
1985, 2262, 2629, 3672, 4517, 6111, 6676, 7672, 7965, 9776, 9958, 13189
1798, 1799, 2087, 4977, 8492, 11018
1862, 1956, 3763, 6583, 8101, 13021
11995
3079, 3621, 5060, 7565, 7575, 8093, 13431
2121, 2697, 4311, 6305, 7420, 9925, 10095, 10923, 11732, 12276, 12388, 12564
2039, 5507, 6980, 9188, 10947, 11045, 12716
56, 2463, 4106, 5040, 6540, 8546, 11495, 11918, 12003, 12391, 13301, 13303
1749, 2001, 6148, 6506, 7740, 9195, 11007
1580, 2812, 8313
358, 359, 1429, 4017, 4638, 5775, 6342, 6343, 6344, 6345, 6346, 10456
5104, 5705, 5719, 6545, 6673, 8149, 11486, 13460
5120, 9090, 11038
4400, 9378
23, 183, 696, 725, 1623, 2857, 3813, 4813, 7474, 9013, 10100, 12418
9700, 10269, 10402, 10480, 11090, 13229
403, 428, 505, 3996, 4622, 6238, 8277, 8908, 9319, 10560, 11722, 12576
43, 1562, 2659, 3037, 4159, 4442, 4533, 6162, 8905, 9190, 10228, 12602
11972, 12613
3674, 4620, 4659, 5760, 7493, 7494, 12792
709, 1454, 2099, 4431, 4526, 4535, 6580, 9357, 9553, 9652, 9800, 12767
1749, 2001, 6148, 6506, 7740, 9195
1822, 5857, 12370
219, 1191, 1340, 1541, 1658, 2102, 3557, 5401, 5943, 7246, 7970, 9262
630, 7059, 9352
2866, 7229, 8415, 8648, 13244
2325, 6395, 7174, 7701, 8304, 11034, 11396, 11818
1594, 3046, 3216, 3492, 3852, 3940, 3976, 4415, 8334, 9883, 10285, 11581
3755, 10771
24, 4863, 10086, 10087
3295, 5769, 6983, 7662, 8419, 9675, 11564, 12155, 12944
2171, 4553, 5993, 7040, 8606, 9239, 9403, 11457, 11521
485, 1880, 3025, 3545, 4134, 6047, 6175, 7931, 8726, 8732, 11663, 12339
1094, 3040, 8404
43, 1562, 2659, 3037, 4159, 4442, 4533, 4963, 8215, 8905, 10228, 12602
8833, 11282, 11872
9499
5844, 5981, 7964, 8628, 13091
5742, 7676, 9531
6903, 10369, 11000, 11560
467, 3138, 7439, 8335, 8958, 10022, 11062, 11456, 11472
235, 2695, 7141, 7527, 8614, 10596
2303, 7324
4136, 6437, 7734, 9177, 10128, 10168, 10323, 12928, 13116
169, 1935, 5080, 8627, 11602, 12201
304, 1100, 8782, 10286
23, 183, 725, 874, 1342, 1623, 2413, 3813, 4880, 6569, 9013, 10100
335, 1226, 2271, 2272, 2274, 2376, 4057, 4058, 4063, 12246, 12250, 12772
2896, 6601, 13272
789, 7765, 10890
3975, 4841, 6395, 7701, 8717, 10742, 12736
277, 9661, 11603, 12200, 12201
2319, 3243, 3392, 4713, 4902, 5106, 6678, 7391, 8537, 8539, 8540, 10306
4548, 6444, 8371
4934, 5385, 5585, 6320, 7438, 8403, 9206, 11182, 12235, 13351, 13367
3207, 7159, 8684
164, 1075, 1894, 2403, 3432, 4472, 4641, 6964, 11081, 13524, 13525, 13527
2013, 6159, 7393, 9448, 9691, 9722, 10033, 10293
1136, 6041, 12328
4120, 5054, 7737, 8995, 11927, 13258
1083, 1455, 6959, 7022, 11607
2012, 2475, 3752, 4625, 4910, 8461
1305, 1445, 2780, 3080, 3210, 3832, 4445, 4577, 7669, 7973, 12449, 13426
1661, 2585, 4283, 7226, 11805, 13117
6687, 11140, 11142
7077, 11412, 13305, 13306
2455, 3361, 6499, 6770, 6941, 7150, 7949, 8483, 9538, 10605, 12234, 13093
2162
3593, 6939, 12275
233, 1613, 2220, 2589, 2910, 3222, 4008, 6050, 6409, 6672, 7768, 8311
2001, 6148, 6506, 7740, 9195
1858, 2125, 2126, 2127, 2128, 5899, 6669, 8803
2288, 5579, 9431, 11546
738, 1890, 2534, 3296, 4214, 7416, 9918, 9984, 10518, 13177
3376, 3524, 3751, 4313, 7208, 12269
5201, 11109
11871, 12511
4571, 5056, 11124, 12784
3473, 3777, 4104, 4218, 4714, 8901, 8942, 9410, 10867
2773, 3347, 3946, 5095, 11131, 11365
5337, 7096, 10880
346
3717, 4188, 4941, 4966, 5339, 5528, 5930, 7123, 7155, 9553, 10917, 12289
1960, 4328, 4329, 4330, 8257, 8392, 11216, 11937, 11938, 13233
1451, 4934, 5302, 5385, 5585, 5602, 6360, 7540, 10131, 12235, 12493
2614, 8155, 13009
2318, 7024, 7394, 7419, 9904, 10026, 12729, 12966, 13314
2137, 4328, 4329, 4330, 8392, 11216, 11938, 13233
201, 4381, 8125
5036, 9336, 9718, 9719, 9720, 12419
7985, 7986, 7987, 13430
762, 1472, 2407, 6116, 6513, 7517, 9573, 10668, 10708
940, 1030, 2470, 3169, 3886, 6000, 7034, 8983, 12083, 12255, 12806, 12845
1564, 6051, 6523, 10662
1284, 8303, 8339, 8692, 9685
881, 1046, 3214, 5808, 7405, 7504, 7754, 10317
56, 699, 2463, 4106, 5040, 8546, 9296, 11495, 11918, 12391, 13301, 13303
655, 1951, 2561, 4465, 4588, 5985, 6033, 9576, 10356, 12011, 12136, 12790
536, 3561, 4690, 4921, 6880, 10145, 10254, 13134
815, 1418, 1763, 6481, 10167, 11877
144, 2651, 2652, 4180, 5031
280, 1139, 6904, 11191, 12891
4067, 6989, 10242, 10805, 11022
179, 3415, 4582, 6805, 6814, 13302
639, 1932, 5260, 6459
837, 2902, 10835
7727, 10830
2148, 9633, 10221
4748, 7491, 8701, 9302, 10533, 12175
3096, 3112, 3849, 4262, 6084, 6258, 7443, 8098, 8170, 8399, 9756, 10084
1077, 7357
1774, 3529, 8187, 10114, 11267
456, 798, 2275, 5718, 6521, 6659, 9952
1441, 4436, 6381, 6981, 7233, 8531, 11072, 11940, 12574
2346, 2347, 4126, 4892, 6868, 7231, 9266
566, 6188, 6189, 9014, 9016, 9019, 9022, 9033, 9034, 9036, 9038, 10132
6029, 6658, 9238
566, 6189, 6194, 9014, 9022, 9029, 9030, 9033, 9034, 9752, 12046, 12047
456, 798, 2275, 3564, 5718, 6521, 6659, 9952
56, 736, 2265, 6540, 8521, 8546, 10607, 11495, 11592, 12003, 13016, 13301
1510, 2108, 3798, 4342, 4961, 5079, 5986, 6548, 7151, 7614, 8376, 8558
265, 1690, 9522
1573, 5421, 11325, 12620
181, 843, 870, 1527, 2749, 5716, 5788, 8783, 9451, 9612, 9828, 12228
43, 1101, 2659, 2989, 3615, 3684, 3958, 4442, 6937, 7775, 8905, 10228
8598, 8599
2046, 4696, 7209, 11605, 11606
1096, 1201, 4587, 5436, 7272, 7624, 8740, 9089, 12352
6282, 7043, 8105
972, 2164, 2721, 5322, 5821, 9142, 10901, 11214
5104, 5705, 5719, 6545, 6673, 8149, 11486
5625, 8711
2919, 3200, 3338, 4398, 4928, 5126, 6830, 10008, 10191, 10308, 11080, 11813
1708, 9232
4448, 5089, 6307, 7167
1809, 3688, 3709, 6841, 10863, 11427, 11428, 11429, 11649, 11923, 12036, 13223
727, 1197, 2049, 3006, 4757, 5339, 8924, 9243, 9380, 9727, 10096, 11447
3105, 8158, 10858
4208, 4245, 6650, 9987, 12438
436, 629, 1538, 1539, 2134, 6432, 8157, 12763
8938, 9991, 10455, 10940
7592
924, 1537, 1548, 2727, 3716, 4532, 6648, 10205, 11327, 12873
1177, 1383, 2717, 7081, 7631, 12601, 13312
1648, 1693, 7331, 7336, 8132, 11360, 11711, 12430, 12720, 13151
7426, 7427, 7428, 9274
5423
2230, 3172, 5112, 5538, 5701, 5872, 11297, 11896, 12866, 12878
539, 2734, 3830, 4460, 4607, 5861, 6975, 8529, 8791, 10384, 10556, 12432
4079, 13238
1710, 2331, 4273, 6145, 7726, 9690, 11435, 12482, 12560
798, 2275, 3564, 6521, 6659, 9952
1403, 1458, 5212, 5731, 5938, 8294
4673, 9674
351, 892, 2079, 2217, 3843, 7369, 7605, 8411, 9574, 10282, 10500, 10871
1217, 1613, 2589, 6644, 6672, 7595, 7768, 8448, 8662, 10112, 10911, 11812
1628, 1929, 5375, 6347
1778, 8797, 11247, 11409, 11841, 12310
4130, 4254, 5763, 6519, 8250, 9893, 10429, 10502, 10732, 11701, 12664, 13010
95, 726, 3232, 3418, 4781, 4905, 7710, 8237, 12442, 13352
1594, 3046, 3216, 3852, 4096, 4415, 4602, 5035, 5637, 6292, 7097, 8334
3824, 6902, 8036, 8918, 9765, 11779, 11870
4245, 6650, 9987, 12438
385, 1819, 2251, 2929, 2996, 3568, 3811, 7896, 8017, 10051, 12287, 12323
3558, 4523, 7105, 8642, 13159
403, 428, 505, 3996, 4622, 4763, 6238, 8277, 8908, 9319, 10560, 11722
5643, 12825
13028
2378, 3580, 8587, 9466
1377, 1933, 4140, 8082
2051, 3981, 5931, 6254, 7163, 10181
1710, 2331, 4273, 7726, 9690
566, 6188, 6189, 9014, 9016, 9019, 9020, 9021, 9022, 9026, 9033, 9034
730, 1451, 2537, 4934, 5302, 5385, 5585, 5602, 6643, 9762, 12280, 12493
6145, 7726, 9690, 11435, 12482, 12560
3274, 3681, 4197, 5361, 6048, 8244, 9463
6384, 8114, 10339, 12332, 13019
28, 573, 974, 1175, 1185, 1295, 1868, 1941, 2522, 3451, 9921, 12595
934, 6057, 6101, 10640
233, 1217, 1613, 2220, 2589, 2910, 3222, 4008, 6050, 6409, 7301, 7595
755, 4946, 8615, 8877, 9225, 9781, 11317
3527, 8724, 11412, 13306
941, 1555, 1849, 9754, 11228, 13243
691, 1072, 1306, 1598, 2191, 2799, 3373, 4022, 4640, 10353, 10746, 12603
2238
1289, 1965, 2892, 2986, 3341, 9061, 9138, 9652, 11029, 12456, 12465, 12691
4117, 5351, 6870, 8407, 11217
1330, 4466, 5222, 7615, 8243, 10199, 10661, 12142, 12315, 13008, 13029, 13291
115, 3575, 4122, 4157, 5284, 7532, 7599, 8152, 11020, 11451, 11585, 13107
315, 316, 405, 2704, 3661, 3662, 5642, 7760, 9080, 12732, 13175, 13274
1529, 6855, 7485, 8094, 11700, 12761
10140
1500, 1836, 2020, 4024, 4418, 5878, 5900, 6242, 6331, 6541, 10099, 10819
3563, 4296, 7172, 9640, 12778, 13240
1197, 3006, 4526, 4757, 7836, 8924, 9243, 9380, 9727, 10096, 11447, 12767
1260, 1261, 1262, 1263, 1266, 1267, 1268, 7778, 7780
1115, 2880
6754, 10167, 10776, 11877, 11941, 12570
3527, 8724, 11412
28, 267, 557, 1185, 1295, 2522, 2985, 3706, 5646, 7510, 12467, 12595
1587, 3683, 4934, 5385, 5585, 6118, 6320, 8403, 9206, 11182, 12235
1390, 3718, 7242, 7953, 11868, 12041, 12841, 12886, 13092, 13183, 13203, 13496
238, 950, 1685, 4273, 4371, 5430, 6974, 8562, 9282, 9625, 10709, 10801
591, 592, 3655, 8110, 13553
7720, 8887
8072, 8255, 9314, 9569, 9584, 9585, 9586, 9587, 9602, 9885
299, 300, 6417
265, 1690, 2674, 9522
300, 714, 6417
2435, 3676
817, 1412, 1733, 1875, 2320, 3683, 4444, 5585, 5602, 9958, 11182
549, 692, 1631, 2136, 2592, 2730, 3074, 3685, 7050, 9518, 10514, 12427
1446, 3309, 11164
727, 1197, 3006, 4757, 7836, 8924, 9243, 9380, 9727, 10096, 11203, 11447
10396
2454, 6483, 6671, 8279, 10949, 10950, 10951
355, 970, 2624, 5524, 7218, 11107, 12015, 13365
549, 692, 1631, 2730, 3074, 3685, 5828, 9518, 10514, 11171, 12427, 12708
6057, 6101, 10135, 10640
176, 2586, 5963, 6128, 7332, 8021, 8039, 8367, 11309, 12337, 12699
3359, 3360, 3957, 6971, 12160
1985, 3672, 6676, 7672, 7965, 9776, 9958, 13189
552, 1062, 2311, 2837, 4704, 4829, 5959, 6495, 7027, 7216, 8171, 13067
940, 2470, 2828, 3169, 3886, 6000, 9371, 10232, 12083, 12185, 12837, 12845
1481, 1482, 1484, 2461, 4998, 7920, 11693, 12612
456, 798, 2275, 3564, 5402, 5718, 6521, 9952
5253, 7342, 8921, 9696, 10220
2318, 7024, 7394, 7419, 9904, 10026, 10180, 12729, 12966, 13314
5, 638, 9148, 10766, 10958, 11341, 13037, 13059
1291, 1830, 5014, 9628, 10377, 10381, 13360, 13361
835, 1042, 1332, 1435, 2044, 3632, 5263, 5320, 6493, 8054, 12571, 12587
1099, 2911, 6984, 10180, 12729, 12966
3550, 4446, 6693, 7583, 9484, 9545, 9994, 11702, 12292, 12557, 12871, 13055
566, 6188, 6189, 6190, 9014, 9016, 9022, 9029, 9033, 9034, 9036, 9038
730, 1451, 2537, 5302, 5385, 5969, 7021, 7540, 9335, 9762, 10554, 12235
304, 1100, 10286
485, 3025, 3545, 4134, 5853, 6175, 7931, 8726, 8732, 11663, 12339
8003, 9617
3319
808, 6398, 10434, 10435, 10436, 10437, 10622, 11352, 12195, 12196, 12198, 12472
2831, 5996, 7929, 10565, 11747
1862, 1956, 6583, 7269, 7541, 7571, 8914, 13021, 13369
9467
3742, 6215, 6458, 7892, 8205, 9318, 9487, 10066, 10792, 11930, 12407, 12417
939, 1591, 3961, 4589, 6509, 8381, 10645
737, 6733, 8209, 8307, 10103, 10367, 11725, 12095, 12548
841, 3740, 6633, 11146, 11653, 11716, 12262, 12340
2431, 3287, 4352, 4493, 6355, 9229, 9946, 12480
736, 909, 1961, 2265, 7374, 7470, 7796, 9074, 10607, 11592, 12003, 13016
1583, 5228, 6061, 6126, 7421, 7994, 9549
686, 687, 688, 689, 4354, 4355, 4356, 4357, 4358, 4359, 4360, 7213
1978, 12176, 12742
1702, 2291, 2611, 11285
1092, 1355, 2480, 3509, 10762, 11364, 13341
19, 1078, 1804, 2844, 3601, 4810, 5960, 10305, 11957
2891, 3158, 7555, 10130
850, 1408, 5452, 5810, 5811, 5812, 6690, 8603, 8604, 8970, 9570, 10461
850, 1408, 2050, 3010, 5452, 6491, 6690, 7501, 8605, 8970, 10582, 10964
1480, 5084, 12272
7110, 10897, 12405
1581, 2536, 2905, 3329, 4624, 5335, 6425, 6778, 6797, 12284
1594, 3046, 3216, 3852, 4096, 4415, 4602, 5035, 5637, 6292, 8334, 13545
3977, 9406, 10891
7236, 7417, 7418, 7544, 7545, 7546, 7549, 8526, 8794, 9141, 9145, 11789
5026, 13366
1294, 1944, 2016, 2550, 3881, 6872, 8084, 8342, 11148, 12986
10663, 10664, 12412, 12421
863, 1457, 2641, 2650, 4637, 5146, 5615, 6747, 7471, 7860, 9136, 9838
1694, 4103, 5308, 7194, 10462, 10515, 10587, 11744
817, 1412, 1733, 1875, 2320, 3683, 4444, 5585, 5602, 6587, 11182
7581, 8214, 8841
687, 3369, 4357, 4358, 4361, 4362, 5672, 7213, 7234, 7235
216, 1229, 1824, 1854, 3395, 3506, 4007, 5161, 11431, 13166
380, 9975
34, 7623, 8907, 9317, 10157, 10363, 12064, 12822
1625, 2021, 2769, 5450, 7748, 8002, 9048, 9388
8555, 8978, 10790, 11374, 13428
2227, 3355, 5299, 5362, 5789, 6745, 6850, 8834, 9121, 9642, 11298, 12959
7157, 8018, 9130, 9618, 13163
693, 8886, 11024
1798, 2087, 4977, 8492, 11018
1152, 1379, 2165, 2404, 9068, 12009
9638
6647, 9605
4960, 7129, 9810, 9811, 11637, 13332
291, 292, 3546, 10975, 11053, 13149
32, 1081, 1082, 1485, 2504, 3408, 7867, 8079, 8530, 11792, 12277, 13235
1254, 2098, 2742, 2897, 4331, 6284, 6625, 7039, 7323, 7456, 7810, 9761
23, 183, 725, 874, 1342, 1623, 2413, 4410, 4880, 9172, 10100, 11568
736, 909, 1699, 1961, 2265, 7374, 7470, 7796, 8445, 9074, 12871
680, 3664
585, 1323, 1825, 10343, 10992, 13192
406, 1533, 2092, 4065, 4683, 6876, 8384, 11729, 12593, 12910
1338, 1845, 2473, 6271, 6867, 6883, 9773, 10279, 11965, 12536, 12705
2771, 3095, 9221, 11135
3309, 3515, 11164
239, 423, 3059, 4772, 5219, 5257, 13385, 13400, 13407, 13493
2012, 2475, 3752, 4625, 8461
510, 564, 683, 1301, 2270, 5163, 5631, 10471, 11931
176, 905, 2157, 3536, 5870, 5963, 7332, 8039, 8367, 11629, 12337, 12699
229, 2109, 2726, 3736, 8563, 12245, 13130
846, 1071, 1242, 10225, 11626, 11627
229, 2109, 3736, 12245
1370, 2923, 4118, 9616, 10430
1458, 1907, 3323, 3891, 4306, 4765, 5072, 5212, 8089, 9769, 10409, 11721
793, 10579, 11176, 13184, 13199
38, 2012, 2475, 3752, 4625, 5156, 8461
754, 6654, 10149, 10559, 11193, 11815
549, 692, 1631, 2136, 2592, 2730, 2731, 3074, 3685, 10514, 12427, 13046
2975, 3189, 3768, 4399, 11623, 12177, 12579
114, 3032, 4923, 5586, 5599, 7866, 10604, 11049, 11648, 12135, 12265, 12848
2013, 6159, 7393, 9147, 9448, 9691, 9722, 10033, 10293
1836, 4024, 4418, 5272, 5878, 5900, 6242, 6541, 7553, 8240, 10099, 10715
164, 2403, 3490, 4472, 4641, 8116, 8844, 10702, 11625, 12828, 13524, 13527
43, 1101, 2659, 2989, 3615, 3684, 3958, 6937, 8905, 10228, 10946, 12602
1155, 3799, 4791, 4792, 5595, 7134, 8118, 8650, 12424, 13262
1985, 3672, 7672, 7965, 9776, 9958
351, 892, 2217, 3843, 7369, 7605, 8411, 9574, 9711, 10282, 10500, 10871
1158, 2729, 3466, 3901, 4181, 6701, 7309, 7310, 7704, 8543, 10182, 12261
7766, 9850
3167, 12718
1862, 3763, 6583, 8101, 13021