442 1166 1283 4465
200 672 702 978 1311 1440 1661 2761 2799 2885 3258 3316 3943 3967 4671
209 865 926 1433 1687 2613 3159 3516 3635 4052 4682
182 349 2312
191 1753 2869 3877
1063 2096 2281 3113
542 1504 2626 3434 4566 4858
469 895 999 1582 2785 4065
478 2544 2685 2808 2817 3043 3722 4991
245 4448
119 1451 2841 2856 3301 3834 4043
406 868 1025 1728 2427 2473 2861 3146 3234 3460 4472 4494
487 604 675 791 1145 3173 3615 4213 4430 4604 4857
436 490 569 598 2385 2656 2741 4560
95 552 1010 1404 2260 2455 2804 2940 3213 3688 3767
1272 1306 1410 1792 2339 2349 2580 2911 3432 3878 3971 4022 4199 4350 4391 4656 4697 4739 4831 4912
391 607 705 734 1058 2564 2610 3008 4316 4400 4802 4882
984 1547 2121
410 427 2370 2576 2787 2906 3028 3040 3583 3989 4055 4451 4695
194 723 1325 1537 1772 1868 4201
1298 1785 3407 3822 4389
409 919 2637 2688 2851 3514
418 1093 2353 3124 4728
628 762 1445 2032 2590 2777 2958 3535
185 529 656 670 956 1551 1721 1900 2133 2670 3606
167 229 2464 3262 4829
400 717 1020 1474 1588 1616 2526 3384 3843 4514 4726
32 906 1108 1128 1328 1471 1538 2673 2956 3886 3981 4147 4360
364 476 1214 3261
382 1226 1294 1629 2155 3476 3554 3720 3972 4392 4532 4598 4751
454 1001 2678 2827 3165 3504
140 1158 1679 3892 4372
1733 2795 2866 4097
744 1111 2807 3233 4852 4951
273 1019 1037 1851 2369 2420 2507 2596 3022 3391 3405 3737 3942 4335 4393 4417 4531 4860
555 583 776 1526 1589 2019 2317 2328 2439 2501 2895 3383 3439 3859 4104 4439 4506 4521 4544 4854 4878
809 1931 2343
608 1027 1067 1512 2987 4704
35 663 932 1630 2623 2645 3556 3672 4579
606 1393 1414 1925 3292 4085 4265
635 905 1418 1906 2197 3427 4780
44 128 1891 1915 1954 2070 4111 4330 4344 4436
430 594 644 730 781 1021 1206 1252 1316 1394 2321 3151 4309 4326
304 1339 1719 2348 2484 2629 3856 4583 4659 4700
421 1110 1372 1384 3225
601 621 1241 1466 1867 2109 2762 2881 2899 3009 3181 3188 4411 4647
116 690 2444 2618 4843 4897
617 977 2253 2758 2764 3983 4822
98 1764 2152 2506 2551 2594 2632 2880 3876 4091
71 732 3036 3071
385 740 1499 1727 2903 3290 4592
322 1349 1942 2149 2814 4449 4808
11 503 782 1296 1752 1831 1927 2327 2384 2742 3168 3868 4167 4253
397 970 1130 1765 1866 2527 3374
56 965 1536 1982 2147 2873 2988 3202 3562 4279 4419 4642
262 1718 2257 4129
298 1579 2615 3029 3690
213 379 1274 2008 4655
1251 2997 4208
244 1250 1503 1778 1779 2437 3329 3371 3982 4336
226 545 927 1936 2143 2145 2976 4317 4892
361 489 739 929 1570 2667 2728
798 1030 4670 4853
235 2413 3343
65 1013 1126 1260 1462 1632 2045 2117 3490 3596 3908 4725 4890
271 441 592 1405 2702 3757 4126 4887
280 1046 1412 1599 2454 2520 2680 3385 3529 4710 4752 4756
301 509 899 903 961 1172 1299 1416 1723 2157 2566 4362 4731
748 847 990 1103 1739 1987 2533 2548 3761 4047 4830
337 1535 4303
211 834 916 1518 3612 3696
62 283 1858 2537 4029 4757
292 752 1065 1439 3027 4235 4997
166 2457 4380
328 676 2322
220 1207 1880 2969
501 1114 1382 1610 1650 2247 2986 3208 3502 3644 4672
202 1775 2293 3412 4946
483 902 1185 1506 1623 1953 2092 2534 2614 3478 3705 3743 4027 4242
612 1401 1701 1786 2458 2593 3088 3141 3918 3919 4596 4970
151 1678 2323 4900
223 1340 1699 2452 3318 3647
250 544 1011 1704 2292
55 232 4059 4665
259 3947
438 584 894 1228 1341 1995 2642 2893 4024
124 638 2542
447 684 743 796 1137 2605 2677 3031 3970 4742
133 810 1127 2578 3105 3681 4600
106 943 1470 1651 2239 2738 3254 4386 4437 4582
1681 2204 2415 2567 3870 4716
214 737 758 1038 1190 2190 2219 2417 3042 3152 3350 3719 3915 4438 4626 4718
652 1147 3220 3458 3558 3881 3888 4536 4708
169 4701
241 867 881 1271 1336 1804 1992 2789 2820 2830 3444 3474 3992
901 1068 1174 1188 1449 1662 2036 3388 3949 4463
181 623 873 2683 2938 3627 4121 4173 4804 4911
477 660 1801 3752 4988
387 3430 3905
664 1053 1392 1555 1863 2308 2340 2941 4151 4345
1933 4202 4821
127 807 991 1155 1364 1528 1691 2378
217 1438 3889 3922 4132 4595 4986
671 914 2240 2265
199 495 1730 1813 1827 3018 3568 3602 4743
91 731 996 1768 3747 4135 4221
820 2495 2900 3197 4094 4301 4502 4814 4932
405 1495 1706 2214 2930 3046 3351 4318
64 1376 1749 4241
1498 2713 2751
685 1066 1991 3287 3509
85 680 1230 3545
58 467 539 888 3335 4591 4740 4828
139 2545 3174 3584 4485 4540 4662
390 1047 1165 1248 1677 2148 2280 2479 2835 2936 3226 3744 3806 4231 4548 4613 4649
372 557 797 995 1575 2026 3271 3386
462 2858 4567
157 855 1060 1347 2222 3613 3669 3964 3979 4001 4788
22 736 882 918 1107 1573 2665 2980 3080 3440 3937 4100 4230 4337
86 1517 4013 4080 4209
103 134 1751 2697
112 647 930 1255 1289 1357 2494 2689 4072
94 318 857 1355 3591
16 482 840
97 1924 2084 2200
312 1004 1245 2448 3741
348 403 578 631 724 1184 1686 1894 1944 1962 2038 2163 2405 2406 2432 2503 2676 2686 2780 3044 3112 3638 4256 4546 4630
393 531 2135
79 570 1365 1707 1805 2984 3061 3284 3475 3493 3852 4313 4415
402 1500 3931 4455 4870
70 323 666 1189 1192 1313 1664 2088 2549 3191 3453 3921 4113 4138 4549 4603 4974
43 309 889 1099 2126 3339 3779 3781 3795 4434
1045 1377 2111 2699 3652 4509
267 1465 1855 1918 2718 2874 3604 4795 4800 4908
25 2181 2389 2589 3733 4054 4968
339 973 1781 2524 2627 3668 4245 4382 4758
366 616 815 2122 4191 4322 4749
321 1461 1973 2011 2913 3253 3950 4611
1171 1223 1613 1795 2727 3075 3640 4248 4561
306 707 1577 1821 2352 4171
688 1735 2695 3755
333 609 728 800 922 998 1755 1769 2031 2233 3063 3902 3925 4395
1417 1446 1811 2054 3177 3932
264 425 624 1910 4035 4289
324 1560 1574 1938 3171 3532 3539 4889
198 1247 1615 3533 3540 4511 4702 4835
252 258 2917 4976
279 1952 2108 3497 4680 4836 4865
184 1359 2334 2962 3527 3651
554 588 835 1399 1460 1712 2171 2188 2485 2525 2571 2839 2852 2876 3683 4178 4734 4971
843 2267 2512 3217 4711
525 994 1635 2105 2375 2562 2647 2652 2714 3120 3169 3565 4366
315 1122 1197 1557 2848 3572 4953
497 1070 1327 2150 3379
183 701 1290 2357 3085 3788
156 1585 2658 3841 3941 4243
255 2536 2733 3068
1131 1213 1258 1968 2184 2809 3056 3218 3222 3369 3730 4044 4218
833 980 1235 1644 1669 1869 2154 2909 2937 3844 4192 4753 4785
452 822 1101 1121 1146 1220 1626 1797 2013 2025 2203 2920 3356 3617 3714 4966
275 334 2870 2970 3521 4926
60 563 2055 2335 3623 4234 4321 4340 4370
575 1696 2035 2288 2822 3278 3397 3645 4454 4520
87 524 582 2346 4777
96 1980 2297 2397 3091 3702
168 1125 1391 2178 3183 3187 3192 3586 4060 4262 4691 4930
13 177 453 874 2176
383 1530 1846 2709 2892 3145 3946
392 1064 2621 2712 2748
132 567 629 1397 2603 3625
446 1554 2766 3310 4011
105 1016 2438 2634 2732 4244 4588
455 492 767 890 1566 2806 3166 3914 3978 4295
123 510 3060 3447 3515 3848 4610
204 876 988 1422 1837 1843 2073 3544 3901 4781
540 574 694 3097 4355
78 120 648 1777 2550 2745 3526 3541 4057
431 522 655 768 827 896 1369 1542 1663 1790 2138 2482 2651 2754 2901 2919 3002 3456 3528 3756 3826 3920 4418
63 533 2028 2063 2767 3268 3373 3790 4383 4855
99 2435 2947
395 1120 3549 4407 4916 4956
54 989 1307 1319 1421 1657 1708 1788 1822 2091 2161 2355 2671 2739 2752 3023 3646 3928 4527 4661
341 1722 1829 2631 3491 4562
422 745 2624 3243 3245 3472 3473 3697 3791 4197 4405 4574
171 1015 1889 2234 4884
377 1191 1221 1265 4552
413 793 928 972 1040 1263 1520 1782 1947 2331 2391 2513 2570 2991 3084 3274 3510 4117 4443 4762
513 530 893 1181 2191 3998
485 1845 3308 4616
611 733 964 1262 1406 1684 2065
126 1368 2793 3416 3863 4158 4215 4528
162 819 1180 1285 1291 1346 1553 1743 1758 1919 2461 2896 3167 3180 3814 3980 4840
27 907 909 1676 2195 2653 3426
368 646 1467 1875 2177 2238 4652
36 848 1194 1337 1534 2313 4250 4364
770 957 1115 1923 2174 4374 4631
449 2232 3588 3909
458 760 1118 2115 2374 2655 2950 3486 4004 4310 4764
1475 1476 2694 3991 4149 4643 4732 4837
18 3424 3721
346 389 457 697 2113 2855 3001
263 268 712 1490 2266 3435
344 2093 2398 2836 2912 3716 3726 4495
931 1024 1396 1688 2556 4851
12 764 1639 4227 4792
640 853 2162 2477 3736 3994 4468
380 879 987 3096
679 1044 1232 1556 2316 2366 2540 3337 4938
572 1305 1985 2476 2790 3592 3803 4019
290 581 614 832 1682 1756 2648 3021 3118 3537 4093
142 871 1042 1419 1643 1654 1902 2951 3117 3637
39 1508 4409 4488
589 787 4522 4934
398 407 1971 2399 2515 4856
537 708 958 1216 2332 2509 2553 3003 3247 4477
753 1105 1387 1402 1833 2198 2768 3336 3664 4597 4601
746 3555 4226 4733
230 291 585 622 2650 3717 3837
51 1098 1116 1546 1653 1789 1810 2142 2220 2486 2617 2871 3421 3465 4012 4016
257 1219 1621 2248 3204 4791
24 415 884 1071 1239 1413 2392 2682 2879 3354 3571 4165
938 1278 1450 3523 4580
576 716 726 1558 1873 2730 3582 4440
347 2371 2555 3534
374 518 1361 1914 1978 2136 2403 2706 3406 4123 4343 4771
6 419 1300 2757 3986 4000
351 423 2282
3 302 955 1370 3414 3506 4014 4233
203 850 2309 3133
1344 1646 1899 1907 1957 2286 2965 4955
293 1983 2003 2042 2436 2498 3140 3764 3786 3820 4092 4286 4311 4467 4492 4635
239 802 1266 1273 3817 4103
2018 2075 2691 3282 3626 4210
493 2365 2884
179 1934 2079 2249 2898 3216
152 993 1841
188 571 599 1950 2828 3280 4875
645 883 959 1916 3186 3256 3443 3771 3819 3988
269 1720 3382 4160 4297 4329
475 971 1576 1591 1692 1808 2083 2904 3269 4124 4768 4789 4874 4898 4943
287 2946
161 3307 4287 4471 4729
242 278 801 814 1036 1193 1670 1909 2431 3413 3610
197 2057 2116 2711 2829 3034 4030 4351 4587
1088 1911 2100
206 667 911 1878 2744 2863 2943 3237
233 1948 2294
527 804 1267 1321 1454 1491 2130 2607 3121 4216
305 1469 2756 4068
0 465 3212 3662 4105 4503
