164985 225214 232761
105089 282815
167906 288975 421279 442612 451312
231953 523128 518997
160294 304770 135499
112814 112823
200103 220085 311307 359487
522928 447268
179001 391697
21166 207188 405926 531532 540207
118948 209822 455700 482725 191846
55727 78359 335007 170327
14960 353462 473895 232272 329263
302489 363427 363428 363419
475234
12147 73388 269070 439998 178783
82995 156987 280502 236045 24632
42888 217362 58675
4092 104191 341575 389644 413419 128901
301834 353399 497007
213603 213604 213613 213615 213617 249025
58633 340186
219649 233695 337976 337981 444709 499056
266568 340791 412272 453272 526727
99505 126694 133115 264885 522555
75000 156489 207684 278335 321867 388736
58989 219743 219746 219748 219755 398509 529963 543367 99443
74354 128808 201212 345411 376224 431343 432551 484443
15463 62494 85494 167886 193021 284926 345133 482079 517035 526381
242898 273685 343188 365944 405248 485768 67152 108939
12526 33054 346440 501788 538991
169543 219957 284749 346229
100579 137990 373778 428792 483698 30704
104761 166117 193805 245190 262219 484283 521532
11799 11804 147132 449388 452567 533929
76799 228369 228371 406903 526356 540519
32428 118086 323498 367483 411766
10054 26713 58514 70100 75004 96488 163865 172242 172243 219976 219977 219978 219980 228233 228236 228239 236243 247838 248267 292202 312163 336176 336180 336198 360344 397072 415652 430126 435244 435249 446646 448629 502394 535490 68779 312177 284405 488132
135652 152314 172487 220229 249463 340532 389009
14859 27964 159043 223851 358132 459043
8495 150048 164309 221460 243178 281604 292542 377561 426350 449280 498126 520322 532147 4484 5437 9656 38463 45600 54536 132870 148248 169736 170987 195830 202401 217014 313050 315910 337062 339961 373268 379472 382714 396419 407156 447954 451248 462111 470171 475223 499218 517835 534133 174295 355554 254311 405500 532348 402444 377672 529422 386545 446024 450407 495028 263950 285990 425449
45157 304504 45156
132737 135088 364856 428580 428582 474613 516378
8157 404155
5384 110507 110512 110748 192985 372395
65390 180936 214026 319423 367843 295115
25705 176603 288881 343798 402905 464872 231588
7916 86421 88597 126382 153577 188170 200838 214804 226320 251763 264382 266291 288764 370403 430441 476094 476822 535698 425892
119540 273430 538298
20182 20183 20185 20186 2770
413095 413096 463313 463934 161006
226933 288773 354406 395260 433116
66912 219322
353654
29159 188735 292677 411328 464161 476644
12695 18212 30775 41151 77284 175318 272501 283732 292732 356320 356330 357741 387065 395079 399629 418333 453457 531440 535087 543005 475951 542979
261804 334721 358944 469808
136220 136222 267333 543483 406400 438775 540298 175072 177231 306263 402571 283378 127683
116154 291163 521598 531640
48386 157449 181471 197675 229780 294731 335993 355487 509571 537966
449093 315381
38504 65004 163914 189007 269696 345010 436194
23338 53654 74163 424802 450237 535531
10861 500504
68127 70872 224925 350881
66620 506788
71651 136931 344376
93003 163816 212108 347287 387941 422973 536483
221215 230413 246114 270592 344634
90508 241677
47947 162804 538948
28346 382295 493122 122368
68164 90017 164035 209103 221076 234757 344437 386267 395500
1602 316508 365982 382058 417272 425507 495172 523055 330542
54 135014 159866 178505 202793 242523 334058 370632 394570 442252 522777 418374 529701
26093 291832 383968
20193 22379 28496 52859 93556 212817 231533 429802
10980 68852 384492 520171
57824 82730 90608 107186 109422 328644 377039 391732
274969 331646 437618 514322
41233 46638 93866 149190 154979
17348 47156 63867 303329 312849 351508 353748 361150
120942 146227 213167 267988 278186 394142 452083 508006 300388
52177 342582 343803 357139 397652
59586 60022 100707 119487 128025 143005 166165 166170 166173 167893 191264 191279 244171 307846 424622 424626 505371 505374 533174 68775 188036 269006 501967 505359 534471 256475
57001 121673 165419 387878 433912 458054 534457
138094 164230 290174
88567 208899 317988 510762
13837 293389 382801 392824 430704
56630 142980 205060 287196 356294 380243 448373 454314 500534
39024 340358 346686 348122 382265 406622 461663
11426 31915 31935 56368 79164 132000 476278 538265
4891 154368 240949 346810 391006 434525 482090 540862
74497 243985 456156 494652 509251 535871 506413
42761 58894 102756 108405 172687 173342 329503 387236 426707 455994
21397 147833 193216 202424 285022 416667 421706 533455
144045 156667 194080 365781 367283 386697 445264 173236 169044
100897 268935 276495 341825 448472 448478 448479
100394 173813 186430 396870 536290 428880
193203 228571 253308 460939
132950 176263 176270 202686 222274 274441 305768 415354 482125
350365
189330 199812 220034 382482 526388 186907
8680 40204 60792 136948 406220 432419 442368 455693 466569
30623 76457 104494 136452 173156 308223 407878 431590 535009 410225
13507 52414 73606 77307 101960 114258 136805 162278 182520 326114 350260 362817 363913 365166 392538 411500 445249 472275
55047 109596 311842 313452 315852 335798 359987 407773 431823
42828 329732 440992 459589 493912 499772
69474 378519 426387
16111 97128 97129 97202 216065 268915 280334 16109
130722 203259 234035 341428 452316 463827 488085
241113 246708 330294 354519 531771
13083 50229 74914 138186 161631 301328 384358 438144 511464 408215
190422 542889 542891 542893 543618 543619 543620 246920 257956
93424 473657
94085 98742 152903 226158 274813 544421 545678 545919 546598 240113
51162 294043 362026 470113 482419 507403 528331
117609 173667 305042 306504 327667 423171 438183 490100
299655 331526 387434 505148 540854 163452
55243 78826 103520 188784 274519 286707 293921 405928 440458 64882 293946
64751 214829 250005 253000 308617 331600 392902
12742 242504 352232 372442 425543 428381 470671 485488 54178
12681 112668 120631 280772 280779
42284 52236 140949 165131 197609 353245 400218 500904
222855 226168
14254 17479 19463 40144 64777 73725 217657 363008 487180 233388
157587 286107 479118
32531 434086 458489 523392 535215 535702
241283 309494
113905 188421 205459 210414 258181 338280 339151 411938 432420 456517 499824 528406
54237 139208 161829 215794 253322 269821 291619 387913 446679 507731 507736 507737 507750
33116 95736 200577 220425 237846 252872 338819 518003
80144 205236 212864 212867 212869 223206 434083 495397 171238
5582 193375 213676 329508 339289 350684 374744 495203 335028
59509 68430 84384 93341 172036 294094 310314 504212 537726
36240 93547 108203 344212 375470 419212 501901
35284 59771 109204 124094 149985 153287 222178 308746 329470 504430 408058
63076 67221 182616 249104 274294 354326 438866 463165 465766 484041 254448
20676 60967 70797 114872 222386 228567 269750 350356 388751 509194
46750 134247 171553 223767 258658 306262 442607 458567 518137
8624 167296 201470 208857 278798 314560 314562 321722 371764 480955 503374 503379 507101 528245 71107 191306 233613 245602 307426 394812 449979 515033
15708 44578 60897 85733 110288 114293 114561 182337 184866 346617 372891 508820
86967 107110 264650 289094 486317 521391
35096 68020 100656 144036 166163 174757 191283 191284 239725 250018 308709 310642 315965 348335 364316 413326 424623 424628 446669 450131 485307 520489
62212 283926 311238 335193 480585 521499
53833 88999 112315 136935 287017 352856 387637 415698
248483 324474
21584 43288 113369 293968 318953 341763 343017 368792 392187 464182 524986
13867 21789 43967 108325 219714 367717 410401 448789 456740 492018 496038 526750 533680
20761 37316 47014 76302 123563 234014 337603 463377 494258 512373 532301 154417
2625 5338 6971 10997 14567 15554 27137 29201 38476 40318 47559 48359 52895 60779 63483 71292 73966 79227 85570 92920 98354 99335 105394 121262 123533 126713 129562 130619 147977 150430 153173 157915 162584 168608 173221 180642 184010 184707 188991 191745 217000 220148 245970 246810 248193 248492 254441 271345 272733 281663 315743 316031 319052 324898 327740 332123 351358 362223 371893 376352 377393 385756 392256 394033 395771 405648 412972 419830 423124 425261 433665 439553 444736 454538 467711 471591 476031 491586 492176 492399 493039 493381 497880 497950 504364 505559 522223 526588 531007 533484 533970 535723 433145 434007 21532 147760 186253 244947 258433 293867 355265 534192 344237 19877 42921 45769 525304 537524
10894 223802 266177 269398 359725 367675 486535 487448 515271 343464 418818 99122 297608
94157 228971 387856 473690
10904 91931 436218 522544
29680 228006 231984 232184 275232 281326 292478 411034 527883
59813 104569 164456 245585 311064 430982
26950 53522 70364 80737 102770 118665 123802 127411 173699 256539 258931 270490 280839 435495 447308 463627 479547 513436 522331 523504 524343 524821 530112 531334 322266 470056 447229
11462 163294 209787 318299 319527 385265 416994 421463 430736 514230
17994 27468 67232 133986 162036 182146 279061 288871 381698 435800 436924 479941 519796
599 24701 78205 198913 243898 344715 527561
40257 149459 302298 323354 391957 468596 532365 87944
239451
26661 50066 86257 264346 375204 398286 494807 527642
94879 105993 201582 223642 239954 272973 355461 377006 395464 406110 536260
78535 165352 546303 547111 547342 547343
19614 267299 483438
203547 204591 470794 522328 156021
19622 30849 34477 140014 224056 367439 419643 463507 6854
29036 77589 108247 266452 311349 336378 392981 472012 487744
61337 129710 154384 253676 261266 285631 370763 402042 519227
80308 112477 121302 139178 189107 190820 418406 129804 164015
215767 285310 289765 346397 398891 398893 410927 410930
227683
7933 15292 16714 20070 73991 77749 102398 127074 165039 190124 196165 205831 257703 341768 366000 382206 433499 472771 481690 516440 251441
44426 47494 75576 204016 248069 279223 310859 433392 532459 536535
4005 97674 282981 319136 371558 391665 463620 474167 493578 496977 527275
334107 378674 168522
2223 68284 114393 139407 244679 289508 328671 424392 479184 497568 527734 530164
68757 74320 104500 160383 316504 331116 340590 364773 388560 509547 513310
11065 31591 55931 168287 216739 241646 299114 342259 379596 427444 478910 500652 530841 197866 355648
41885 66520 107582 228892 248812 253624 273314 343630 463360 525454 215778 207524
25301 174471 344202 344204 440423 440425
14245 54528 144069 259746 418053 436121 446311 523611 527637 310133
85960 100001 185031 334881
42155 258784 354458 396741 486636 414237
34069 93746 118346 164375 268565 293070 332827 334329 358591 406380 420513 423318 430354 520700 362923
183356 250924 275371 299770 372953 389000 425475 440811 462792 487020 522161 525784
164133 173160 530421
94558 279360 294063 312585 336521 359340 393519 403179 407071 420951 436325 451405 500578 529376
225413 250186 301853 404231 488254 60469 408235
90577 126741 153081 348218 359435 372359 471941
38581 63176 74862 400813 461680 537346
42868 167695 206343 273513 284791 298005 434044 453405 454097 488842 501075 501384 538160
134939 348821 415746 439139 457766
11773 48550 73233 133069 213093 238783 253868 281946 332097 368011 391925 501400 505764 519200 525564 273712
60937 101631 103133 153491 181126 284423 287808 303562 326990 334991 346114 462464 493507 538396 213736 45101
349 37216 60549 88924 101008 272997 284774 535818 542356 543106 543653 340505 220969 544593 543799
340825 77973 104619 138098 157451 200073 215235 272992 341906 396912 451406 475476 520641 540456 165935 47768 374113 224059
155539 267320 342293 462683 477039 491661 542743
121006 168431 175809 193599 263169 271753 301093 350839 357226 376665 422678 449137 473120 207193 324488
8815 13087 13095 13097 13121 13123 75826 93611 93615 93617 93618 97870 97871 122473 167799 167800 167802 167804 167806 167811 221805 222128 250530 250543 253918 439922 468336 500224 500233 502776 502780 502809 502821 502824 502829 521767 521769 13794 13799 49521 58469 90018 116158 165680 190772 237897 262528 262529 262530 262535 262540 268569 324170 429065 444995 452619 253914 527894 13103 50197 74782 167801
217508 496276 526306
12608 33227 107111 157724 252074 252075 276515 437875 437879 437883 437936 486359
40389 44825 49681 118929 127273 197822 220482 326525 401298 465054 489348 513780 522984 123091
66845 78137 87081 117839 126668 143384 212946 217171 220921 262565 325480 356109 378276 388855 423092
43061 109415 174771 290912 324000 348115 448537 455432 470325 150543
136950 207857 217115 222994 252416 288252 298476 302152 311205 343957 403212 452729 478422 502099 92198 404851
146898 221788 247776 325697 325701 476489 514817 529612 541928
15615 60709 77776 117427 161472 191527 201338 216044 253298 275950 287774 368505
6290 16051 20998 91627 186585 223416 277700 302104 342521 384625 417199 471109 495975 524273
146593 542865 543666
195496 311567 381599 432389 500036
203826 365198 503396 517526 517527 365196 516830 23490
179036 200385 321887 331333 362479 402718 509637 527614 535503 61894 501882
78909 215320 224554 369575 530108 539677
4390 30922 38325 38893 117542 199234 218763 318580 331095 342640 507166 526214 531176 353355 146298
38076 362908 388892 450893
89139 105230 129923 145106 200053 213860 266813 299825 300708 340706 461995 475011 521116 534520 539128
73 42018 142583 261014 261046 279516 345111 369214 386868 417573 451459 483855 511743 516766 23912 282562 324103
95647 164236 199674 264636 297091 319430 342614 358037 375289 440086 451990 467636 485361 520733
46977 118922
12629 41702 67693 89528 90297 92608 96938 114916 132917 133918 157752 189521 211515 236396 315562 342020 368609 389835 466850 486160 520870
22967 63725 260630 290530 331860 426567 454171 470571 491828 531263
175657 467601 530943
128 26513 374193 441002 448673 465275 530340 530910
16750 37384 60074 504753 530151
32451 46703 76467 239461 286893 312811 412102 464086 509145 513654 525025 535408 541970 94931
52832 78161 94146 99690 146709 159374 187702 234734 296855 297650 301723 304234 318902 333628 334780 352715 376728 400669 441673 449166 473141 498010 513131
46382 130396 132836 162294 202288 242229 256928 396952 423180 433045 436957 480264 505209 529090
9169 110248 172923 235924 287140 420467 475607 488004 497146 502040 510389 530238 114513 230005
237977 481973
48448 112055 143671 161659 171979 277912 302342 302350 319569 351716 418605 503245 519124 346970 193333 269571 343601
23175 379748 431927
14698 189174 227652 252559 263372 314412 372301 445171 533394 536415
198707 244909 299522 310196 318042 454182
138475 149247 149250
94800 302845
26015 238365 286350 343737 344307 348522 441053 535666
544135 137036
149703 192027 279526 478314 501820 521157 322781
23051 122983 362571 458331
7651 34204 35242 62164 112685 179116 179914 235463 235864 238654 361420 388591 395097 404319 502010
57455 144221 188534 331603 408758 429358 521201 529907
42080 48627 66647 155864 165125 177942 205662 225318 226635 328494 359726 364489 428164 428900 442766 473812 536067
49952 150470 199121 244765 247554 269072 357917 333697
192722 365437 312007
34594 82034 95834 246655 254624 305721 306515 309474 313113 381894 388342 397777 399259 406858 412129 423031 434737 482990 374164
42714 100259 198172 216202 230862 242628 345528 356182 359466 399876 511516 515102 531753 405757 528956
127346 545427 545429 547254 547256 113034 44514
241612 507575
176 131232 201855 321841 347858 533157
67554 67555 130970 162263 171940 199941 204174 204177 215668 540481 542439 542860 542948 543633 543634
18946 21193 74639 133887 151531 241574 297110 382408 426827 428152 445944 450706 505600 451372 345863
299842 434493 434495 438850 535349 535350
4085 10486 60002 415440 508129
67412 87694 116840 199841 213022 235471 255529 261886 327390 338053 377548 522428 530854 540364
207803
72095 84026 143438 151254 166536 183883 235822 239656 371709 384060 395085 418134 135302 448074
420358 151034
43606 50157 103921 134935 368947 447988 452260 517606 225654
36205 52427 62450 83103 91182 128125 157901 211039 233672 240238 258449 281286 309044 385739 402937
30515 109310 177056 315518 338994 364271 393490 417413 441237 460624 161270
41073 112127 154604 155103 257317 260946 424559 424569 468139 477281 539078 540627
10596 10598 10599 10609 10613 10627 59821 118088
70863 83615 91645 95788 102898 108191 134064 158928 192759 230977 255781 292712 301086 317602 341644 377255 386664 437385 442207
4804 26284 49697 66802 84512 91726 123900 170107 266583 320914 354669 376458 417848 424287 486252 503239 518091 526735 532709 416072
10641 53936 78875 118863 182663 271001 353275 398993
30582 47276 61182 98764 137182 163495 228881 342258 364790 376494 421426 502459
43572 154506 157140 238989 265976 283468 303403
165139 484369
1758 9323 24694 57014 59710 77102 81958 86168 101776 111955 131181 137178 154620 155142 161382 177501 190275 196335 201881 209023 212260 213422 214328 236079 244865 282389 292279 335149 342299 348300 352674 401485 426918 432714 474443 481587 502756 530182 532864 533262 538656
405631 322302
19994 43938 57643 68489 82549 114756 149140 177851 206831 231528 300044 391504 493495 498882 45847 128060
38942 74213 99188 108584 167797 215664 234546 242551 266425 267735 287319 289921 337561 538964 530207 281259
19756 20550 94878 139102 244824 379152 435000 441305 502108 23785 89856
10539 49330 51625 157060 172940 177681 184803 193534 212245 222181 242068 247051 254528 280526 387584 403840 413495 439133 463382 472626
276753 402482 455263 475285 477697 482546 56979 531758
15661 42039 100918 136589 138913 269429 280767 287249 295524 329653 338217 349247 392498 393554 434865 438083 443522 502147 531783
4998 6165 29915 49151 83619 116597 173377 211010 268035 336727 338919 350246 371949 421174 426850 475281 503036 528451
19006 20353 36212 130580 147273 164738 184854 266542 267803 309698 357847 375611 414330 446541 462268 463325 465393 495135 517602 544044 544964
33895 42977 54168 73243 83623 150058 216431 218769 269236 334061 516184 516831 532003 544399
54074 184017 214684 316403 316430 337623 340511 344206 419377 433704 436828 498325 505254 518807 529617 530205 535124 539013 355712 203229
25094 30012 80153 117848 163200 188313 205669 243289 255399 284366 298966 309970 315063 315407 345802 369899 441533 455520 526608 540443 13248 29563 33799 76557 92212 97018 115144 121638 129020 136963 144348 147835 150371 152841 175604 178031 194436 200642 243240 245523 247886 248030 250378 261348 267773 268353 272525 276604 284228 299402 300621 309672 313665 322472 333602 342279 378221 390333 405609 413512 419566 425548 426084 430159 434010 438643 449361 449928 458156 478024 498764 502904 506046 524866 528695 537720 21823 48542 49299 65581 84226 90055 90392 98418 115024 126184 161640 164490 200667 211522 231590 232381 236502 252958 301724 318922 331673 342983 348796 365395 367123 372909 379854 399173 400256 414771 420643 421322 433362 436671 438641 444456 445274 457506 481513 491430 494020 501204 514884 519197 531201 536302 3670 316153
2246 40924 68704 74720 147766 199476 243994 260488 268943 338095 349653 408445 462002 464495 488231 517892 22826 126841 263014 287458
22753 47498 84217 136208 179179 214023 255722 262922 359500 378414 408658 512234 100084 530227 185150
74023 140392 144255 183871 206643 230601 255355 260920 322563 364779 366253 442379 466634 413860 465991
33771 271638 523952
247514 290865 319325 404306 531490
11141 79941 104574 129272 153920 173927 289804 336133 353501 410519 424655 427212 512038 541814 403263
29195 53482 78412 90872 127731 177514 277890 302328 315424 339438 407628 523802
12517 65503 139490 229173 418046 512945
180712 288126 304564 331974 356196 364176 380137 56946 133099
32818 32819 32821 32873 32875 32877 32879 32880 53520 62523 140298 168637 173935 183395 189279 200549 216445 216449 278141 295252 320928 345620 359912 379180 465069 470095 470598 488157 525406 137763 137766 183412 22388 31673 69451 102350 126868 152486 228695 240517 285376 436108 525422 541545
25950 87423 128646 357272
88172 283516 390746
42687 161938 201570 201574 215112 216724 252984 277248 51882 143104 257863 260603 463234 81166
75600 101909 109197 128781 153991 235216 261771 278740 299942 300327 312433 329881 348662 487512 494261 531782 535205 535798 545002 56536 523664 226654 297896 525313
51511 75966 152623 156415 172515 224878 246707 251888 261897 336439 371052 436219 508151 510977 518809 520180 526119 531909
69033 115062 296908 309758 322139 518626 70488
348108 372238 396166 415253 443821 492595 160798 233468 257621 281988 353931 522415
46196 64131 196726 241848 272582 358285 368269 391238 457335
49148 145180 376640 411004 462064 531521 541932
13146 13752 22979 43798 51660 87311 122728 225783 290347 298914 301823 316752 320545 352817 371837 395752 443545 459197 467827 473456 483004 159929
124 243477 302516 318491 320027 366784 10654 125100 166530 179787 195458 228556 288775 317488 331907 497889 497891 53198 136177 136179 177374 237754 262450 331946 354092 454459 499411 523408 226543 237756 354090 499414 237914 525524 31197 363420 504233 138446 472715
3464 105174 126775 205091 355231
9179 18596 36535 91722 109368 139914 143589 144982 166267 182215 222047 258968 286297 293032 328351 350251 352994 434252 435044 435438 440776 445963 483624 489117 530243 125289 225019 258142
263151 263163 263165 263166 527914 527915
10734 60559 68871 86908 93789 109891 110039 257779 259228 324314 324599 350514 377757 391981 411757 443042 487194
3456 77482 221669 223614 238357 241282 274265 274270 288359 311109 317098 353933 378470 383468 394067 396413 404545 504241 178222 256627
414 31823 265606 410079
6633 11593 27451 49271 102198 103808 124244 175208 222832 247631 247703 265673 346493 372073 401800 404226 444299 479041 482092 493075 504729 523382 404701 420400 27841
149259 192466 363813 386371 430475 437545
315631
169977 174729 237477 270134 274716 283188 294112 340717 407032 428062 430923 431108 439717 480598 482603 516030 518931 524036 529657 530354 382042 468067
41256 361696 361698
22412 44291 230956 230957 230962 255796 255797 255800 255813 255815 255817 255821 255825 255830 255832 255833 255835 255838 288065 321548 321550 369782 369783 369784 369785 369786 369787 369789 369790 369791 369792 369793 369794 369795 369796 369797 369798 369800 369801 369862 369863 369864 369865 369867 369869 369872 400780 487291 527610 416272 494440 494444 494449 255811 255803 255828 278618 416226 369866
1585 148532 159036 300116 300117 300120 310216 335158 335159 335171 341594 351682 425066 425067 429655 488537 513170 532991
17999 60502 82648 139614 186839 273870 288281 331220 331221 331222 476590 543502
132457 191796 195043 200224 204353 204354 282391 300953 401574 415565 416429 446733 504361 538078 144502 200365 213201
3980 27394 56590 111167 111170 203993 514527 42216 49638 49701 49712 74289 74300 116418 126979 194691 213232 220897 427050 462565
232842 259903 319367 344561 366254 197035
67883 105792 149197 193926 205875 317160 320580 367309 504121 527109 227789
79772 158573 174206 285723 366456 401351 401355 401357 401386 456694 483898 487550 548526
148017 148080 239036 247263 148090
262790 353463 428005 266274 422490
8481 21046 77024 91252 95685 103400 216381 242686 246761 274946 281478 292120 423896 441658 450625 474757 480790 481279 498400 500282 506249 528442 284295 201586 344474
113748 138273 163163 210212 456487 466352
12746 122537 303521 303549 320702
495392
6936 24169 104066 218474 246022 265339 344497 437263 466104 523617 526436 399968
90205 262847 289685 355280 385347 529587
32015 37761 75175 87318 96760 105873 192743 246879 256722 310207 339441 340390 363712 393304 413141 413751 435303 489224 512110 512599 439277 46300
292085 368988 368990 369000 369002 476488 542678
81071 81128 118113 189653 189654 292331 480841
107991 264452 313628 334579 361837 409409
54269 129913 252501 503168 504163 512878 243402
91773 237173 346293 462501
131442 233222 441855
26594 43658 91655 119305 130923 133904 138501 217696 219264 220277 238708 248185 279761 280410 283793 299828 313661 317384 350642 363273 373276 396297 414043 416134 423615 458612 463809 527812 57636 200956
48244 55907 89052 98986 371227 492981
16942 178407 213266 498562 512100
19043 59514 73765 143573 169293 192709 205568 229736 237027 255918 280211 359417 383743 390104 418481 450023 468033 490635
49061 360239
7563 52199 55481 106336 107678 132409 168662 172464 182338 235945 242550 251731 261287 289265 301505 325454 330626 332684 332863 375365 378831 454625 507431 278358 264806 193742
68969 169028 218076 298135 429236 431350 482589 434288
216056 303541 366556 398182 420499
335314 366593 436141 522668 195115
391269 526636 244648
61601 61938 64808 102931 111008 132915 134831 143714 144919 145293 180095 185527 211652 231184 297268 299089 313355 321860 325491 334990 341978 353132 513774 520346 524353 86455
78497 84342 127711 207962 259116 277892 282665 327251 328525 352696 451489 2641 391377 327211 65360
84055 176891 201263 336715 366590 408596 455003
65060 125994 133562 144713 159868 162977 164250 168743 182116 189339 207402 231714 260596 293562 308944 313823 339172 343646 406785 422696 455986 472600 475084 515316 532383 547471 375097 484303
73719 114536 128824 136590 138828 160179 170291 212243 236022 266172 299023 355594 355906 376623 388080 412785 435329 466444 488471 507142 532963 81482
14372 51145 53416 57683 91784 110102 133777 176731 224731 236879 249279 298612 314700 315898 316167 434104 461258 463515 477993 498667 511619 524663 102978 42283
5829 13732 48968 98588 118943 143608 145927 168570 174928 187370 193654 255303 255775 327145 334757 366418 377884 410943 419483 444875 498286 507155 539820 541959 150522
217261 221400 264947
158129 292038 464340
171028 467252
5456 17284 61148 68431 93086 143159 179106 278920 324084 325596 352091 402327 452766 500420 535668 535920
11153 49254 69843 97257 130418 134358 183837 188744 190224 242112 259203 369065 369190 428012 437448 462789 510314 515064 296041
8619 64259 89532 100452 107976 108073 182478 190065 224978 239320 327059 360260 363769 375710 382607 404936 411334 415818 417210 435207 450533 453454 454437 459849 484008 503238
129718 172754 295873 506571
24022 24025 150988 335852 547755
49098 82214 91232 127277 172194 194256 222011 233864 258976 283373 356956 439814 515581 521118
55674 109648 120923 120977 132830 137880 140689 143495 157659 173171 176204 181154 201249 202731 211279 283022 411093 419011 423566 453635 471834 485258 501192 3123 273113
41377 53293 70108 80392 135867 153075 155151 161949 181064 185580 214046 225457 311490 342317 347739 380326 392651 426115 432920 462465 544323 76728 169353 88501
367144 410601 429007 448166
4262 12500 44277 128645 162679 213301 226870 227311 228180 302969 307372 319198 329351 329392 406413 462094 470788 509798 513208 522539 526954 528904 531790
4365 59908 109351 124819 148039 157047 211726 213292 231545 289611 317169 324952 335295 349450 356399 409903 410732 448053 474908 493950
16648 30209 44363 118433 121174 124176 134925 162112 164515 185683 186312 186915 210884 237812 336128 336618 408265 440144 483406 488903 490890 523852 333869 397560 173427 115348 91944 63647
129187 195341 214813 432745 19002 319626 106810 214810
11892 12009 35115 76213 80999 90260 91945 105595 135311 204884 229019 248070 272841 311508 332908 450997 481877 487539 496242 498600 538792 544871 546444 206810
128627 136234 141226 155398 243929 298956 340063 346543 533990 537803 113067 131985 234545 310111
35651 60708 70392 107783 517993
70432 149458 272922 324533 351983 411467
30750 34871 84256 95613 110514 111861 128494 136771 144738 153115 169867 194926 202702 227251 241853 260745 269403 273321 273547 298033 302756 326539 335113 339242 343976 364433 383249 431169 474655 513119
15076 127991 128608 159862 160253 175090 180506 226152 250941 258812 275230 309623 309717 313922 335413 337884 345744 359616 383515 401020 414140 429766 457840
293336 413584
3085 22627 30644 64313 131647 250399 265247 276688 279372 282923 320460 324311 331025 334199 344070 348709 352910 368196 379064 394466 438736 443412 462049 463968 470625 512927
92465 145537 146955 161336 176985 230462 284155 284970 295130 321070 341967 345173 396551 401686 422027 430353 459353 467394 484357 529577 60683 121926 335776 462308 421754
31195 36793 51142 64999 67111 90295 90734 92800 109808 166561 177538 198063 211751 212805 236925 248191 276010 285067 353233 378214 394175 432128 463724 488909 501909 520004
38006 62586 111985 153965 186509 275408 419797 524665 3236 62953 95142 146326 150611 197043 222379 305536 396806 436427 457678 464744 474918 505305
216758 301613 457714 492112
33528 35633 392206 409773 462036
32892 78488 81957 94166 143368 187952 215497 256479 273064 279547 331930 345142 389343 391388 393538 421881 446997 470866 470946 495786 502084 505755
181730 409204 409202
33081 42712 53054 64291 93974 103232 107269 154963 230284 263035 272971 342410 383223 397772 405594 411171 431132 437291 455392 458352 486464 494644 518739 544308
3425 24448 69540 91196 105548 119813 124599 162613 163205 216984 219315 223119 228430 246595 270332 285086 303290 319839 400164 449317 481574 490424 503578 526696 528146 540299 490349 541064 446156
38970 152778 462944 477570 533323 66574
148918 287142 503858
6304 127782 431507 431508
3210 51116 69404 70500 120294 149495 151410 167246 187198 189904 192313 217748 239249 252800 254100 266891 283003 289126 300968 303345 310366 339968 340855 376771 383250 408158 416793 451947 453446 455248 455869 491365 542493
4068 11498 61167 73615 85992 94324 118909 139410 160049 168526 168572 185056 193615 211337 232136 240860 255103 261066 285438 384553 393087 514553 526511
183325 209823 260990 296623
447929
26762 56155 184730 260549 323358 328054 399966 513863 527759
5453 78987 96792 132284 242538 501529
20839 81900 97607 123315 156093 182454 194704 233263 258046 290926 328302 347983 369001 389655 495549 506623 518711 521336 189841 504901 14311 494187
117539 309574 341777 372557
76857 192190 224555 418493 282602
425504 448700 309625
448106 491470 384181
15270 66281 130135 144241 158407 171071 242712 362431 370106 373682 420969 447474 518949 519172 307057
118500 138301 185469 318344 471730 519051 192628 321153
95586 95587 123842 123844 123845 139010 197816 197817 197821 312064
18190 38480 71354 81552 94855 128249 152868 182310 184264 220163 225031 227406 232303 254623 274298 290897 298738 308918 309857 311002 320438 343071 345638 368673 373165 440277 484545 517668 524359 528984 278360 344511 141989 249811 464571 333749
87699 112327 229193 318193 348642 398148 521054 531309 87698
41190 201569 267466 475905 407102 41185
6790 21716 28723 31306 67055 75824 87466 107068 112067 127043 152440 158592 162427 237078 239125 239637 280601 281386 291115 338580 340504 379874 388654 391883 393559 412103 431347 434739 441859 458333 477155 480282 509640 520151 528852 530606 534007 285256 240218 13965 379695
26369 260532 341836 411791 469669 509074 461804
152001 197818 197814 207963
24221 31001 31598 71445 75184 84961 85979 128871 186391 213239 214485 231148 240723 259495 270262 283892 287345 305604 317951 320777 328691 344078 348225 351766 373549 385201 385257 420599 456448 467717 480390 492179 519355 523265 530309 534859
1872 2683 6690 30562 52005 53841 111123 132503 157258 169076 240480 254184 300768 306709 314403 316507 331412 359145 374435 413433 449838 469791 171078 293872 311154 348197 431150 494264 364388 379037
15127 32602 57062 316486 341838 399038 436314 509639
33775 34344 55884 68039 93187 98625 109736 111770 134429 145091 150045 176450 181537 185741 192523 208913 227118 228947 233940 239847 261341 271300 274085 300749 319133 333494 350452 377920 401870 403157 425786 430938 449042 466662 469062 477450 487125 174998 385730 18426
28416 150515 303431 521792 529784 533788
126397 268312 336038 376244 461964
33373 102751 226599 365061 280497
40443 85270 107054 144416 146481 155513 164014 180755 185174 194103 235411 236017 281125 289496 304639 334170 336162 346319 352500 392857 452292 459124 483247 493148 522191
32631 77110 172050 322480 507959
159503 246476 248173 394804 12898 44502 358002 358004 358006 174631 272669 380100 91623
440525 468511
219574 293470 445812
101861 106173 114322 153636 161757 201671 207228 221661 275045 280108 283055 311040 313296 364875 388652 393295 397377 466428 476504 526555 539909 475732
76908 97659 146773 170304 172383 224705 249269 262393 276506 544141 544719 544726 544727 544729 544730 544731 544732 544734 545209 545210 545730 545972 546017 546322 547009 547392 547393 547394 547411 547574 547600 547836 548188 548418 548445 544728 546255 222158 546016
231176 357878 372935
57621 399672 399687
310063 360181 394975 223682
74550 74552 83155 96158 127568 172367 172369 179921 247059 252788 538287 542184 542683 543161 543173 543899 9650 90380 108194 134224 134225 144191 144193 157624 199097 199099 203703 270306 541418 542321 542446 542902 543056 543343 543720 543789 543860 543872 543873 543874 543875
17611 21518 26459 27966 30510 67500 70124 73723 80512 104658 105707 123975 147416 183542 209188 218045 222499 223527 285633 298784 299108 315995 326014 327094 354094 368934 373465 382755 396422 405980 416314 474564 476367 508858 521365
31477 89137 99819 124384 206440 235296 316259 340403 341356 354668 368619 395288 450336 474308 497868 316238
188409 288952 446726
128209 146619 379349
80447 500105 520891 541298
31173 278864 342984 389547 413257 432850 515761
11442 79797 238939 250678
55712 55719 186838 325058 346881 470876 470886
429715 520268
147571 151976 190064 191928 237311 311629 311631 522287 219831
79489 87493 178228 178231 345470 461202 490051 490063 536783 341051 173707 178229
771 280717 491073 520122 520135 530571
63247 158073 248473 351520 442759 487395 103300 49695
4146 21483 25701 33803 35571 42149 49035 51773 51935 53222 63874 66787 102775 108580 133152 178686 195538 201227 214149 220904 248037 251959 271813 272524 276246 301600 304321 306793 331207 337486 403381 407774 421033 451183 462832 468261 468948 478839 483679 493743 497701 499925 503771 504740 519747 520679 525716 537153
524110 211808
132 2753 10492 26999 67768 91930 107687 123451 136947 143715 150450 178427 187128 206097 224509 283685 287924 298937 308657 317267 317693 325902 331669 332167 333849 335782 340592 341742 344923 355913 356166 358800 380726 407613 426678 450384 452522 489563 494670 505753 536330 540235 17208 246912 49948 114810 467165
83556 225562 288778 376757 448444 452315 520327
27766 42371 183393 195636 219654 440526
248053 252184 264966 109934
132031 164604 189237 248036 298879 317366 326713 399040 433881 540293 444979
236462 318313 392318
2137 31014 78589 94796 147315 335132
12860 259691 273419 445499
15018 126362 193802 397693 413041 413062
190062 274521 328123 405565 101668
2935 8546 37312 52850 57868 92451 99270 115476 121551 159870 167319 179255 183430 197590 216822 219109 242336 243758 268300 314903 329234 365332 375325 376975 392090 422473 472911 490032 492754 498635 502495 505175 516834 517850 532895 533033 542607
51601 51603 51607 51609 51611 51613 51617 64252 89061 121756 176391 196124 210259 322613 322660 333585 372836 393071 394297 410156 426139 518347 51615 251189 51614 51621
138889 138890 163775 499031 288321
1841 11532 46370 49255 63495 109491 123228 125127 149492 152436 163778 171065 182875 186518 203981 211472 212191 215844 219482 245138 254741 260615 287062 304646 318724 321245 322560 335121 335452 337625 339339 365870 376846 380765 405904 409945 420862 443740 448439 457111 463472 467018 472959 484094 487028 489658 492742 507509 513947 517291 518284 520107 544796 473216 160407 372374 472228 83762 489949
177204 237989 304250 437722 462984
38085 42565 93814 110650 141343 147152 165406 189829 208621 211894 216826 221436 264569 296207 313446 350413 411459 454723 488813 186613 194776 448724 63631
331090 211607
3375 19319 40008 98725 105719 161231 185464 186328 208349 218069 348448 349314 373450 419909 468369 475012
42904 74490 94531 390335 390340 413048 509348
238496
38200 98484 112070 116596 120989 159037 224453 227376 242997 286336 287610 362406 433658 441901 447429 470445 515812 516817 517161 519642 527598 531957 535727 196562 302796 452842 160129 296457
13739 40029 133761 168584 299008 342622 421579 455425 478924 535534 541585 108184 226291 318561 493142
153688 189151 199179 231860 231862 231865 238339 256663 260324 288738 347684 368721 398297 405970 407932 506485
24235 139534 159226 258819 326541 351110 367827 396156 415544 488459 512763
40935 89837 99659 108268 135360 147214 197439 198351 282863 293297 310645 334574 377165 413084 417223 538642 230333 411120 419413 450182
58088 62692 104408 112089 195101 206941 217095 262513 270094 348874 396905 433594 506776
63368 157272 256198 373528 427654 466283 482155 497000 517875 180578
18673 218537 296685 300448 362960 387071 474169 516348 366943
204468 412241 356740
174308 229525 312428 312429 323657 472380 344974
42420 256011 408401 462256 361541 343145
32115 193098 380604 428448
285731 474377 450405 425584
3120 9869 14992 101939 149432 150038 189398 203600 226912 236382 246768 276086 276847 300171 341761 362551 377304 436450 447700 460256 471688 504831 528926 80905 123297 434120 52665 64539 70232 71521 77320 78849 81392 82128 82823 91983 104504 104997 107230 112768 120326 137392 146209 153172 161157 178391 190266 218429 219484 219936 242549 253751 254204 266147 269579 281118 281961 284788 319065 321216 330541 335032 343112 343933 354348 375181 376939 399137 412242 450608 455158 457320 481242 483042 504277 518606 527391 538992 65985 289784
331731 336391 395217
14012 164042 190637 221367 323614
477532 515304 338570
88030 395816 420502
134811 143095 154832
413965 462145 437905
91765 131554 210783 226898 234650 242071 463803 488316 524331 524962
19835 41045 104898 110488 116452 159145 186229 219498 278766 296598 324908 347653 353224 407840 425169 439845 472922 507160 520774
29205 82225 84104 130124 256587 320826 344925 517445
520468 529818
38037 409524 458245 507317 496657
53535 154372 257881 301541 347443 427063 501488 203209
2959 90731 145910 208358 225665
18471 40254 40507 67672 68880 94065 96164 100833 110311 110323 118002 118660 121312 132318 147145 149965 158454 159005 194464 201370 205588 233409 246158 275335 283768 297774 303877 304953 340566 357876 362293 363607 364596 369653 369656 371021 378535 386144 399588 405799 418732 422962 462518 465830 473137 485445 504760 507999 508430 521948 526677 539010 546837
109595 114378 126430 126433 126441 132756 132763 246060 270524 545994 545995 546890 9526 16832 72915 72916 85375 85382 85383 95730 97140 105481 123183 185312 317458 379869 446932 458383 461898 480478 480479 500861 500862 500865 500866 500867 532649 123181
434 7100 15700 22475 32499 40152 41520 61879 86724 143401 148912 149899 150252 170956 191182 192770 198344 214614 214723 216117 219206 239063 239486 246371 247814 263674 282086 289413 334036 340967 349469 358286 360544 369105 386341 390209 392306 402463 406077 406340 409978 422178 423097 424320 427829 437613 450768 452412 460214 461666 475716 486011 514188
175831 270174 270293 471355 471370 471375 471377 471380
27423 47053 71686 71689 140141 157669 192596 215022 253721 276474 278502 285273 338869 346469 387683 387928 392657 405849 445736 469656 469658 483307 522171 542307 542308 542408 543045 543253 543652 543679 543680 543839 483331 495189 483333 405851
14073 44908 58975 58977 69337 81228 106100 113840 121514 211717 237111 255202 262774 276695 285798 289285 313954 326988 339225 352552 396697 428546 430767 463576 465629 511063 519126 525489
29759 39537 39538 39539 39540 39542 151456 151748 151751 176604 257397 536741 536742 542826 543731 543762 133617
5238 25749 121270 168715 168720 182430 193790 205319 228831 229510 254263 261558 317603 320128 406305 406909 412670 445716 471009 494860 539125 3833 6579 23465 26373 28053 33812 49761 56052 71736 73400 74439 76881 98269 99373 101019 105619 107972 122915 127345 131182 131211 188073 189959 195210 215955 217230 223061 311872 333916 335763 343242 349055 396649 403255 420427 432937 434966 452884 472722 494481 504305 519013 536830 19341 23890 23916 47744 55043 61178 65008 66096 67395 91592 103544 114473 120380 131093 135702 139089 141711 142427 156691 162652 163920 181953 189013 200271 210992 212553 215914 220330 234271 235970 250182 279216 327890 358034 363926 367285 368176 373188 389871 397590 421557 423859 426269 433843 444750 445441 475581 515659 522750 544898 38444 306781 382724 517224 184458 228537 381003 511237 451671 53117 203903 328468
9762 16457 126438 196682 214555 542319 542780 51175 136210 159972 189286 204831 221801 301886 301889 313801 379184 542026 544939 542899 28513 482998 216152 342330
19767 31348 51187 137338 216885 217970 225811 273670 430544 530090 540372 14981 69831 74852 113192 171689 199263 233859 362572 367645 389494 391528 504792 8533 11683 13850 22036 34011 42769 50574 56822 73601 92249 98536 140265 165124 170461 171214 172228 184612 208216 213303 224371 225637 237646 262995 268848 279185 303673 313078 316345 357203 360161 373473 380727 382881 392875 403958 414636 439593 440566 440606 453411 464863 501634 502786 503628 520005 541185 524891 368169 20763 386234 234093 105238 347257 350418 217716
359086 401165 401170
75183 155666 272830 335473 530008 79348 300830 313309 314477 366327 541715
6866 41056 45028 76615 85939 98963 142413 144541 163711 184227 184237 191141 335966 363689 438202 453943 476929 523226 537684 540421 546859 546860 546926 548103 108134 462653 288207
68139 128205 307436 334903 426857 450061 517043 535832
12645 12646 12647 12648 15449 83324 83334 107093 108776 151266 151269 194845 231917 265276 321908 326932 371827 372232 424839 520666 534920 538450 110902 115116 538465
12303 27620 53701 86141 208422 351254 355291 383645
169845 189478 212992 322928 369074
1639 94267 96981 142820 199217 224937 260638 512204 544934 547527 548255
281058 447090 461414 370840 124119
12969 17440 17442 177782 193609 210707 210944 360223 414010 429334 477237 23287
924 2154 7717 10821 28941 30018 35504 46696 48189 54375 58441 66628 67982 99219 102502 117907 156784 158013 198477 201146 219381 223290 272414 277374 278958 286679 298089 309230 310994 311140 330712 331516 344648 355273 369723 369741 376306 379961 397001 398638 414973 473965 474764 489111 496449 498378 509500 238220 331020 181932 320334 185616 513239 172679 379374 121850 290723 221852
17651 27941 223909 223912 338888 395199
49682 72215 93385 93948 133599 190467 281726 289681 329143 356159 380217 407037 463063 480482 526575 531405
24458 24462 261193 336745 170798
202056 273441 339154
221362 336486 408908
4 15547 16050 75286 87858 170796 186092 268004 286286 316471 332453 408108 408434 432891 448284 452235 456977
131606 194419 267520 345790
13343 350390 338539
10597 240442 327664 399829 496047 531694
92185 111312 185837 188895 200591 208936 247407 265543 271882 331338 379522 517885 531049 166893 222530 85720 135953
45879 125304 345903
13316 43038 48207 63557 72771 83887 265608 304374 329339 346289 358439 370367 418122 454959 477225 529494 354442 182274
13213 33791 37913 60524 69216 82240 94105 109753 113186 146452 152557 161090 175043 180019 182423 182511 185280 201932 203634 205422 208178 208909 209957 221231 275549 280138 284163 292492 294202 317187 320215 326003 344288 345722 370717 379377 388409 399642 416934 424297 427256 428388 440746 465019 476330 479455 480064 497024 513425 526402 535864 125335 253586 516116 448160 426533 393821 338234 436758 362460
1820 10687 26443 61891 70027 79895 85518 94903 96907 102507 102971 115002 118233 118378 119092 160700 163082 164600 167642 171437 183511 185834 187854 190337 206265 207329 228086 233088 237249 238138 261977 268581 269505 286373 287049 293591 297126 303589 310096 327126 333429 354429 363933 384350 387578 394137 411367 423187 425681 426033 429147 434725 436429 472084 489399 491494 498596 508581 508904 512048 514212 516947 520280 527136 530406 533808 537745 390225 213264 135942 178061 50313 279570 60965 341392 120970 112858 388235 200769 332244 424964 505955 509360
4109 216089 338212 426263
237774 363864 531441 543408
14948 32065 42826 63151 68116 73128 87891 93317 129997 134663 156457 159988 193110 194944 197841 199507 206283 233996 247651 260469 276007 284796 299112 321831 326225 353013 371067 380776 399039 410759 416423 422155 446503 452082 465402 495357 497384 501277 510562 512468 518125 518984 540659 540861 7219 204899
70878 169175 194234 206785 221525 239740 241200 433880 464218 476921 501773 526687 85809 386077
95353 140199 194007 201631 210570 276645 306456 351661 351673 351676 423522 134505 490193
136446 288831 346486 397143 474594 498843 527558
126799 155064 506531 533255 211466
64498 342953 115521
97561 114732 150327 185709 332264 446008 446010 446011 453018
62919 111580 212352 248013 335458 396966 76514
152840 161205 171167 381447 505203
320622 443826
323988 539229 107400
2694 74217 149937 271996 469316 498928 172017
51718 71714 471616 496530 505616
2126 3951 19411 25482 28682 36893 37313 40330 48815 49247 55648 71938 73917 91351 92426 103928 107996 135937 137778 157349 166059 184063 202277 224377 235408 249182 260186 269463 273695 282154 283515 287734 287998 288908 298152 307186 326049 344945 354492 354845 363055 363588 373235 377269 390591 394441 401187 412381 419838 420900 425057 431285 434890 435544 438282 438922 439705 445196 448900 452964 453143 455205 458402 463156 464271 466579 471901 479011 491652 494329 501176 507462 520543 530630 533891 535792 536374
12217 46365 282787 361395 422700 448660
40110 89049 111754 218900 239826 373969 446572 461015
6984 145595 152968 367669 531166 333031
6899 37829 70409 244754 336593
5465 317640 353015
30398 33251 52500 59285 64879 67572 70522 75780 77701 84839 92472 93356 95427 104553 120615 127199 141618 149809 151849 152407 182201 182923 186022 202986 204966 205838 208714 217871 221281 225233 229209 230262 246180 252719 261562 263093 272957 273775 275237 276567 277617 287582 289953 298254 301761 309411 313307 314250 314719 318212 318538 329078 330328 335183 345901 377247 383087 390680 401268 401798 409356 416162 419862 423864 433190 434830 443332 458993 496201 502212 504199 512729 522378 527792 535477 541122 541690 543516 80756 4328 12959 18041 21786 29354 30093 30688 30962 35067 35308 38671 42473 45561 46508 49424 51902 52511 52785 59532 59613 59912 60211 71187 74895 79870 83510 83906 84285 84693 85871 98199 99026 104481 108259 108892 109222 115533 116096 119359 122517 123159 123953 137050 138024 141635 145797 153979 154202 166566 172218 176184 179698 181025 181492 182435 185822 186386 186575 190765 193240 196008 197919 198973 199759 203272 204126 205676 209480 211967 217346 219603 222414 226541 230788 231620 236947 244578 250046 252125 258382 265066 268123 272735 273209 279830 280255 293587 294393 295177 296111 310851 313006 317146 317367 321619 325052 326211 326849 326874 340331 361524 365309 365354 366654 370416 370979 371029 373756 373799 374874 379102 384330 385399 392463 393031 394703 394886 396502 399572 401449 402379 403034 404948 414657 423306 426835 427507 428993 430314 432229 435398 440989 446298 447224 448214 449985 451488 451931 460073 462210 470004 475666 476448 478676 482986 484561 489905 491667 495476 497867 500473 503684 504412 504784 511278 511689 518306 519686 521655 523046 530647 536482 539292
21262 53638 57369 66395 76927 77064 81327 112595 140717 171830 175149 177452 195822 216818 293214 297837 316428 334722 369567 391404 439992 452553 467578 500843 514134
22512 26676 27365 40396 46510 114343 122330 146788 186407 210735 221225 242546 252928 269637 297335 358551 359702 360949 370146 390526 417201 446806 465168 465277 521360 542664
210464 235705 271023 276501 336961 471385 234839
25678 57217 121740 123267 205744 300085 371495 483016
120070 444034 33959
61530 83599 148944 174182 210875 439731 444804 464000 82959
17137 26087 62648 62649 87403 266342 337386 521520
30600 279287 342724 415141 425574 481907 515124 496284
161487 520439
314443 479970 314450
13436
8817 18452 32976 58799 80142 85349 88269 94813 129068 137008 137236 142514 156498 160681 163919 190308 229488 232600 242690 253239 262148 264005 265353 283767 288374 294006 296571 316764 326089 371997 376997 379324 383362 385015 395891 400011 407273 414629 427216 427791 439202 459331 482859 518227 518648 518695 523737 531205 531641 487135 377041 269530 337825 246460 423625
1500 12177 19625 21516 31980 50856 54519 72700 76261 81303 90431 100464 121344 121441 121768 124220 125000 138211 144800 145300 152770 168056 180569 182085 186400 193153 196827 200566 205402 227121 229039 251964 282212 302509 303834 304553 305601 319406 331200 356893 368669 395622 398443 407436 410747 412282 424386 442010 442541 452941 458185 463477 467195 468085 471456 488943 490490 490861 493324 498708 500747 515331 520608 526560 529227 539662
68136 168437 274280 350351 388282 471342 427997
294612 403288 403291 477527 540506
99000 205050 251359 343813 360916
37960 50803 245498 257303 487957
74012 163140 329735 359073 395421 87659
55637 58670 73810 185383 212225 242680 289741 368252 404060 415676 437455 463509 488077 488851 519580 531535 542645
63572 249599 270238 436830
345032 464020
73329 98270 118840 235847 284992 372995 176683
29307 114686 114687 114690 121125 168111 200054 264496 309062 313734 349470 412804 499423 531122 537219 109138 212232 294323 312685 417416 464198 464199 464205 464207 536006 269382 322945 501206 281403 539043 499424 110279 350406 337987 492520
88809 182037 456555
110413
13922 48340 405403 430146 452788 493034
118476 184590 185177 525081
27853 62296 156772 171503 227263 255159 269256 381317 485474 518689 535468
96430 285988 396980 401172 491737 497585 498957 8203
187138 238935 241623 336468 362231 426133 120488 179726 226709 468205 484171
139308 225913 225917 225920 270531 394455 402113 402118 424025 426077 450891 473881 185975 430324 453584
49502 79444 156874 156876 173793 244533 269011 430740
256513 256515
192636 397137
208154 208741 210255 524274
275375 394915
66081 89597 107736 273096 282498 353324 353333 355197 406398 444215 520291
73912 73929 73933 73934 73938 152543 153391 220460 274305 283470 394046 428193 428498 445204 469094 469095 469135 469140 478116 489415 489424 493980 536410 13905 439554 322297 446022 32446 73927 74795 162362 376511 453478 485510 256938 469079 71674 530720
50957 253794 286274 376122 496093 142680 325101 351669 459635 465905 476197 505195
55017 158534 339500 469396 66413 155096 300910 318079 318090 407868 425656 518217 407872
3069 81664 203243 333710 468467 492665 540757
211006 452195
39840 45922 395427
118203 206513 212121 365285 381652 201878
149339 233610 330933 334880 373181 376748 460712 522043 42046
123654 481910
66078 131037 240998 241019 299583
241707 351881 357744 386269 480500 490791
268964 520163 511685 283114
60606 60607 60643 101201 205643 480375 517741 328528
487582 513582
353622 353624 353635
230959 282607 363928 493355
22116 269590 343987
136748 178971 370178 386623 495490
11074 105139 201095 221647 347908 381506 388324 305022
381352 456223
72994 173411 288816
94213 110062 178554 220205 250261 269199 322607 353310 370860 448868 472803 383361 443073
112925 137052 255701 342541 437244
192260 201171 230723 400924
140510 295308 374862
3687 28710 44808 53023 61099 61731 65322 70588 86570 90138 110478 114768 123064 124215 135174 139398 149454 166072 191118 236828 240484 256888 262758 281266 341923 348763 357623 358052 425157 431000 433199 440397 493626 517372 521815 533797 537458 485042 50083 507862 416895
22190 55057 62762 100606 101145 104766 104768 104770 104778 119023 119025 175382 202441 289740 289742 289743 289746 289751 289753 289754 289755 289756 289760 411902 441676 485327 524040 193320 193323 354662 110393
93813 217054 226679 239069 263728 273303 471341 488806 513604 517124
136925 161707 208815 435762 447387 465201 471356 412081 298734
11963 57073 91212 194821 239536 273700 285513 305014 307290 319526 332498 362096 392146 415432 448464 483965 515129
32975 38714 175966 257175 267496 326382 336242 346393 405645 477297 522364 18722
24556 72977 160597 342426 343259 524098
47117 71691 94320 96612 99883 145706 187493 199701 209501 234500 312334 360517 362851 373067 400235 438664
521 70004 127332 148870 169697 173687 174097 210373 233313 235362 292843 330506 356349 401127 404185 513756
60085 73898 100724 124498 138799 139160 184310 191337 191817 210828 213761 238807 244836 261169 270535 313616 326840 339854 377346 408250 416373 456402 471242 484992 507158 525995 528449 532279 543268
29564 152299 205580 229792 244404 254505 254507 254551 324623 441667 479346
12062 265611 29584 12060
315279 339336 363574
951 200511 414227 414228
111722 122613 122622 138325 147105 181666 223046 249702 362176
72949 146317 338396 415656 462883
90938 214452 244240 246173 336770 391524 537816
125167 202927 125175
34895 38265 116969 347716 355378 366824 443731
64051 317337 329327 171345
75731 262777 490580 33310
51246 161307 476208 107722
2517 13948 58522 118905 143603 149744 224211 226965 279708 282410 301181 328021 328447 419721 430559 113332 2801
202340 349477 412310 453575 477575
4465 124908 202570 229395 230023 434832 452470 497934 503387 523812 478089
16905 297677 227137
35725 43137 133308 239463 307276 312046 423981 321783
78953 106273 281753 307781 336059 352153 404955 439778 511367 540587 373691
166202 382445 386562 406338 457915 467177
196132 196135 491949 47403
28914 435234 442226 463375
36956 354618 377661
354352 387855 402261 402264 402267 426231 434494 510899 84727 121208 143359 168278 168280 379539 379541 379547 379549 540100
14011 19088 65997 107706 107709 107716 107776 122553 135151 135539 196367 211235 226384 234872 243825 285418 311950 312017 324629 342254 456222 521994
3114 36638 40035 45625 56335 70193 73922 136344 148444 148725 150549 161142 169366 194423 203424 216586 272052 319737 364241 435749 436280 479189 484103 484636 489771 516044
50774 62962 102093 112326 293362 391145 396595 414633 521099
3883 30039 134175 141436 197127 201731 319970 340397 510393 541139
11818 96868 425125 412100
38926 161318 172595 308654 315446 376908 430858 517813 531212
22010 36737 49003 84346 128696 131492 133735 170339 200204 216324 236756 249476 258182 269999 322841 352591 362704 371095 395017 396491 433538 442618 448603 476581 374480 492500 1797 26829 311817 226047 211634 387441
73937 98804 98855 99173 235901 301581 320317 445195 543522
5726 5728 5734 30565 105042 105049 129719 129721 145811 161874 161883 174181 195404 243096 243103 323993 329617 422812 445998 507149 514917 522201 519385 128018 161873
293039 293044 434190 436949 461185 525180 540024 198055
89730 122147 282768 415037 247239
207944 207946 234920 303698 383708 399461 530882 210166
14305 409927
308767 308768 308769 380019
43424 130445 199656 354269 1200 51113 80433 87071 89970 142400 152589 164387 167882 189124 226140 256580 279755 317090 330293 342871 354088 354565 423673 463745 474381 531792 409881 224252 197137
187025 214465 427532 6394 37672 133679 297412 430427 434433 442152 443776 451022 523676 434436
50739 82953 148423 369409 369455 451280 453071 477597 502452 514143 534712 13857 148417
36521 325123 342902 405679 405684 495822 495823 495829 495824
100582 129861 144441 250015 294760 316076 330976 366337
22545 49608 117583 141177 311003 436233
411 25558 111832 172588 207834 536254
253126
68103 156330 386218 504608
45287 192266 252021 337084
457372 126810
84836 519897 50167
54847 492247 82457
8469 16793 83901 97023 150274 264024 287686 339985 373941 445520 450013 468775 529047 533897 170809 283610
218279 426952 379559
12346 98663 180078 373724 429812 538597
105664 199086 199088 281568 394449
443 19197 70513 86888 104176 105204 128705 139840 161232 165430 185636 195461 200228 216567 219107 278001 302507 312166 318376 360679 410980 457300 475488 487943 489751 508801 521872 523591 524008 533027 7099
29103 55457 65312 84639 85900 109242 110457 114761 122965 140945 150359 154377 164602 232317 272804 275458 317034 319392 371964 383679 395887 407219 422634 488010 508669 537703 543414 61091 75169 299812
18479 52787 102292 126974 298838 387411 389114
68641 350932
1163 15433 36150 134714 184634 247771 263773 280696 345468 406080 482044 177961 272470
6351 168646 228092 390836 477206
19323 86563 292001 517847 517859
227369 286151
5346 189670 278338 364114 364115 403121 497155 499045 518044
293948 446392 508971
27959
16710 20571 90704 116757 191382 238369 407908
5138 75941
389396
242097 270387 276682 382792 461654 461669 485750 60866
92025 168180 484280 511844
320365 365096 345483
26767 26769 32688 63369 63371 77328 77339 112824 112825 112827 122005 122007 152199 187294 187297 195054 287916 444048 444051 458949 458950 483106 483126 504543 522078 70071
100695 109591 110816 402779 402784 490295
385314 181409
102864 224684 300185 312794 462180
117816 296327 457642
224420 320163 338515
20297 23130 24614 26617 27657 41404 42131 61016 69255 73088 81150 98011 101561 112788 135071 135956 136696 137370 140470 140620 162935 174384 182254 191740 203088 204147 204274 220860 223593 244374 249943 251415 263822 264454 279196 281767 288913 294082 297017 301693 308995 314034 314189 320915 321449 324586 328079 337678 337991 338223 342319 345602 347320 357724 369646 369677 377046 380885 405524 412826 414226 415843 430553 435149 436557 448131 458021 490680 496424 511245 516611 517663 523930 526828 2849 3460 4825 56436 58350 70287 71772 124082 147607 149819 186065 215184 238836 294495 305967 313182 318012 325027 341087 352323 362720 372872 457476 464888 474959 527901 471737 25539 223160 276330 272055 426256 401775 38071 274340 280905
48394 537472 254829 45104
6988 11264 78474 209331 354506 396743 476077 476092 500905 500917
162905 182183 253596 268719 449139 487654 487656 87702
18871
22044 51893 76847 77458 79412 110946 126072 134417 175837 202849 211862 329352 349908 362180 449531 473521 218050
152006
6231 112285 182145 301684 463938 100764
54222 106194 136774 155598 225247 229584 254345 356240 408029
221789 433711 437733
10711 70709 73196 143147 168084 200962 201617 210144 215148 248505 276648 293920 313563 339079 371116 373238 418827 428857 452678 465744 487986 497754 523753 527849 320805 280988
31894 31895 103798 298986 341236 371692 375274 419250 419253 419254 467419 472622 497706 519348
117614 139711 161457 368364 368371 442550 462227 465116 480472 509896
72226 175144 185626 233084 246160 268827 295134 337917 411027 440817 28519
16595 207304
14157 37883 54265 58422 74745 84106 101663 148741 173996 220470 259515 260876 284697 285123 285246 330397 366775 401654 411066 422447 425578 432649 450282 454152 473398 490984 514902 520119 520455
11880 56773 295064 344141 484610 497899 501518 509570 520413 372052
16253 27877 50037 54603 59216 74703 77068 99160 124223 132771 139847 144958 148960 152594 157592 206281 232354 247826 256182 258456 264303 295343 312581 326337 327789 330122 332507 336537 344721 348809 351039 351604 375640 380681 399606 404609 407423 411667 435530 452442 460548 482957 520459 521818 523270 529142 531808 533939 3365 60613 90677 97698 108640 110029 134894 176119 190418 222033 246286 251915 294519 331590 369501 392075 393447 459834 479755 491069 493057 505904 526090 160435 72965 510013 521011 522261 330216 187171 232913 95308 519036 180583 118408 164668 310594 131061 290324 405299 31798 509664
140937 288030 329387 364737 486322
2894 3679 8026 24580 89055 94083 97717 107131 108363 110775 110777 122664 122666 137527 137545 148848 195564 208201 212045 230357 237858 241235 282393 328417 328419 328430 330850 348754 364623 364634 381719 395197 404010 432293 450297 454413 478362 523811 526185 541417 541419 541801 517201 332872 403965 46711 524208
19370 50246 192052 305365 492792 465934
131944
210605 210607 268119
52939 279190 426017 498679
406965 537922
93256 93274 93403 155211 356429 356430 356435 366722 380434 384210 428268 529126 473116 212862
3841 353325 377372 377380 97893 148445 74788 389190
62554 144469 445322 507060 507063 260897
1105 2511 48716 48720 48721 87932 88789 111172 132270 132274 136209 136211 165101 165389 168752 213186 239736 270233 274159 304562 342327 359267 452077 467217 502037 502827 512492 532594 533977 539584 543788 415737 316307 48718 303322
491421 517791
18129 32753 53014 59093 93642 102545 114137 127218 133133 158005 158869 183057 196192 235570 270219 292178 318094 330924 409083 431773 476415 510869 543434
172062 227921 285524 330175 468293
73466 73477 419978
156820 327382 381820 424741 429668 453462 482450 531036 542246
1164 7775 10872 12275 18396 21859 22108 22750 33972 40150 40368 41947 44417 46734 49011 49251 49404 52705 53201 58209 62816 75422 76174 78548 83365 84360 95124 96246 98598 100800 102786 103920 107337 116893 118972 123137 126263 126867 128604 135305 143180 147613 151478 153222 154922 154972 167320 169941 176655 181589 188168 193701 193968 199136 210491 210965 212190 215982 221015 232111 240177 240649 241902 245981 250555 251857 269278 286552 288210 290254 298981 312191 318316 337899 344787 355126 362412 364079 364368 386317 389994 395337 403712 407916 407983 408514 415696 415813 426901 432507 432520 439603 443438 462564 464824 466954 475193 480112 480777 489123 493163 493231 493702 493977 501189 505072 507622 511805 513605 515541 517097 522764 524164 531157 531766 531905 537583 538291 544328 544343 547472 505586
5208 50077 76957 99684 117261 126278 162503 180614 187418 201745 219094 222799 252836 310403 324951 328880 334802 343412 386468 396443 399903 410172 420903 434233 436556 446004 454321 458374 462544 464994 469968 489414 167382 390464 25930 362616 223919 338450 440723
5747 7083 26901 87846 104062 143271 146623 181922 239992 278593 390656 503505 492497 156757
457072 457085
213828 455453
51369 56285 85822 112416 119568 151659 177145 178246 260312 274440 290612 290613 302808 310160 401230 450130 324231 370011
57365 274517 293647 293659 293662 293656
496855 496857
89972 163303 165121 223142 272427 314957 316782 441755 482876 530563 89971
207523 383169 399151 399156 399158 509512 28873 365064 451370
296324 332135 373569 395227 48413 73083 353526 440074 504887 534469
85046 119819 172824 201863 248716 263268 345974 538606 538610
2721 172871 189129 211198 211918 236093 260883 387809 452472 315436
195526
10149 30877 56711 112428 123304 171678 271402 286245 313181 385197 481100 483774 535197 144320 161645 168016 208800 216460 233811 258579 324386 409816 462355 486553 413498 482057 408416 305279
28328 52693 151422
58392 408944
50647 338877 357762
416394 252738
22153 22154 243593 544099 544101 546671 547406 243595 131663
29335 29345 29348 250725 312657 312658 312660 312722 371821 395795 396983 409386 423649 487499 542733
9372 9382 29929 29932 29933 164480 35615 520380
21403 89742 270559 397210 415121 450338 515427
31020 49744 133331 533555 194322
286624 331605 294926
55312 237209 343491 526816 495215
436832 436873 509314 509537
6557 11352 67614 67617 67618 67619 134561 392622 437058 471348 474245 67616 225624
51981 342981 223189
289084
249827 251872 436129 416357
99360 253776 272131 365606 393022 393326 438945 459852 487879 515854 519117 537610
74666 450482 88974
133283 221229 284087 294372 437004 437009 437010 60508
316720 441613
44628 84532 96511 169922 181142 224444 236237 273391 285348 339497 363723 394650 408706 439165 467157 483628 491454 230093
6092 109233 109234 171972 207285
107680 119170 216471 270034 294506 487945 494471 505411 524009
31305 60344 99127 252569 269909 312454 393892 437003 438455
490377 288072
245030 334490 318229
18326 27384 126054 128420 142745 198600 236452 284448 294605 421796 421837 421843 421853 421854 421856 484442 534825 154741 456294
5912 10634 154396 171724 184624 187693 192194 256469 316824 341397 346359 375557 432330 474939 474942 474945 474946 473668 432383
31838 83592 100652 109663 166158 166162 166225 321740 352955 400798 424637 532258
4216 91450 108411 226228 245639 400169 473302 478692 526764 37145
25829 55491 226536 435660 435700 435716 459853 496805 504979 435715
46901 65002 148286 201129 203622 260126 294724 315974 361607 374151 441057 445680 478857 484183 485621 262320
135954 160749 289020 317290 522414 530719
35237 51400 67936 92834 349561 496149 471280
5223 133273 322051 440411 440416 518049 392270
8285 80361 336577 346464 430590 520037 336579
688 15749 17934 19252 81909 116912 122874 127128 135006 144083 145886 162598 166494 169466 170410 201679 203632 217427 232501 241305 265874 290331 294162 302782 305636 306218 355903 388799 408181 414051 416089 443830 464056 506695 512458 517843 527583 534307 548285 46650 84370 173625 119385 71210
31061 275568 416985 433420 459621 485312
191369 314745 337585 337592
33492 65243 65513 141157 258162 292574 346811 406477 430451 495620 521772 33345 316409 541076 124351 98112
13933 30971 34580 41775 58875 105780 139315 231618 329970 335883 422134 507204 508883 516740 521453 530613 539201 22157 251787
62960 120296 122211 163023
79070 121919 142230 165141 286636 294783 316850 340933 448617 516510 532925 537035 443972 341120 366211
176255 532724 67976 299422 484708 106407
6224 6664 22968 54773 63856 100755 102969 120984 154218 155754 160996 244526 287618 316855 339744 339755 349850 350200 353156 382934 402866 483719 489148 495858 508515 519067 521609 526783
218100 292127 301237 333442 450744 522957 533302
73891 110743 128583 188720 300598 324597 335299 442446 444336
1806 4389 49243 49268 164686 376498 393054 405956 528993 121188 160502 216817 321497 158841
1547 45292 45295 60658 103118 104712 141007 263181 326464 334974 351390 484333 504033 528285 536934 174485 195684 199616 448031 494565 260938 149319
35867 369336 484428
9453 51371 51382 213650 432282 482370
526469 521506 79233
61308 113764 203895 216380 286961 295903 408435
34799 34802 58848 345624 516523 520546 38162
64869 100932 200920 210859 267416 495066
27890 48131 52064 55386 55388 57383 165463 219781 238491 389895 405178 483076 538129 41336 99182 335987
62211 99302 123836 154277 154282 209163 236304 344610 359862 372706 407647 431741 522205
17239 101389 276154 387833 417412 424750 501768 238430
13635 60236 312520 407374 473351 502353 520897
473502 495814 122115 139994
303927
40932 60426 69992 121380 135271 144956 178173 196826 222160 289417 302416 388977 425745 453129 467926 302698 366425
84309 148221 414685 193837 448427 509142
113592 127960 377832 456621
95958 215058 368586 376450 376451 376453 386424 443484 513460 518553 518554 518555 518556
198903 204686 445938 526129
53560 64572 65000 68257 71640 81499 84239 102941 137824 145911 145932 150243 166867 194836 200952 233632 237442 276649 310305 319620 324456 325553 326762 357095 372675 384360 390782 421764 423381 427308 459129 487636 491070 509448 519807 533527 541584 355542 200801
101 12525 41105 81019 124786 136798 149285 152118 161590 186707 270951 368140 384513 466129 489538 538851 441871 96847
179558 258340 258343 421693 421694 421692
252628 463961 485383
398328 422104 426714 430272 454223 536575 484570
296511
14599 32239 73054 101295 113773 171491 200196 227747 243469 337503 387972 404752 443897 459971 492349 497338 361091
28895 61602 168536 179355 179356 231008 333040 357301 466713 533777
96239 351364 473115
133087 296346 356553
26714 36062 103651 465335 478810 507789
3954 106506 206340 250469 264361 274975 279552 290541 299296 345253 369293 485231 510212 283824
99435 150183 392423
136918 458137 59102 145748
315316
4624 214232 516499
173149 268606
21270 84409 262923 412703 462023
29866 192608 232195 468680 478760 239582
206842 541656
33374 349932
43657 62080 80682 163046 224484 267959 377023 473474 473755 530348 534978 344889 73333 86144 136793 155031 173539 178628 209292 246858 271319 295861 301702 316385 352393 377293 484405
149139 149143 149144 149145 171543 211436
69059 94571 197418 444527
77823 232310 334840 334845 334846 340946 381994 393657 394247 394281 394286 394287 394851 406835
34532 57289 83996 124086 157352 223296 239501 239502 239504 269138 277283 294717 311956 353763 353767 353768 358579 368291 393680 429215 434163 448930 467710
209225 256705 322648 348165 538888 527653 24554
6596 47694 124093 134888 154240 300585 324665 371886 399682 456290 428784
117069 223212 469642
67537 352253 392495 394236 394241 532448
454021
49230 360803 420228
57920 148142 253872 265064 409766
422 170849 451122 535138
33371 69413 290786 433897 444567 393076
52589 134194 137503 303171 137498
11516 61571 68613 101983 110252 134328 135378 151094 172939 195987 201405 209611 223755 234598 257265 275487 291129 379682 384715 390845 396655 429260 429722 434828 435174 489520 508419 529268 537268
124476 511862 511816
84915 143456 184555 223247 248775 279503 281920 321284 344146 360020 371631 379022 437822 444728 34883 92489 137114 175887 179969 262611 285265 294613 337785 344252 348401 360478 439377 447303 462377 466951 473834 513880 519390 518522
230731 255527 278776 303218 405971
198684 386738 392437 470404 304846
28531 28556 28570 28591 179193 179195 179197 179200 179201 179202 179207 179209 222647 233248 298950 299705 299709 426432 440259 179181 341070 70623 179211 139293
7557 33603 75311 85219 92811 96207 117368 142827 162776 206674 280523 290394 308901 343097 366745 414409 422934 426267 515051 518671
139413 146125 155108 177753 298861 503551
325045 325048 328245 369720 373310 421283 502726
73031 362086 462250 468090 486437 505163
8334 12983 12985 45252 78005 120449 149759 168585 185541 197411 207306 213313 264630 293343 462233 535978 544121
411330 419262 435347
394597 402636 470197
26060 50406 138750 198685 223945 228712 271485 381732 471563 475333 496411 512678 522910 524028 528972 531578
298877 476153 476156 193364
50387 152370 178467 250185
178203 230382 349175 459127 478862
272098 329071 381137 434278 482499 487438 512302 513830
74447 134809 220435 255330 278871 305037 352208 410632 416374
116984 472121 484566 62992
16644 21173 196875 243839 315660 323571 455142 90445
260781 364650 478744 505924 364647
112786 112792 235293 347667
423664 427876 278308
84016 164427 244635 258534 296540 418557
174240 275479 410489 510102 172861
18761 55464 68576 70820 72560 93483 142708 177643 188145 218956 243937 326811 396350 398611 409245 413997 420131 422366 462174 483799 488493 512409 42023 80532 410027 171252 459666 20716 508717 246045 198400 370166 513275
278731 317254 341322 341344 341352 128544
19679 35455 112758 162648 206800 212546 289400 303846 304830 360825 369143 379571 380999 425198 442046 464920 499196 21332 355619
41783 66432 115952 217106 279875 296850 354293 404506 503711 541044 131344 520360
36169 48825 188821 213609 260559 402729 424292 493529 128999 221577 345163 456085 522815 523198 13169 221585
32514 107918 131925 178224 326818 392394 415761
48933 98546 134759 142299 143575 164231 189331 215588 305173 306231 370940 420948 432354 465092 208995 324827 452249 219248
187112 267237 344635
18588 302362 325088 367797 411305 415466 424871
80429 86199 87073 138399 191707 262286 364200 387987 404725 489673
12382 150444 216938 290148 324252 325240 384227 526724
214558 280574 370607 428574 496793 496834
77453 205276 311001
461279
68582 337833 360107
60593 209590 503639
34464 53577 115788 443467 268978
199497 287016 37922
4406 19471 157089 178108 220801 226561 234224 277277 386376 430041 453999 455469 535391 194407 408420 409317 494662 32702 54892 186535 202203 230643 249831 317331 403188 464736 484963 522622
87769 118077 122815 167100 210348 214773 274196 340409 412316 445673 478705 540608 148649
162879 356980 417575 514967 540054
62812 124033 134231 156993 159159 160934 184126 184173 245826 292384 294762 334969 370049 378854 412901 488583 543459
48712 472423 500803 436116
168501 537116
64191 222382 464708 517861
280181 345827 393849 417695 441552 490177 516170 33175 57659 72183 268866 487659
20888 20903 123508 298519 301487
113217 351760
12886 250240 362762 367182 373837 418510 418514
272379 524965 530490
97106
195027 233306 246031 362905
257413 413700
242613 357172 381138 405013 128214
73067 77947 389999
7834 29820 119727 163070 300747 532451
363229 463386 487583
236319 287450 324553 326801 355078 488055 496357 532242 533220 350956
6688 18059 36712 73833 80778 104911 112494 132794 133831 145503 158753 174472 201407 219575 255586 259625 276958 281468 285560 292405 331825 336749 376852 411592 416431 424508 425287 430888 432003 452257 466842 467133 511848 538944 56222 111606 307520 539854 49082 292797 316846 517285
19097 74921 121995 142454 164009 222671 244035 255990 296533 427927 479281 332312 496930
141160 166105 213112 484517 509475
141379 160702 166344 236473 327998 332673
62000 90315 139540 158287 168553 168555 174935 186990 203274 214187 232163 283031 290071 297405 302333 306688 312934 328685 351686 364541 384433 408237 463162 470264 496096 499025 515701 518975 521507 531261 249936
21053 78534 95177 109927 155380 237103 263493 348315 420886 466235 490239 509466
2183 49996 128994 160063 187482 196867 294552 361358 422433 464378
27896 72864 127182 272921 286203 310578 347332 472806 522858
283859 404474 424093 457110 463706
12086 112046
124773 222735 365448 489152 464568
159172 462347 474241
89572 452209 464555 434497
85206 177301 432414 538158 54424
12902 25476 25478 81346 103249 221601 221609 223808 247642 258835 261988 319151 335964 344218 383707 408412 441718 458212 468887 496832 526824 536622 538751 538752 138993 172808 442764 383716 134195 310323 197806 496269 422195
57444 67586 68955 269644 296579 303297 303361 321472 336267 337201 348167 398838 409526 409527 409529 409534 409535 409540 466141 481062 494459 509802 520403 524067 539656 271979 533948 477860 474870
198530 215365 217086 223267 288236 315835 338513 357585 396677 397738 425450 425466 428867 444210 474021
27545 98669 122050 206352 233151 233154 233198 243505 267607 304476 312464 322390 346525 346528 346529 354098 397745 385177 424230
241485 255943 269112 282855 516988 85664
19752 36397 103633 113052 237888 516643 458085
122823 132408 156043 181326 476911 500110 516511 460687
20879 194100 322414 346530 372634 372637 521731 218527
35590 223414 265210 273232 347999 357619 400151 420455 521061 522339 126549 96725 541994
223157 373568 397512 421220 448241 337102
68823 75157 88617 99183 172446 249808 348925 426724 508485
26567 138036 162823 169502 209923 530596 199799
140741 273675 305809 336994
116407 438364
15010 35072 341185 348996 394023
226605 468003 529460
18696 31264 119100 181783 211881 234948 375352 534454
155697 199787 493941 368036
1822 4645 7001 17716 29516 46774 47682 47750 51619 52944 75510 83064 87508 90166 90546 93372 94201 103529 107221 110031 111430 116789 121895 125772 141236 143470 143980 150139 151205 159553 164421 173327 178341 183478 184995 185045 186598 190384 193112 197286 199857 202049 214048 214971 218002 218826 220496 232138 235790 243709 250774 254853 257338 269544 283617 285611 285967 291289 297914 300365 303420 311029 315058 316269 321713 326307 333346 334633 336115 348376 350190 351105 354879 356552 357034 357757 360852 363412 366509 366691 367642 371490 372898 375374 376886 381792 384707 386841 400446 401615 407566 410605 418859 425538 437872 439577 446414 456757 463662 469419 472011 472190 490624 490853 494409 501167 501544 516259 526811 527570 528346 531024 541918 543550 544242
122814 170619 249819 426274 515081 9477 17400 49986 61025 66324 74491 82276 91487 97983 106873 120511 120721 143750 165323 166089 169637 177767 182173 185964 195109 209840 216658 232429 242337 243136 249536 257304 257520 257906 262051 264490 266865 270721 275325 276496 278127 280033 298491 313625 315789 322361 340503 342923 347869 352727 356114 367135 367905 376753 383714 387589 395015 398530 414963 415603 438812 443480 446885 450302 481362 485236 511033 511383 520757 522605 529014 533768 542594 82113 133754 265293
852 2556 2613 2917 49336 70350 90820 103626 150211 160859 170622 196298 218600 222789 224305 292251 329483 330153 358490 367698 407147 409740 420580 424145 444965 448512 513011 517958 524313
9210 49314 54316 62738 67777 85948 101383 116877 137265 147649 209209 221671 230077 245109 300093 330655 367155 379579 419374 438432 459223 467413 479594 507327 507451 535943
52159 63198 91552 104469 105844 188510 221011 232218 241413 248243 254714 298405 378932 395878 412947 417079 440889 462537 275789
123128 447338
54336 95225 513572
28959 60856 274952 379960 486260
19300 75929 124481 147122 170064 184512 241333 255452 329073 358512 358873 478696 506181 355396 249375
89452 187217 247072 290671 353824 378983 386403 470382 472716
34869 177542 247967 438089 525731 302567
356426 356431 356447 382035 405911
39366 168827 209002 505531
182679 215409 109175 275648
24662 43435 43439 65780 75851 98042 109195 122538 130635 214433 214441 254723 267623 280853 282965 282967 283195 350170 361086 365599 366969 373230 403170 443596 494728 528029 62113 251941
1994 61102 73660 87268 107992 147842 169284 176914 186228 219888 246575 285201 296948 335091 389945 396216 432716 504371 520958 521909 537167 366131
262492 256266
69805 81384 250579
21513 100892 101480 112124 115260 158820 170067 183831 189612 251493 254994 288575 300208 316849 350318 351378 361649 389115 407247 423524 426088 432613 511534 536075 241647 433300 509910
24076 38185 69456 89973 91601 95977 105027 108628 116177 120959 154244 168624 193691 208626 233933 297278 336083 454029 514297 528522 535600 543534 517019 446826 272795 104372
166768 179327 193507 412931 533900 254939
49820 111022 124602 128633 165511 186703 203827 217231 236861 361112 371295 376053 415235 427438 486082 518426 528254 169493 56208
65047 546586
47657 73184 96500 99560 99850 134160 141110 156060 171857 242719 277604 278354 318129 337936 339577 347815 378463 379535 397643 498346 106385 396772
56270 110150 110152 110166 150023 270055 361613 361619 361626 385426 385436 385494 385496
26233 87261 251237 360195
34448 50982 420620 476959 476975 44778
18103 34108 51103 93112 154817 183514 202852 240693 274819 289263 382571 418808 438438 457208 481287 506211 514958 230512 503250 478344 396542
3552 7580 22749 121135 128737 178064 188787 282366 282645 287651 291810 352793 447790 539542
47347 53681 282318 98335
108179 276167
204315 394557
116690 247247 328962 433697 482834
56618 166948 273463 456543 498058 47006
7531 37268 60979 88632 106415 146668 241954 246032 253204 303306 320470 332256 333279 344512 398287 464143 477136 506006 519914
14445 18504 86503 127075 127341 127388 129787 231715 278417 291894 309263 309414 328428 343680 364895 367850 369811 392363 411761 452947 458122 470372 486582 498224 501516 526689 533905 537097 471071 526176 383177 227401
149474 436264 467909 487083 506541
124469 522664 486164
162739 179026 424078 429428 510004 510005 510016
212909 237561 242766 496699
194702 445930 517962
80680 422374 450180 475986
38545 39526 101573 116460 131416 157852 161271 165194 169330 247343 247358 259168 260602 288273 290420 301152 368865 384854 420916 432610 480822 481044 495935 501622 502939 522641 523585 523792 540957 281324 518013 42617 500515 109149 100555
398645 409979 437578
46192 49529 188916 222974 300959 316610 359357 372164 506982
52577 214106 242626 442789 442796 479816 486799
161427
67330 357761 493703 497490 384193
259399 421963
11663 352260 356500 542038
298731
73952 147969 147982 272558 317005 325609 504965
107781 529629 337195
267555 283197 338508 357811 381653 381657 445251 471740 506446 373727
75155 87113 87126 87127 87129 243105 276395 330371 362229
10732 14315 50147 67649 142383 147778 165469 199231 230958 262023 280689 288316 394334 405948 429163 529054 379766 262025 262028 323618
8826 47863 113270 214715 235278 250423 269766 333303 340053 350004 397977 436165 436170 436171 475168 540486 506952 167731 4965
2249 121594 154675 179871 179872 286571 286573 339819 388255 420407 518925 518930 519237
22295 183949 322370 450136 460518 481511 529748 541480
111650 224387 264562 290301 331618 355806 380405 444646 531144
139762 485348 167426
264317 335958 424654 505880 529947 538821
37475 198566 295160 313191 471388
144025 260220 290798 335744
36734 59130 293701 325434 530707
14979 170045 245730 496722 519269
7667 199697 226854 341839 144876
323531 323532 323534 460955
274146 422043 457203 4123
208408 320944 369146 489640 537841 169642
139757 188198 432213 510439 510441 490941
188202 208523 456247 522092
141471 269532 141467
4464 190377 193030 229447 379369 403309 422198 494068 511456 522935 7923 47375 50651 68214 72090 75316 93106 105321 142439 145710 145912 167436 196138 222381 224414 237499 249165 262203 271676 296406 297160 329897 335880 351614 353214 395631 399100 406877 423205 430505 446578 447126 454489 459882 467567 488489 490905 499869 534791 226841 218139 537561 399426 117624
162229 275061 338137 371279
47669 249126
224970 304629 469721 304631
14038 82894 124281 124283 130050 245958 245961 245966 325421 336426 364774 429855 325416 196422
21544 48549 135434 172825 172827 192962 331740 331741 331743 336383
144151 208740 239067 243438 276109 328728 367291 486875
96688 96689 169896 201408 284699 299640 379719 507385
73661 85308 204652 349757 451174 73676
491995
337044 161328
26564 78311 216368 267768 220061
229556 342774 407638
159867 416387 301119
19778 69991 80880 111814 117075 126017 162714 174023 178367 202699 237543 270302 294787 319959 342978 362454 407678 416640 417607 425882 429837 522719 536549 38836 153118 45422 250038 286610 524158 190528
44770 65878 108941 475035
151862 242226 399318 435179
44696 80221 80563 94663 102383 113628 118792 135637 149946 169816 175456 191821 192404 193928 203312 232737 236746 251381 256375 262671 270973 293015 300191 317425 336113 341467 347180 352371 372978 441304 477925 478411 482512 485589 495931 510576 512529 514773 518097 534011 543929 234154 456390 257513
8365 42999 47207 51254 56713 86000 88312 108788 159455 162365 188898 200810 216507 240914 241228 261544 265730 271540 286224 307482 377099 381983 391315 391924 425149 431123 434532 442929 443611 457527 458250 471993 536082 540508 20904 115966
279582 358797 470929
42128 134868 158917 190509 212517 364015 380892 435607 471818
31054 277519 482225 527073 538805
61988 161587 173589 186785 201513 201515 282755 328420 445524 469573 109820
85039 142163 247773 272462 356263 358351 410235 515489 541930
66334 66338 136733 423025 145588 287486
100920 170945 266632 311601 361337 367186 389896 405823 413692 461863 509960 210439 313239 361444 521270 317591 433118 487032 492193
77445 190019 300785
32082 35642 163587 286958 437349 437352
153672 493461
142773 186966 378063
169423 528417
35213 42560 521750
8466 180100 336130
137968 320166
34813 132051 241624 292183 329439 330260 388653 414719
198496 339508 422982
62352 111230 421254
14896 21659 21695 24397 42346 62867 67051 71036 87626 132671 145089 158674 162709 163015 166077 182587 205505 210462 233838 240678 254423 258501 278725 282906 303160 305716 350288 370812 408836 411795 422063 436124 438354 445259 486888 534790 538222 2797 31200 47626 72238 129002 129819 140476 165128 196566 198304 202609 203397 216625 264309 266187 270593 278146 283440 315577 320858 323371 323378 348877 384795 389473 412353 417383 429082 438003 439622 463702 472962 480884 497828 499649 501124 514909 516992 96812 96824 121482 243863 1015 231400 466135 96828 260329
299766 308296 308374 313436 313438 313448 351353 361731 373951 374147 484282 313445 106045 313447
54182 112408 135747 265240 340335 372431 446676 507743 530864
335486 338843 359673 363073 483701 486195 508622 144629 489209
8162 100088 121306 203098 259466 283868 368180 409882 446391 497820 547604 323227 367295
71069 476657 494030
124945 124948 537905 542915 542955
284931 364317 364353 388131 388132 388133 397878
92707 122021 147259 171677 183214 199855 240874 248217 250953 277503 315368 322320 331184 358887 389997 392518 392680 410695 424074 437941 480619 504513 515526 518791 530846 2411 9649 10064 13768 15289 17023 21628 29098 30597 37375 45782 50999 54949 58915 61963 69201 72043 75366 79662 84708 88581 93401 100344 101280 101974 105539 110557 124196 125825 128438 135843 142595 145542 151824 152237 154141 160661 161912 164140 164812 165040 168149 169162 170940 178260 178529 180067 182543 186111 204136 205597 206591 207828 208097 210341 211919 218533 229451 239629 240213 243864 250213 264194 265316 270651 280180 282747 284484 285643 288779 295118 298214 299682 301756 310707 312723 318944 323558 324619 324936 327139 328570 340570 343602 347666 347774 348664 350551 351020 351405 351827 352294 354111 364755 368631 371620 379439 381294 384688 390438 394879 397827 399824 407014 408212 412348 412976 415742 427671 428543 434715 434917 436894 440729 440865 442025 447487 450500 453375 453437 458888 463500 466304 466832 471583 471620 472444 475566 482373 482982 489239 490115 492555 494286 507975 508516 512055 516354 521723 524460 527680 529823 530304 536296 539156 539353 539578 540798 540836 543463 543565 33563 46279 46639 47912 95344 120579 127536 144321 148541 256238 262114 288862 290088 305053 306531 308531 312209 331170 338475 407401 411849 418521 453326 505613 518323 520574 527948 539948
32026 101413 170001 185169 231450 265216 386984 441937 523179 93020 156266 180908 387160 390045 395309 425633 437619 445783 460244 484370 491208 526859 533815 539236 172006 473103 76087 268517 425999
11312 94655 119215 139700 168868 169911 194584 230711 278973 285717 369456 375306 381571 393415 397353 517172 517456 527594 42482
8324 9244 9246 9247 9252 9253 9254 9277 9282 9284 10034 10035 38972 38974 38977 38978 38981 38982 49756 51393 84392 106093 106103 544170 1637 1640 261662 544403 546316 546317 546961 546964 30679 38973 9834 4767 1282
34120 184680 219207 293154 300584 300590 451794 519084 33551 268686
89208 113863 138405 138406 148515 206475 229807 311830 420387
8287 13998 16240 18134 38783 59151 147916 182078 222180 244192 247042 343725 434815 466190 468048 508080
45548 215266 249771 360314 468231 532208 147931
45393 59578 288004 290031 476189
8323 198204
33957 100071 221632 410532 434764
61195 81858 150077 183631 306986 352756 366700 419305 508809
53049 96237 185560 209375 374105 468184
41743 49344 66396 115914 232402 315408 495573
101218 236362 302431 381615
2991 8183 18668 121944 271884 347926 370447 488148
52092 94727 130724 196150 320332
448 2117 28123 52713 56684 75848 80796 114138 121361 130042 131874 154321 158327 170021 203546 260305 271148 333085 334420 338709 362528 366149 389968 392186 396362 410087 449691 455467 467401 471848 485055 491851 519832 520877 525658 529820 544416 547506 11915 15922 36802 40326 66017 70230 79419 79705 81790 89918 95258 98343 104350 106397 110425 111550 131043 135409 146401 149579 154146 155663 162974 175213 183231 189882 209915 216697 228082 254963 259788 286536 301483 310488 325745 327922 344483 349627 354715 389791 397448 397575 403346 403540 413490 416018 416364 421373 433792 463529 477664 485524 498651 499716 524779 535908 41015 152512 375133 394515 482169 504629 475036 75762 13589 326481 515094 56913 488416 427277 206540 368498 321910 301682 81042 270024 338300 104366 347419 55701 86150 334588 135115
95025 96570 145667 145796 173982 190037 220940 241881 245861 251270 323234 323839 343273 388820 439926 491704 514938 520043 544881 17709 29420 31816 54426 54592 62052 68266 77207 89482 99737 110845 113814 148667 153667 154531 155547 183335 192753 237412 255998 266875 267488 282030 291353 302934 323681 327230 332625 334949 362794 385452 387927 399472 406316 421055 430917 447132 449271 470241 471504 478239 490663 492019 493688 513584 518779 522052 523122 526279 534183 543383
3542 14092 37532 38132 44688 45762 49333 54865 57325 59197 131921 154864 182834 186396 201209 202791 211693 224973 237080 241253 243277 256540 265901 267766 294696 301633 327394 339120 343092 382101 390087 394014 396290 413449 417568 421503 441494 442103 443954 448951 471555 489692 496695 504502 509123 509476 519862 520946 523360 533175 534674 547579 44312
13679 14299 30348 31488 34250 34937 47550 65296 72727 78028 83362 96479 97661 119495 122267 139317 141005 163486 164157 170387 177466 187476 199961 209080 213786 241304 290337 292080 321742 360322 362275 371991 378689 396135 413248 435810 443747 475188 478514 503446 510530 521184 521217 530270 539784 544322 38822 510417 80013 415287 64429 297644
25624 33379 37456 46990 54882 82064 125538 146859 156950 173435 192900 211804 214059 225455 242803 245507 260701 262116 274940 280651 287026 290875 291402 326323 353596 361346 385932 413665 431195 441045 478532 479518 481729 482033 483021 508757 39576 147000 170690 188807 265910 316854 334559 461532 520878
116101 178800 257678 294220 313315 377735 450376 488765 524390 8692 23486 47961 85096 103262 128002 145288 148592 150787 151088 154776 163339 164111 165032 174682 190629 194740 203458 213196 222987 236168 251371 260179 266243 277846 306761 318984 362442 365635 367031 410900 413457 518817 519367 520715 523261 536093 540171 544840 41803
7354 14088 34701 48881 67485 95456 116168 117507 123033 158156 165937 171152 198470 244847 269951 274645 284716 335564 342933 359712 396939 420729 421169 424495 442249 476202 486744 497038 544993 311323 331778 381847 28152 450417
5197 22780 35814 37101 56342 57060 75588 100623 129143 142229 176500 176695 181785 196910 245851 246767 284216 290968 308167 352799 352885 393110 398631 407895 415981 418918 455942 485935 486884 490231 509535 515422 541552 158208 75935 157635 107045 535153
8720 22915 47521 49211 78517 118030 286824 339296 480628 488277 496847 518489 21160 24168 45559 87059 150755 177644 180594 256695 260944 407999 414652 429148 447363 482118 486548 503978 508458 508576 515797 308545 47164 6335 239132 110669 62963 328678 18622
55107 168754 380082
45195 73766 149180 198392 423443 490796 609 9098 48086 50303 74160 74997 117356 140352 145448 165212 182894 212800 231462 245990 448156 469283 534597 534904
46515 47075 116731 299453 332834 457735 478539 529871
5457 15489 27651 31953 60667 203359 270273 310937 316207 344438 354742 369475 373680 444683 496329 323165 24669 26602 69077 75123 224389 309081 311683 335655 377116 389413 450091
16383 201221 403163 446385
12904 18493 49830 67416 68152 161796 182190 221490 233927 246279 248522 260643 265479 400566 401575 418739 422194 450464 457079 540769 287304
157161 193300 491479 158802
54044 423281 514837
253947 469529 512330 515626 9668 38967 68765 69644 95845 162406 175766 179813 184412 222692 238822 288516 352628 368443 380516 395540 397776 438576 442479 320612
97682 168784 180137 262713 431971 407994
202170 270508 287742 541707 4015 48899 133720 223513 318905 342041 357018 478326 541015 314370 349893
33094 52657 74972 244920 261409 327959 344354 367949 406869 471115 483451 503043
15147 61160 62574 114369 213775 263425 334441 335860 430087 433898 436388 444595 460609 472790 482336 484081 35815
35446 37555 109756 165812 290573 328028 331903 518053 519887 537844 542138
21106 49504 225450 228363 320295 355676 512502 513547 529251
189897 415955
22085 64287 67454 120388 155770 170756 189109 195156 203633 222584 253870 271928 277405 291669 301867 312146 363363 389962 419009 437660 442876 483882 485105 491554 512147 528715
60316 62937 246646 544163 545245 547205 547944 548137 546176 546178 547107 548142 545044
196547 208712 414323 465309 508745
31150 31152 203415 241701 354193 364760 378207 402117 464252
126223 131652 163166 234758 309704 417203 468065 492552
66653 82400 113380 223285 321616 331718 370317 535681 385591
52588 74313 206374 395623 425893 426065 541515 541516
24123 88684 89676 89678 451013 522748 532481
3373 13472 13475 50948 54958 339002 393765 520150
55591 121097 169552 395215 428101
130442 356449 502349 502359 502398
306740
101649 102034 102035 413287
141498 162722 287495
1965 1978 4704 8934 37874 68131 158734 158906 167220 229030 239165 247783 353741 362545 384540 534698 95192 530074
175864 251123 275566 275571 275574 317208 351650 396430 459875
10180 103534 121764 150312 241811 323254 343878 382935 456320 469585 519455 406805 461234
22700 175581 198253 488040
68954 280691 365863 365867 375612 400343 407103 424491 449703 111610
7606 17667 32290 113434 132461 135104 286421 466969 467080 530618
11392 47706 459582 525488
6372 182335 316666 450071
32902 264870 428205 428212 428214 428215 435477 435500 465815 500878 500880 500881 500896 512037
146269 292617 358440 468203 539633 539640
118252 346420 355427 537376 299546
155316 441286
128316 337448 445147
542528
29702 46220 54207 79265 79273 79274 81591 155786 249355 251263 251991 259996 279902 353346 395041 485641 523107 202367 379495
11030 19506 85288 87391 168776 224018 227783 271354 317630 490961 494959 524973 330044 395117
13590 36516 91330 159178 304965 316081 346343 394010 398934 405832 422567 430891 445445 478382 85033
69314 94208 107729 463487
118454 205328 210580 303442 312313 373401
