164985 225214 232761
105089 282815
200103 220085 311307 359487
231953 523128 518997
112814 112823
118948 209822 455700 482725 191846
55727 78359 335007 170327
12147 73388 269070 439998 178783
82995 156987 280502 236045 24632
266568 340791 412272 453272 526727
40932 60426 69992 121380 135271 144956 178173 196826 222160 289417 302416 388977 425745 453129 467926 302698 366425
75000 156489 207684 278335 321867 388736
74354 128808 201212 345411 376224 431343 432551 484443
15463 62494 85494 167886 193021 284926 345133 482079 517035 526381
242898 273685 343188 365944 405248 485768 67152 108939
12526 33054 346440 501788 538991
169543 219957 284749 346229
104761 166117 193805 245190 262219 484283 521532
10054 26713 58514 70100 75004 96488 163865 172242 172243 219976 219977 219978 219980 228233 228236 228239 236243 247838 248267 292202 312163 336176 336180 336198 360344 397072 415652 430126 435244 435249 446646 448629 502394 535490 68779 312177 284405 488132
11799 11804 147132 449388 452567 533929
14859 27964 159043 223851 358132 459043
32428 118086 323498 367483 411766
45157 304504 45156
8157 404155
8495 150048 164309 221460 243178 281604 292542 377561 426350 449280 498126 520322 532147 4484 5437 9656 38463 45600 54536 132870 148248 169736 170987 195830 202401 217014 313050 315910 337062 339961 373268 379472 382714 396419 407156 447954 451248 462111 470171 475223 499218 517835 534133 174295 355554 254311 405500 532348 402444 377672 529422 386545 446024 450407 495028 263950 285990 425449
5384 110507 110512 110748 192985 372395
65390 180936 214026 319423 367843 295115
7916 86421 88597 126382 153577 188170 200838 214804 226320 251763 264382 266291 288764 370403 430441 476094 476822 535698 425892
353654
29159 188735 292677 411328 464161 476644
12695 18212 30775 41151 77284 175318 272501 283732 292732 356320 356330 357741 387065 395079 399629 418333 453457 531440 535087 543005 475951 542979
48386 157449 181471 197675 229780 294731 335993 355487 509571 537966
10861 500504
23338 53654 74163 424802 450237 535531
93003 163816 212108 347287 387941 422973 536483
28346 382295 493122 122368
90508 241677
54 135014 159866 178505 202793 242523 334058 370632 394570 442252 522777 418374 529701
68164 90017 164035 209103 221076 234757 344437 386267 395500
57824 82730 90608 107186 109422 328644 377039 391732
59586 60022 100707 119487 128025 143005 166165 166170 166173 167893 191264 191279 244171 307846 424622 424626 505371 505374 533174 68775 188036 269006 501967 505359 534471 256475
17348 47156 63867 303329 312849 351508 353748 361150
39024 340358 346686 348122 382265 406622 461663
52177 342582 343803 357139 397652
331090 211607
13837 293389 382801 392824 430704
4891 154368 240949 346810 391006 434525 482090 540862
42761 58894 102756 108405 172687 173342 329503 387236 426707 455994
21397 147833 193216 202424 285022 416667 421706 533455
144045 156667 194080 365781 367283 386697 445264 173236 169044
132950 176263 176270 202686 222274 274441 305768 415354 482125
100394 173813 186430 396870 536290 428880
193203 228571 253308 460939
350365
189330 199812 220034 382482 526388 186907
30623 76457 104494 136452 173156 308223 407878 431590 535009 410225
13507 52414 73606 77307 101960 114258 136805 162278 182520 326114 350260 362817 363913 365166 392538 411500 445249 472275
42828 329732 440992 459589 493912 499772
130722 203259 234035 341428 452316 463827 488085
51162 294043 362026 470113 482419 507403 528331
117609 173667 305042 306504 327667 423171 438183 490100
55243 78826 103520 188784 274519 286707 293921 405928 440458 64882 293946
12742 242504 352232 372442 425543 428381 470671 485488 54178
64751 214829 250005 253000 308617 331600 392902
3069 81664 203243 333710 468467 492665 540757
157587 286107 479118
54237 139208 161829 215794 253322 269821 291619 387913 446679 507731 507736 507737 507750
33116 95736 200577 220425 237846 252872 338819 518003
59509 68430 84384 93341 172036 294094 310314 504212 537726
36240 93547 108203 344212 375470 419212 501901
35096 68020 100656 144036 166163 174757 191283 191284 239725 250018 308709 310642 315965 348335 364316 413326 424623 424628 446669 450131 485307 520489
63076 67221 182616 249104 274294 354326 438866 463165 465766 484041 254448
20676 60967 70797 114872 222386 228567 269750 350356 388751 509194
53833 88999 112315 136935 287017 352856 387637 415698
248483 324474
192260 201171 230723 400924
86967 107110 264650 289094 486317 521391
94157 228971 387856 473690
202340 349477 412310 453575 477575
21584 43288 113369 293968 318953 341763 343017 368792 392187 464182 524986
13867 21789 43967 108325 219714 367717 410401 448789 456740 492018 496038 526750 533680
20761 37316 47014 76302 123563 234014 337603 463377 494258 512373 532301 154417
59813 104569 164456 245585 311064 430982
26950 53522 70364 80737 102770 118665 123802 127411 173699 256539 258931 270490 280839 435495 447308 463627 479547 513436 522331 523504 524343 524821 530112 531334 322266 470056 447229
11462 163294 209787 318299 319527 385265 416994 421463 430736 514230
17994 27468 67232 133986 162036 182146 279061 288871 381698 435800 436924 479941 519796
599 24701 78205 198913 243898 344715 527561
40257 149459 302298 323354 391957 468596 532365 87944
239451
19614 267299 483438
19622 30849 34477 140014 224056 367439 419643 463507 6854
7933 15292 16714 20070 73991 77749 102398 127074 165039 190124 196165 205831 257703 341768 366000 382206 433499 472771 481690 516440 251441
4005 97674 282981 319136 371558 391665 463620 474167 493578 496977 527275
2223 68284 114393 139407 244679 289508 328671 424392 479184 497568 527734 530164
11065 31591 55931 168287 216739 241646 299114 342259 379596 427444 478910 500652 530841 197866 355648
14245 54528 144069 259746 418053 436121 446311 523611 527637 310133
85960 100001 185031 334881
183356 250924 275371 299770 372953 389000 425475 440811 462792 487020 522161 525784
134939 348821 415746 439139 457766
60937 101631 103133 153491 181126 284423 287808 303562 326990 334991 346114 462464 493507 538396 213736 45101
155539 267320 342293 462683 477039 491661 542743
121006 168431 175809 193599 263169 271753 301093 350839 357226 376665 422678 449137 473120 207193 324488
217508 496276 526306
12608 33227 107111 157724 252074 252075 276515 437875 437879 437883 437936 486359
146898 221788 247776 325697 325701 476489 514817 529612 541928
78909 215320 224554 369575 530108 539677
136950 207857 217115 222994 252416 288252 298476 302152 311205 343957 403212 452729 478422 502099 92198 404851
38076 362908 388892 450893
6290 16051 20998 91627 186585 223416 277700 302104 342521 384625 417199 471109 495975 524273
146593 542865 543666
195496 311567 381599 432389 500036
203826 365198 503396 517526 517527 365196 516830 23490
252628 463961 485383
296511
46977 118922
73 42018 142583 261014 261046 279516 345111 369214 386868 417573 451459 483855 511743 516766 23912 282562 324103
49230 360803 420228
22967 63725 260630 290530 331860 426567 454171 470571 491828 531263
52832 78161 94146 99690 146709 159374 187702 234734 296855 297650 301723 304234 318902 333628 334780 352715 376728 400669 441673 449166 473141 498010 513131
544135 137036
49952 150470 199121 244765 247554 269072 357917 333697
241612 507575
34594 82034 95834 246655 254624 305721 306515 309474 313113 381894 388342 397777 399259 406858 412129 423031 434737 482990 374164
42714 100259 198172 216202 230862 242628 345528 356182 359466 399876 511516 515102 531753 405757 528956
127346 545427 545429 547254 547256 113034 44514
176 131232 201855 321841 347858 533157
18946 21193 74639 133887 151531 241574 297110 382408 426827 428152 445944 450706 505600 451372 345863
299842 434493 434495 438850 535349 535350
4085 10486 60002 415440 508129
67412 87694 116840 199841 213022 235471 255529 261886 327390 338053 377548 522428 530854 540364
207803
43606 50157 103921 134935 368947 447988 452260 517606 225654
30515 109310 177056 315518 338994 364271 393490 417413 441237 460624 161270
43572 154506 157140 238989 265976 283468 303403
4804 26284 49697 66802 84512 91726 123900 170107 266583 320914 354669 376458 417848 424287 486252 503239 518091 526735 532709 416072
30582 47276 61182 98764 137182 163495 228881 342258 364790 376494 421426 502459
1994 61102 73660 87268 107992 147842 169284 176914 186228 219888 246575 285201 296948 335091 389945 396216 432716 504371 520958 521909 537167 366131
38942 74213 99188 108584 167797 215664 234546 242551 266425 267735 287319 289921 337561 538964 530207 281259
10539 49330 51625 157060 172940 177681 184803 193534 212245 222181 242068 247051 254528 280526 387584 403840 413495 439133 463382 472626
54074 184017 214684 316403 316430 337623 340511 344206 419377 433704 436828 498325 505254 518807 529617 530205 535124 539013 355712 203229
2246 40924 68704 74720 147766 199476 243994 260488 268943 338095 349653 408445 462002 464495 488231 517892 22826 126841 263014 287458
74023 140392 144255 183871 206643 230601 255355 260920 322563 364779 366253 442379 466634 413860 465991
33771 271638 523952
247514 290865 319325 404306 531490
88172 283516 390746
180712 288126 304564 331974 356196 364176 380137 56946 133099
69033 115062 296908 309758 322139 518626 70488
348108 372238 396166 415253 443821 492595 160798 233468 257621 281988 353931 522415
49148 145180 376640 411004 462064 531521 541932
13146 13752 22979 43798 51660 87311 122728 225783 290347 298914 301823 316752 320545 352817 371837 395752 443545 459197 467827 473456 483004 159929
149259 192466 363813 386371 430475 437545
315631
169977 174729 237477 270134 274716 283188 294112 340717 407032 428062 430923 431108 439717 480598 482603 516030 518931 524036 529657 530354 382042 468067
17999 60502 82648 139614 186839 273870 288281 331220 331221 331222 476590 543502
132457 191796 195043 200224 204353 204354 282391 300953 401574 415565 416429 446733 504361 538078 144502 200365 213201
232842 259903 319367 344561 366254 197035
148017 148080 239036 247263 148090
79772 158573 174206 285723 366456 401351 401355 401357 401386 456694 483898 487550 548526
8481 21046 77024 91252 95685 103400 216381 242686 246761 274946 281478 292120 423896 441658 450625 474757 480790 481279 498400 500282 506249 528442 284295 201586 344474
495392
6936 24169 104066 218474 246022 265339 344497 437263 466104 523617 526436 399968
32015 37761 75175 87318 96760 105873 192743 246879 256722 310207 339441 340390 363712 393304 413141 413751 435303 489224 512110 512599 439277 46300
292085 368988 368990 369000 369002 476488 542678
81071 81128 118113 189653 189654 292331 480841
91773 237173 346293 462501
54269 129913 252501 503168 504163 512878 243402
216056 303541 366556 398182 420499
49061 360239
7563 52199 55481 106336 107678 132409 168662 172464 182338 235945 242550 251731 261287 289265 301505 325454 330626 332684 332863 375365 378831 454625 507431 278358 264806 193742
335314 366593 436141 522668 195115
61601 61938 64808 102931 111008 132915 134831 143714 144919 145293 180095 185527 211652 231184 297268 299089 313355 321860 325491 334990 341978 353132 513774 520346 524353 86455
65060 125994 133562 144713 159868 162977 164250 168743 182116 189339 207402 231714 260596 293562 308944 313823 339172 343646 406785 422696 455986 472600 475084 515316 532383 547471 375097 484303
14372 51145 53416 57683 91784 110102 133777 176731 224731 236879 249279 298612 314700 315898 316167 434104 461258 463515 477993 498667 511619 524663 102978 42283
217261 221400 264947
158129 292038 464340
24022 24025 150988 335852 547755
8619 64259 89532 100452 107976 108073 182478 190065 224978 239320 327059 360260 363769 375710 382607 404936 411334 415818 417210 435207 450533 453454 454437 459849 484008 503238
129718 172754 295873 506571
55674 109648 120923 120977 132830 137880 140689 143495 157659 173171 176204 181154 201249 202731 211279 283022 411093 419011 423566 453635 471834 485258 501192 3123 273113
4365 59908 109351 124819 148039 157047 211726 213292 231545 289611 317169 324952 335295 349450 356399 409903 410732 448053 474908 493950
16648 30209 44363 118433 121174 124176 134925 162112 164515 185683 186312 186915 210884 237812 336128 336618 408265 440144 483406 488903 490890 523852 333869 397560 173427 115348 91944 63647
129187 195341 214813 432745 19002 319626 106810 214810
35651 60708 70392 107783 517993
70432 149458 272922 324533 351983 411467
30750 34871 84256 95613 110514 111861 128494 136771 144738 153115 169867 194926 202702 227251 241853 260745 269403 273321 273547 298033 302756 326539 335113 339242 343976 364433 383249 431169 474655 513119
31195 36793 51142 64999 67111 90295 90734 92800 109808 166561 177538 198063 211751 212805 236925 248191 276010 285067 353233 378214 394175 432128 463724 488909 501909 520004
216758 301613 457714 492112
33528 35633 392206 409773 462036
32892 78488 81957 94166 143368 187952 215497 256479 273064 279547 331930 345142 389343 391388 393538 421881 446997 470866 470946 495786 502084 505755
33081 42712 53054 64291 93974 103232 107269 154963 230284 263035 272971 342410 383223 397772 405594 411171 431132 437291 455392 458352 486464 494644 518739 544308
38970 152778 462944 477570 533323 66574
148918 287142 503858
6304 127782 431507 431508
183325 209823 260990 296623
447929
20839 81900 97607 123315 156093 182454 194704 233263 258046 290926 328302 347983 369001 389655 495549 506623 518711 521336 189841 504901 14311 494187
117539 309574 341777 372557
448106 491470 384181
425504 448700 309625
15270 66281 130135 144241 158407 171071 242712 362431 370106 373682 420969 447474 518949 519172 307057
6790 21716 28723 31306 67055 75824 87466 107068 112067 127043 152440 158592 162427 237078 239125 239637 280601 281386 291115 338580 340504 379874 388654 391883 393559 412103 431347 434739 441859 458333 477155 480282 509640 520151 528852 530606 534007 285256 240218 13965 379695
26369 260532 341836 411791 469669 509074 461804
152001 197818 197814 207963
126397 268312 336038 376244 461964
159503 246476 248173 394804 12898 44502 358002 358004 358006 174631 272669 380100 91623
440525 468511
57621 399672 399687
188409 288952 446726
128209 146619 379349
55712 55719 186838 325058 346881 470876 470886
429715 520268
524110 211808
4146 21483 25701 33803 35571 42149 49035 51773 51935 53222 63874 66787 102775 108580 133152 178686 195538 201227 214149 220904 248037 251959 271813 272524 276246 301600 304321 306793 331207 337486 403381 407774 421033 451183 462832 468261 468948 478839 483679 493743 497701 499925 503771 504740 519747 520679 525716 537153
236462 318313 392318
2137 31014 78589 94796 147315 335132
190062 274521 328123 405565 101668
1841 11532 46370 49255 63495 109491 123228 125127 149492 152436 163778 171065 182875 186518 203981 211472 212191 215844 219482 245138 254741 260615 287062 304646 318724 321245 322560 335121 335452 337625 339339 365870 376846 380765 405904 409945 420862 443740 448439 457111 463472 467018 472959 484094 487028 489658 492742 507509 513947 517291 518284 520107 544796 473216 160407 372374 472228 83762 489949
177204 237989 304250 437722 462984
38085 42565 93814 110650 141343 147152 165406 189829 208621 211894 216826 221436 264569 296207 313446 350413 411459 454723 488813 186613 194776 448724 63631
3375 19319 40008 98725 105719 161231 185464 186328 208349 218069 348448 349314 373450 419909 468369 475012
238496
153688 189151 199179 231860 231862 231865 238339 256663 260324 288738 347684 368721 398297 405970 407932 506485
24235 139534 159226 258819 326541 351110 367827 396156 415544 488459 512763
40935 89837 99659 108268 135360 147214 197439 198351 282863 293297 310645 334574 377165 413084 417223 538642 230333 411120 419413 450182
63368 157272 256198 373528 427654 466283 482155 497000 517875 180578
18673 218537 296685 300448 362960 387071 474169 516348 366943
204468 412241 356740
174308 229525 312428 312429 323657 472380 344974
42420 256011 408401 462256 361541 343145
32115 193098 380604 428448
73031 362086 462250 468090 486437 505163
3120 9869 14992 101939 149432 150038 189398 203600 226912 236382 246768 276086 276847 300171 341761 362551 377304 436450 447700 460256 471688 504831 528926 80905 123297 434120 52665 64539 70232 71521 77320 78849 81392 82128 82823 91983 104504 104997 107230 112768 120326 137392 146209 153172 161157 178391 190266 218429 219484 219936 242549 253751 254204 266147 269579 281118 281961 284788 319065 321216 330541 335032 343112 343933 354348 375181 376939 399137 412242 450608 455158 457320 481242 483042 504277 518606 527391 538992 65985 289784
331731 336391 395217
19835 41045 104898 110488 116452 159145 186229 219498 278766 296598 324908 347653 353224 407840 425169 439845 472922 507160 520774
88030 395816 420502
413965 462145 437905
520468 529818
38037 409524 458245 507317 496657
175831 270174 270293 471355 471370 471375 471377 471380
27423 47053 71686 71689 140141 157669 192596 215022 253721 276474 278502 285273 338869 346469 387683 387928 392657 405849 445736 469656 469658 483307 522171 542307 542308 542408 543045 543253 543652 543679 543680 543839 483331 495189 483333 405851
14073 44908 58975 58977 69337 81228 106100 113840 121514 211717 237111 255202 262774 276695 285798 289285 313954 326988 339225 352552 396697 428546 430767 463576 465629 511063 519126 525489
6866 41056 45028 76615 85939 98963 142413 144541 163711 184227 184237 191141 335966 363689 438202 453943 476929 523226 537684 540421 546859 546860 546926 548103 108134 462653 288207
29759 39537 39538 39539 39540 39542 151456 151748 151751 176604 257397 536741 536742 542826 543731 543762 133617
9762 16457 126438 196682 214555 542319 542780 51175 136210 159972 189286 204831 221801 301886 301889 313801 379184 542026 544939 542899 28513 482998 216152 342330
359086 401165 401170
12303 27620 53701 86141 208422 351254 355291 383645
17651 27941 223909 223912 338888 395199
24458 24462 261193 336745 170798
202056 273441 339154
221362 336486 408908
10597 240442 327664 399829 496047 531694
13316 43038 48207 63557 72771 83887 265608 304374 329339 346289 358439 370367 418122 454959 477225 529494 354442 182274
1820 10687 26443 61891 70027 79895 85518 94903 96907 102507 102971 115002 118233 118378 119092 160700 163082 164600 167642 171437 183511 185834 187854 190337 206265 207329 228086 233088 237249 238138 261977 268581 269505 286373 287049 293591 297126 303589 310096 327126 333429 354429 363933 384350 387578 394137 411367 423187 425681 426033 429147 434725 436429 472084 489399 491494 498596 508581 508904 512048 514212 516947 520280 527136 530406 533808 537745 390225 213264 135942 178061 50313 279570 60965 341392 120970 112858 388235 200769 332244 424964 505955 509360
14948 32065 42826 63151 68116 73128 87891 93317 129997 134663 156457 159988 193110 194944 197841 199507 206283 233996 247651 260469 276007 284796 299112 321831 326225 353013 371067 380776 399039 410759 416423 422155 446503 452082 465402 495357 497384 501277 510562 512468 518125 518984 540659 540861 7219 204899
136446 288831 346486 397143 474594 498843 527558
166768 179327 193507 412931 533900 254939
97561 114732 150327 185709 332264 446008 446010 446011 453018
62919 111580 212352 248013 335458 396966 76514
56618 166948 273463 456543 498058 47006
323988 539229 107400
320622 443826
2694 74217 149937 271996 469316 498928 172017
51718 71714 471616 496530 505616
6899 37829 70409 244754 336593
2126 3951 19411 25482 28682 36893 37313 40330 48815 49247 55648 71938 73917 91351 92426 103928 107996 135937 137778 157349 166059 184063 202277 224377 235408 249182 260186 269463 273695 282154 283515 287734 287998 288908 298152 307186 326049 344945 354492 354845 363055 363588 373235 377269 390591 394441 401187 412381 419838 420900 425057 431285 434890 435544 438282 438922 439705 445196 448900 452964 453143 455205 458402 463156 464271 466579 471901 479011 491652 494329 501176 507462 520543 530630 533891 535792 536374
398645 409979 437578
40110 89049 111754 218900 239826 373969 446572 461015
210464 235705 271023 276501 336961 471385 234839
120070 444034 33959
61530 83599 148944 174182 210875 439731 444804 464000 82959
17137 26087 62648 62649 87403 266342 337386 521520
30600 279287 342724 415141 425574 481907 515124 496284
314443 479970 314450
13436
1500 12177 19625 21516 31980 50856 54519 72700 76261 81303 90431 100464 121344 121441 121768 124220 125000 138211 144800 145300 152770 168056 180569 182085 186400 193153 196827 200566 205402 227121 229039 251964 282212 302509 303834 304553 305601 319406 331200 356893 368669 395622 398443 407436 410747 412282 424386 442010 442541 452941 458185 463477 467195 468085 471456 488943 490490 490861 493324 498708 500747 515331 520608 526560 529227 539662
68136 168437 274280 350351 388282 471342 427997
37960 50803 245498 257303 487957
55637 58670 73810 185383 212225 242680 289741 368252 404060 415676 437455 463509 488077 488851 519580 531535 542645
88809 182037 456555
110413
118476 184590 185177 525081
96430 285988 396980 401172 491737 497585 498957 8203
208154 208741 210255 524274
275375 394915
66081 89597 107736 273096 282498 353324 353333 355197 406398 444215 520291
73912 73929 73933 73934 73938 152543 153391 220460 274305 283470 394046 428193 428498 445204 469094 469095 469135 469140 478116 489415 489424 493980 536410 13905 439554 322297 446022 32446 73927 74795 162362 376511 453478 485510 256938 469079 71674 530720
50957 253794 286274 376122 496093 142680 325101 351669 459635 465905 476197 505195
55017 158534 339500 469396 66413 155096 300910 318079 318090 407868 425656 518217 407872
211006 452195
149339 233610 330933 334880 373181 376748 460712 522043 42046
66078 131037 240998 241019 299583
241707 351881 357744 386269 480500 490791
60606 60607 60643 101201 205643 480375 517741 328528
487582 513582
136748 178971 370178 386623 495490
22116 269590 343987
11074 105139 201095 221647 347908 381506 388324 305022
72994 173411 288816
140510 295308 374862
3687 28710 44808 53023 61099 61731 65322 70588 86570 90138 110478 114768 123064 124215 135174 139398 149454 166072 191118 236828 240484 256888 262758 281266 341923 348763 357623 358052 425157 431000 433199 440397 493626 517372 521815 533797 537458 485042 50083 507862 416895
22190 55057 62762 100606 101145 104766 104768 104770 104778 119023 119025 175382 202441 289740 289742 289743 289746 289751 289753 289754 289755 289756 289760 411902 441676 485327 524040 193320 193323 354662 110393
32975 38714 175966 257175 267496 326382 336242 346393 405645 477297 522364 18722
24556 72977 160597 342426 343259 524098
521 70004 127332 148870 169697 173687 174097 210373 233313 235362 292843 330506 356349 401127 404185 513756
60085 73898 100724 124498 138799 139160 184310 191337 191817 210828 213761 238807 244836 261169 270535 313616 326840 339854 377346 408250 416373 456402 471242 484992 507158 525995 528449 532279 543268
315279 339336 363574
72949 146317 338396 415656 462883
90938 214452 244240 246173 336770 391524 537816
125167 202927 125175
34895 38265 116969 347716 355378 366824 443731
75731 262777 490580 33310
51246 161307 476208 107722
2517 13948 58522 118905 143603 149744 224211 226965 279708 282410 301181 328021 328447 419721 430559 113332 2801
4465 124908 202570 229395 230023 434832 452470 497934 503387 523812 478089
166202 382445 386562 406338 457915 467177
35725 43137 133308 239463 307276 312046 423981 321783
196132 196135 491949 47403
28914 435234 442226 463375
36956 354618 377661
14011 19088 65997 107706 107709 107716 107776 122553 135151 135539 196367 211235 226384 234872 243825 285418 311950 312017 324629 342254 456222 521994
3883 30039 134175 141436 197127 201731 319970 340397 510393 541139
3114 36638 40035 45625 56335 70193 73922 136344 148444 148725 150549 161142 169366 194423 203424 216586 272052 319737 364241 435749 436280 479189 484103 484636 489771 516044
11818 96868 425125 412100
38926 161318 172595 308654 315446 376908 430858 517813 531212
73937 98804 98855 99173 235901 301581 320317 445195 543522
89730 122147 282768 415037 247239
308767 308768 308769 380019
43424 130445 199656 354269 1200 51113 80433 87071 89970 142400 152589 164387 167882 189124 226140 256580 279755 317090 330293 342871 354088 354565 423673 463745 474381 531792 409881 224252 197137
36521 325123 342902 405679 405684 495822 495823 495829 495824
411 25558 111832 172588 207834 536254
68103 156330 386218 504608
45287 192266 252021 337084
54847 492247 82457
8469 16793 83901 97023 150274 264024 287686 339985 373941 445520 450013 468775 529047 533897 170809 283610
218279 426952 379559
443 19197 70513 86888 104176 105204 128705 139840 161232 165430 185636 195461 200228 216567 219107 278001 302507 312166 318376 360679 410980 457300 475488 487943 489751 508801 521872 523591 524008 533027 7099
18479 52787 102292 126974 298838 387411 389114
68641 350932
1163 15433 36150 134714 184634 247771 263773 280696 345468 406080 482044 177961 272470
5346 189670 278338 364114 364115 403121 497155 499045 518044
293948 446392 508971
16710 20571 90704 116757 191382 238369 407908
389396
242097 270387 276682 382792 461654 461669 485750 60866
92025 168180 484280 511844
26767 26769 32688 63369 63371 77328 77339 112824 112825 112827 122005 122007 152199 187294 187297 195054 287916 444048 444051 458949 458950 483106 483126 504543 522078 70071
100695 109591 110816 402779 402784 490295
385314 181409
102864 224684 300185 312794 462180
224420 320163 338515
20297 23130 24614 26617 27657 41404 42131 61016 69255 73088 81150 98011 101561 112788 135071 135956 136696 137370 140470 140620 162935 174384 182254 191740 203088 204147 204274 220860 223593 244374 249943 251415 263822 264454 279196 281767 288913 294082 297017 301693 308995 314034 314189 320915 321449 324586 328079 337678 337991 338223 342319 345602 347320 357724 369646 369677 377046 380885 405524 412826 414226 415843 430553 435149 436557 448131 458021 490680 496424 511245 516611 517663 523930 526828 2849 3460 4825 56436 58350 70287 71772 124082 147607 149819 186065 215184 238836 294495 305967 313182 318012 325027 341087 352323 362720 372872 457476 464888 474959 527901 471737 25539 223160 276330 272055 426256 401775 38071 274340 280905
18871
152006
54222 106194 136774 155598 225247 229584 254345 356240 408029
31894 31895 103798 298986 341236 371692 375274 419250 419253 419254 467419 472622 497706 519348
11880 56773 295064 344141 484610 497899 501518 509570 520413 372052
2894 3679 8026 24580 89055 94083 97717 107131 108363 110775 110777 122664 122666 137527 137545 148848 195564 208201 212045 230357 237858 241235 282393 328417 328419 328430 330850 348754 364623 364634 381719 395197 404010 432293 450297 454413 478362 523811 526185 541417 541419 541801 517201 332872 403965 46711 524208
19370 50246 192052 305365 492792 465934
3841 353325 377372 377380 97893 148445 74788 389190
1105 2511 48716 48720 48721 87932 88789 111172 132270 132274 136209 136211 165101 165389 168752 213186 239736 270233 274159 304562 342327 359267 452077 467217 502037 502827 512492 532594 533977 539584 543788 415737 316307 48718 303322
18129 32753 53014 59093 93642 102545 114137 127218 133133 158005 158869 183057 196192 235570 270219 292178 318094 330924 409083 431773 476415 510869 543434
5208 50077 76957 99684 117261 126278 162503 180614 187418 201745 219094 222799 252836 310403 324951 328880 334802 343412 386468 396443 399903 410172 420903 434233 436556 446004 454321 458374 462544 464994 469968 489414 167382 390464 25930 362616 223919 338450 440723
457072 457085
57365 274517 293647 293659 293662 293656
496855 496857
89972 163303 165121 223142 272427 314957 316782 441755 482876 530563 89971
207523 383169 399151 399156 399158 509512 28873 365064 451370
296324 332135 373569 395227 48413 73083 353526 440074 504887 534469
85046 119819 172824 201863 248716 263268 345974 538606 538610
416394 252738
9372 9382 29929 29932 29933 164480 35615 520380
31020 49744 133331 533555 194322
286624 331605 294926
289084
316720 441613
6092 109233 109234 171972 207285
31305 60344 99127 252569 269909 312454 393892 437003 438455
18326 27384 126054 128420 142745 198600 236452 284448 294605 421796 421837 421843 421853 421854 421856 484442 534825 154741 456294
31838 83592 100652 109663 166158 166162 166225 321740 352955 400798 424637 532258
4216 91450 108411 226228 245639 400169 473302 478692 526764 37145
25829 55491 226536 435660 435700 435716 459853 496805 504979 435715
35237 51400 67936 92834 349561 496149 471280
5223 133273 322051 440411 440416 518049 392270
8285 80361 336577 346464 430590 520037 336579
688 15749 17934 19252 81909 116912 122874 127128 135006 144083 145886 162598 166494 169466 170410 201679 203632 217427 232501 241305 265874 290331 294162 302782 305636 306218 355903 388799 408181 414051 416089 443830 464056 506695 512458 517843 527583 534307 548285 46650 84370 173625 119385 71210
191369 314745 337585 337592
62960 120296 122211 163023
33492 65243 65513 141157 258162 292574 346811 406477 430451 495620 521772 33345 316409 541076 124351 98112
79070 121919 142230 165141 286636 294783 316850 340933 448617 516510 532925 537035 443972 341120 366211
176255 532724 67976 299422 484708 106407
218100 292127 301237 333442 450744 522957 533302
73891 110743 128583 188720 300598 324597 335299 442446 444336
35867 369336 484428
1547 45292 45295 60658 103118 104712 141007 263181 326464 334974 351390 484333 504033 528285 536934 174485 195684 199616 448031 494565 260938 149319
526469 521506 79233
34799 34802 58848 345624 516523 520546 38162
27890 48131 52064 55386 55388 57383 165463 219781 238491 389895 405178 483076 538129 41336 99182 335987
62211 99302 123836 154277 154282 209163 236304 344610 359862 372706 407647 431741 522205
13635 60236 312520 407374 473351 502353 520897
84309 148221 414685 193837 448427 509142
113592 127960 377832 456621
398328 422104 426714 430272 454223 536575 484570
28895 61602 168536 179355 179356 231008 333040 357301 466713 533777
133087 296346 356553
26714 36062 103651 465335 478810 507789
3954 106506 206340 250469 264361 274975 279552 290541 299296 345253 369293 485231 510212 283824
136918 458137 59102 145748
315316
4624 214232 516499
21270 84409 262923 412703 462023
29866 192608 232195 468680 478760 239582
209225 256705 322648 348165 538888 527653 24554
117069 223212 469642
67537 352253 392495 394236 394241 532448
422 170849 451122 535138
33371 69413 290786 433897 444567 393076
11516 61571 68613 101983 110252 134328 135378 151094 172939 195987 201405 209611 223755 234598 257265 275487 291129 379682 384715 390845 396655 429260 429722 434828 435174 489520 508419 529268 537268
124476 511862 511816
28531 28556 28570 28591 179193 179195 179197 179200 179201 179202 179207 179209 222647 233248 298950 299705 299709 426432 440259 179181 341070 70623 179211 139293
139413 146125 155108 177753 298861 503551
325045 325048 328245 369720 373310 421283 502726
394597 402636 470197
298877 476153 476156 193364
50387 152370 178467 250185
423664 427876 278308
84016 164427 244635 258534 296540 418557
174240 275479 410489 510102 172861
18761 55464 68576 70820 72560 93483 142708 177643 188145 218956 243937 326811 396350 398611 409245 413997 420131 422366 462174 483799 488493 512409 42023 80532 410027 171252 459666 20716 508717 246045 198400 370166 513275
278731 317254 341322 341344 341352 128544
19679 35455 112758 162648 206800 212546 289400 303846 304830 360825 369143 379571 380999 425198 442046 464920 499196 21332 355619
41783 66432 115952 217106 279875 296850 354293 404506 503711 541044 131344 520360
32514 107918 131925 178224 326818 392394 415761
48933 98546 134759 142299 143575 164231 189331 215588 305173 306231 370940 420948 432354 465092 208995 324827 452249 219248
80429 86199 87073 138399 191707 262286 364200 387987 404725 489673
214558 280574 370607 428574 496793 496834
60593 209590 503639
199497 287016 37922
4406 19471 157089 178108 220801 226561 234224 277277 386376 430041 453999 455469 535391 194407 408420 409317 494662 32702 54892 186535 202203 230643 249831 317331 403188 464736 484963 522622
48712 472423 500803 436116
64191 222382 464708 517861
280181 345827 393849 417695 441552 490177 516170 33175 57659 72183 268866 487659
20888 20903 123508 298519 301487
113217 351760
12886 250240 362762 367182 373837 418510 418514
97106
242613 357172 381138 405013 128214
7834 29820 119727 163070 300747 532451
6688 18059 36712 73833 80778 104911 112494 132794 133831 145503 158753 174472 201407 219575 255586 259625 276958 281468 285560 292405 331825 336749 376852 411592 416431 424508 425287 430888 432003 452257 466842 467133 511848 538944 56222 111606 307520 539854 49082 292797 316846 517285
62000 90315 139540 158287 168553 168555 174935 186990 203274 214187 232163 283031 290071 297405 302333 306688 312934 328685 351686 364541 384433 408237 463162 470264 496096 499025 515701 518975 521507 531261 249936
2183 49996 128994 160063 187482 196867 294552 361358 422433 464378
12086 112046
124773 222735 365448 489152 464568
159172 462347 474241
12902 25476 25478 81346 103249 221601 221609 223808 247642 258835 261988 319151 335964 344218 383707 408412 441718 458212 468887 496832 526824 536622 538751 538752 138993 172808 442764 383716 134195 310323 197806 496269 422195
57444 67586 68955 269644 296579 303297 303361 321472 336267 337201 348167 398838 409526 409527 409529 409534 409535 409540 466141 481062 494459 509802 520403 524067 539656 271979 533948 477860 474870
198530 215365 217086 223267 288236 315835 338513 357585 396677 397738 425450 425466 428867 444210 474021
27545 98669 122050 206352 233151 233154 233198 243505 267607 304476 312464 322390 346525 346528 346529 354098 397745 385177 424230
241485 255943 269112 282855 516988 85664
19752 36397 103633 113052 237888 516643 458085
122823 132408 156043 181326 476911 500110 516511 460687
223157 373568 397512 421220 448241 337102
68823 75157 88617 99183 172446 249808 348925 426724 508485
26567 138036 162823 169502 209923 530596 199799
140741 273675 305809 336994
15010 35072 341185 348996 394023
226605 468003 529460
1822 4645 7001 17716 29516 46774 47682 47750 51619 52944 75510 83064 87508 90166 90546 93372 94201 103529 107221 110031 111430 116789 121895 125772 141236 143470 143980 150139 151205 159553 164421 173327 178341 183478 184995 185045 186598 190384 193112 197286 199857 202049 214048 214971 218002 218826 220496 232138 235790 243709 250774 254853 257338 269544 283617 285611 285967 291289 297914 300365 303420 311029 315058 316269 321713 326307 333346 334633 336115 348376 350190 351105 354879 356552 357034 357757 360852 363412 366509 366691 367642 371490 372898 375374 376886 381792 384707 386841 400446 401615 407566 410605 418859 425538 437872 439577 446414 456757 463662 469419 472011 472190 490624 490853 494409 501167 501544 516259 526811 527570 528346 531024 541918 543550 544242
852 2556 2613 2917 49336 70350 90820 103626 150211 160859 170622 196298 218600 222789 224305 292251 329483 330153 358490 367698 407147 409740 420580 424145 444965 448512 513011 517958 524313
9210 49314 54316 62738 67777 85948 101383 116877 137265 147649 209209 221671 230077 245109 300093 330655 367155 379579 419374 438432 459223 467413 479594 507327 507451 535943
52159 63198 91552 104469 105844 188510 221011 232218 241413 248243 254714 298405 378932 395878 412947 417079 440889 462537 275789
54336 95225 513572
28959 60856 274952 379960 486260
19300 75929 124481 147122 170064 184512 241333 255452 329073 358512 358873 478696 506181 355396 249375
89452 187217 247072 290671 353824 378983 386403 470382 472716
34869 177542 247967 438089 525731 302567
182679 215409 109175 275648
24662 43435 43439 65780 75851 98042 109195 122538 130635 214433 214441 254723 267623 280853 282965 282967 283195 350170 361086 365599 366969 373230 403170 443596 494728 528029 62113 251941
69805 81384 250579
21513 100892 101480 112124 115260 158820 170067 183831 189612 251493 254994 288575 300208 316849 350318 351378 361649 389115 407247 423524 426088 432613 511534 536075 241647 433300 509910
49820 111022 124602 128633 165511 186703 203827 217231 236861 361112 371295 376053 415235 427438 486082 518426 528254 169493 56208
65047 546586
47657 73184 96500 99560 99850 134160 141110 156060 171857 242719 277604 278354 318129 337936 339577 347815 378463 379535 397643 498346 106385 396772
56270 110150 110152 110166 150023 270055 361613 361619 361626 385426 385436 385494 385496
34448 50982 420620 476959 476975 44778
47347 53681 282318 98335
108179 276167
204315 394557
7531 37268 60979 88632 106415 146668 241954 246032 253204 303306 320470 332256 333279 344512 398287 464143 477136 506006 519914
14445 18504 86503 127075 127341 127388 129787 231715 278417 291894 309263 309414 328428 343680 364895 367850 369811 392363 411761 452947 458122 470372 486582 498224 501516 526689 533905 537097 471071 526176 383177 227401
149474 436264 467909 487083 506541
124469 522664 486164
162739 179026 424078 429428 510004 510005 510016
194702 445930 517962
52577 214106 242626 442789 442796 479816 486799
298731
107781 529629 337195
75155 87113 87126 87127 87129 243105 276395 330371 362229
22295 183949 322370 450136 460518 481511 529748 541480
139762 485348 167426
264317 335958 424654 505880 529947 538821
36734 59130 293701 325434 530707
14979 170045 245730 496722 519269
323531 323532 323534 460955
274146 422043 457203 4123
139757 188198 432213 510439 510441 490941
141471 269532 141467
162229 275061 338137 371279
47669 249126
224970 304629 469721 304631
21544 48549 135434 172825 172827 192962 331740 331741 331743 336383
96688 96689 169896 201408 284699 299640 379719 507385
73661 85308 204652 349757 451174 73676
337044 161328
26564 78311 216368 267768 220061
229556 342774 407638
151862 242226 399318 435179
44696 80221 80563 94663 102383 113628 118792 135637 149946 169816 175456 191821 192404 193928 203312 232737 236746 251381 256375 262671 270973 293015 300191 317425 336113 341467 347180 352371 372978 441304 477925 478411 482512 485589 495931 510576 512529 514773 518097 534011 543929 234154 456390 257513
42128 134868 158917 190509 212517 364015 380892 435607 471818
31054 277519 482225 527073 538805
77445 190019 300785
32082 35642 163587 286958 437349 437352
153672 493461
142773 186966 378063
169423 528417
35213 42560 521750
8466 180100 336130
137968 320166
54182 112408 135747 265240 340335 372431 446676 507743 530864
71069 476657 494030
124945 124948 537905 542915 542955
32026 101413 170001 185169 231450 265216 386984 441937 523179 93020 156266 180908 387160 390045 395309 425633 437619 445783 460244 484370 491208 526859 533815 539236 172006 473103 76087 268517 425999
89208 113863 138405 138406 148515 206475 229807 311830 420387
34120 184680 219207 293154 300584 300590 451794 519084 33551 268686
8287 13998 16240 18134 38783 59151 147916 182078 222180 244192 247042 343725 434815 466190 468048 508080
41743 49344 66396 115914 232402 315408 495573
52092 94727 130724 196150 320332
448 2117 28123 52713 56684 75848 80796 114138 121361 130042 131874 154321 158327 170021 203546 260305 271148 333085 334420 338709 362528 366149 389968 392186 396362 410087 449691 455467 467401 471848 485055 491851 519832 520877 525658 529820 544416 547506 11915 15922 36802 40326 66017 70230 79419 79705 81790 89918 95258 98343 104350 106397 110425 111550 131043 135409 146401 149579 154146 155663 162974 175213 183231 189882 209915 216697 228082 254963 259788 286536 301483 310488 325745 327922 344483 349627 354715 389791 397448 397575 403346 403540 413490 416018 416364 421373 433792 463529 477664 485524 498651 499716 524779 535908 41015 152512 375133 394515 482169 504629 475036 75762 13589 326481 515094 56913 488416 427277 206540 368498 321910 301682 81042 270024 338300 104366 347419 55701 86150 334588 135115
116101 178800 257678 294220 313315 377735 450376 488765 524390 8692 23486 47961 85096 103262 128002 145288 148592 150787 151088 154776 163339 164111 165032 174682 190629 194740 203458 213196 222987 236168 251371 260179 266243 277846 306761 318984 362442 365635 367031 410900 413457 518817 519367 520715 523261 536093 540171 544840 41803
5197 22780 35814 37101 56342 57060 75588 100623 129143 142229 176500 176695 181785 196910 245851 246767 284216 290968 308167 352799 352885 393110 398631 407895 415981 418918 455942 485935 486884 490231 509535 515422 541552 158208 75935 157635 107045 535153
45195 73766 149180 198392 423443 490796 609 9098 48086 50303 74160 74997 117356 140352 145448 165212 182894 212800 231462 245990 448156 469283 534597 534904
46515 47075 116731 299453 332834 457735 478539 529871
5457 15489 27651 31953 60667 203359 270273 310937 316207 344438 354742 369475 373680 444683 496329 323165 24669 26602 69077 75123 224389 309081 311683 335655 377116 389413 450091
157161 193300 491479 158802
253947 469529 512330 515626 9668 38967 68765 69644 95845 162406 175766 179813 184412 222692 238822 288516 352628 368443 380516 395540 397776 438576 442479 320612
97682 168784 180137 262713 431971 407994
202170 270508 287742 541707 4015 48899 133720 223513 318905 342041 357018 478326 541015 314370 349893
35446 37555 109756 165812 290573 328028 331903 518053 519887 537844 542138
189897 415955
22085 64287 67454 120388 155770 170756 189109 195156 203633 222584 253870 271928 277405 291669 301867 312146 363363 389962 419009 437660 442876 483882 485105 491554 512147 528715
60316 62937 246646 544163 545245 547205 547944 548137 546176 546178 547107 548142 545044
196547 208712 414323 465309 508745
126223 131652 163166 234758 309704 417203 468065 492552
24123 88684 89676 89678 451013 522748 532481
3373 13472 13475 50948 54958 339002 393765 520150
130442 356449 502349 502359 502398
306740
141498 162722 287495
1965 1978 4704 8934 37874 68131 158734 158906 167220 229030 239165 247783 353741 362545 384540 534698 95192 530074
175864 251123 275566 275571 275574 317208 351650 396430 459875
10180 103534 121764 150312 241811 323254 343878 382935 456320 469585 519455 406805 461234
7606 17667 32290 113434 132461 135104 286421 466969 467080 530618
68954 280691 365863 365867 375612 400343 407103 424491 449703 111610
6372 182335 316666 450071
146269 292617 358440 468203 539633 539640
155316 441286
128316 337448 445147
13590 36516 91330 159178 304965 316081 346343 394010 398934 405832 422567 430891 445445 478382 85033
69314 94208 107729 463487
