1409, 6583, 7053, 7054, 7055, 7056
9277, 10850, 11871
178, 1283, 2579, 2597, 4070, 4166, 5687, 6059, 6360, 7900, 11010, 12260, 6211, 6276, 7958, 9085
707, 1267, 1863, 2198, 3397, 4815, 5604, 8854, 9231, 10604, 11851, 12096, 12108, 7005, 2592, 11938
2091, 2733, 2888, 4269, 4298, 6580, 7270, 9681, 10902, 1252, 6991, 6244, 6581
2251, 3756, 4152, 6431, 10277, 11117, 11436, 11695, 11866, 13033, 12829, 10599, 9406
2228, 5718, 8342, 11168
6771, 10872
828, 843, 1658, 2255, 2391, 2658, 2714, 3228, 4478, 5030, 5496, 9721, 5534, 7972, 7214, 4256
149, 2728, 4383, 7237, 11216
1468, 1544, 5942, 13356, 13388, 13391, 13423, 13442, 13444
6327, 6328, 6329, 6330, 12857, 12858
375, 915, 2049, 3569, 4206, 5325, 6202, 8858, 9921, 10452, 6834
6523, 12774, 12930
1027, 4033, 4975, 6560, 6823, 7141, 10487, 10983, 10998, 11807, 12094, 12102, 13160
3423, 4514, 9148
4336, 4519, 5489, 5755, 5819, 8068, 8738, 10293, 11322, 11687
1830, 3233, 5323, 6136, 6679, 7319, 8488, 9907, 10050
140, 2548, 2549, 3119, 3884, 4711, 5861, 7741, 7878, 10803, 12250, 12683, 12431, 4210
30, 1072, 1073, 1483, 2501, 4219, 7802, 8011, 8466, 11692, 12172, 13129, 12864, 11945, 4804, 2538
176, 900, 2581, 5928, 6091, 7279, 7950, 7967, 8298, 11223, 12230, 12591, 11529, 2153, 5831
2118
382, 1315, 1418, 2229, 2669, 3210, 5710, 6007, 7519, 7542, 10490, 12357, 11546
3903, 9182
2149, 5028, 7607, 12342
1110, 1391, 4023, 6559, 11044, 12030
1067, 7304
1034, 2649, 4224, 5359, 6999, 7742, 10867, 11362, 11021, 8388
0, 414, 1858, 6863, 7563, 9844, 10457, 10857, 7952
1053, 1122, 1864, 4927, 5984, 6688, 7419, 10468, 13002, 13120
1715, 1851, 2341, 5310, 5311, 5312, 5313, 5519, 8060, 10026, 10527, 643, 10819, 5992, 8059
3587, 8780, 9321, 10396, 10595, 11847, 4635
690, 10525, 10712, 11190
2367, 3521, 4164, 6006, 13355, 13369, 13375, 13376, 13377, 13390, 13401, 13428, 13370, 13373, 13389, 13429
1509, 1677, 2674, 3253, 4854, 5415, 5660, 7003, 9292, 9576, 10369, 12890, 12280, 3638, 10522, 5048
1659, 3757, 9315, 12189
2219, 2528, 2568, 4626, 5335, 7148, 10679, 11171, 9964, 1281, 10063, 5815
178, 1283, 2579, 2597, 4070, 4166, 6059, 6211, 7231, 7780, 7958, 11010, 1368, 5790, 6276, 9085
449, 1631, 3215, 3889, 4384, 6683, 6937, 9227, 10546
1151, 1779, 2572, 7109, 7948, 8531, 9054, 9537, 10656, 12198, 13053
236, 2619, 3458, 3459, 3787, 4792, 4793, 6486, 13308, 13341, 13343, 13306
10376
771, 772, 2516, 7167, 8193, 9001, 9080, 10107, 11302, 11423, 12016, 10105, 12574
430, 5498, 7137
3401, 6460
10114, 12616, 12903
92, 179, 571, 2915, 3102, 4550, 6766, 6902, 7010, 10844, 13196, 8506, 4291, 6756
844, 1062, 1240, 10137, 11526, 11527
132, 4577, 6665, 8788, 8789, 9720, 12009, 12054, 12521
1299, 2422, 3520, 4531, 5662, 7123, 7136, 7240, 7626, 7975, 8000, 10698, 7299, 12394
3366, 4539, 10437, 12337, 12338, 12396
750, 6649, 11639, 12832, 13176
930, 1999, 2303, 3087, 3406, 3677, 4441, 5317, 6578, 7422, 9038, 12880, 6998, 11237, 7155, 7663
1228, 3662, 4305, 6030
2115, 2690, 4281, 6267, 7365, 9842, 10007, 10838, 11635, 12171, 12282, 12456, 595, 12286, 11747, 1116
474, 3766
3913, 8621, 10077, 12434, 13210
4641, 7449, 8827
837, 1231, 4159, 4448, 5013, 5463, 7481, 9737, 10643, 10669, 10984, 11242, 9467, 10587
204, 3374, 3977, 4135, 5431, 5653, 7557, 8690, 9208, 10006, 5728, 291
1976, 10187, 10905, 11499
1471, 5458, 6031, 7246, 9744, 11795
4540, 5018, 11036, 12679
2417, 3048, 3195, 6362, 12698
1886, 2400, 3413, 3472, 3934, 4440, 4607, 8776, 10616, 13145, 13415, 13417, 8047, 12724, 13220, 11525
1682, 4534, 6445, 12118
1057, 1813, 2397, 2398, 2406, 5685, 7233, 7659, 10779, 13323
1664, 4056, 6576, 8442, 9366, 10332, 11386
4780, 8151, 10201
4270, 5739, 7300, 10601, 11181
1575, 3739, 13282
158, 1131, 2997, 3237, 3704, 7208, 7761, 9007, 9651, 11037
4336, 4519, 5489, 5755, 8068, 8738, 10293, 11322, 11687, 5819
31, 3564, 3818, 8022, 8023, 8203, 10258, 10373, 12395, 13012, 8021, 7198
1146, 1378, 2162, 2401, 8992, 11903
4581, 10038
453, 3489, 4410, 5125, 5586, 10852, 11341, 13064, 1142, 3984
1136, 1431, 8162
70, 89, 123, 1388, 1424, 1721, 1755, 3603, 7333, 7768, 8755, 12856, 3311, 5192, 9029, 4390
501, 2684, 2813, 3821, 5294, 6675, 7118, 8373, 10263, 10651, 12630
478, 4085, 4640, 4958, 5550, 5713, 6160, 6711, 8674, 9273, 10088, 10898, 3442, 1450
626, 1229, 4785, 5423, 5530, 6509, 11399, 11489, 11988, 12385, 12712, 12750, 12879, 3339, 9230
18, 1068, 1801, 2832, 3582, 4776, 5925, 10216, 11856
540, 3541, 4490, 5905, 6210, 8286
3873, 12613
1289, 2905, 5167, 5848, 10727, 10728, 11587, 11752
269, 5417, 6389, 6455, 8260, 8683, 8879, 10098, 11746, 11768, 12442
7389, 10270, 10874
31, 3818, 7198, 8021, 8022, 8023, 8203, 8477, 10258, 10259, 10373, 12395, 13012, 3564
1392, 3426, 4947, 6890, 8604, 9199, 10858, 11003, 12076
1213, 3628, 4794, 5898, 5965, 6448, 7976, 8645
140, 2548, 2549, 3119, 3499, 4711, 5861, 7741, 7878, 10803, 12250, 12683, 12431, 4210, 264, 3884
4598, 13296, 13297, 13298, 13327, 13328, 13329, 5953
3826, 7299, 8503, 9110, 9670, 7240, 2285, 11440
982, 2544, 4489, 7764, 8518, 9832, 11432, 12253
7731, 7732, 7733, 11125
1237, 1880, 2435, 2924, 3329, 3476, 4831, 6754, 7305, 9910, 10238, 11396, 7641, 4954, 11317, 9951
1216, 1348, 1838, 3003, 3182, 3786, 7101, 7414, 7467, 9091, 9647, 12670, 9751, 12686, 7954, 12561
10301
43, 44, 121, 214, 3814, 4025, 5537, 5764, 5973, 8536, 9287, 13058, 3809, 914, 1663
2664, 5983, 6074, 6363
56, 1241, 2458, 4082, 5003, 8482, 11400, 11403, 11819, 12285, 13195, 13197, 3949, 10516, 10918, 9610
992, 3244, 3285, 4390, 4619, 6056, 6352, 6686, 7509, 7510, 7676, 7684, 1496, 3311, 8113, 6940
330, 440, 4285, 4667, 5074, 8693, 9994, 10370, 11533, 10893, 5081
178, 1283, 1368, 2579, 4070, 4166, 5687, 5845, 6059, 6211, 6276, 7231, 2597, 1528, 9311, 4672
1693, 2296, 4753, 10762
5483, 5730, 8546, 12047, 12058, 12177, 4273, 6304, 12059, 8547
4294, 5563, 8417, 11097, 11568
780, 874, 3933, 6881, 10591
812, 1417, 1760, 6439, 10079, 11778, 9492
6191, 9990
6347, 8045, 10250, 12226, 12908, 13177
1299, 2422, 3520, 4531, 5662, 7123, 7136, 7240, 7299, 7626, 7975, 10698, 8000, 11440
3713, 4449, 4530, 6169, 7574, 8346, 9088, 10441, 11473, 11474, 11475, 11476, 4630, 4146
211, 337, 1871, 2373, 2374, 2950, 5363, 5367, 6039, 6040, 6108, 12139, 339, 12142
4512, 4568, 4812, 5314, 9245, 12804
3541, 4490, 5905, 6210, 8286, 13047, 540, 7058
827, 1432, 1802, 6959, 8894, 10028, 10594, 11199, 11808, 12747, 12973, 13285, 9740, 12581, 5116
3088, 8089, 10777
3785, 6857, 11575
382, 1246, 1315, 1418, 2229, 2669, 6007, 7152, 7542, 10490, 11200, 11546, 12357, 11131, 1011
1507, 3117, 3712, 6099, 6275, 6847, 8979, 9698, 12571
1099, 1517, 2067, 3263, 3651, 5274, 5776, 6709, 7242, 7629, 8374, 9847, 9954, 5544, 7820, 247
5991, 6615, 9162
236, 2619, 3458, 3459, 3787, 4792, 4793, 13341, 13343, 2194
2219, 2528, 2568, 4544, 4626, 5335, 5815, 7148, 10063, 10679, 11171, 9964
700, 2784, 2785, 2914, 4049, 6354, 7379, 7504, 8423, 9960, 12060, 12953, 13135, 2783, 4819
819, 2488, 5485, 6715, 8816
2250, 3937, 5112, 8369, 9357, 10200, 13119
1319, 3710, 4901, 6199, 7232, 10317, 12104, 8372
206, 1568, 2434, 2611, 2615, 4400, 5451, 7817, 8695, 9092, 9247, 12151, 9756, 10524, 11682, 4588
7045, 9987
120, 170, 1130, 2820, 3829, 4300, 4653, 6044, 7204, 8849, 10272, 12839, 4596, 8638, 7555, 7424
784, 2849, 7730, 8875, 9938
1005, 1158, 1619, 3752, 3978, 4963, 5457, 5487, 7850, 8799, 10338, 10726, 10359, 13105
4367, 9300, 9905
287, 9185, 9423
31, 3564, 8022, 8023, 10258, 10373, 12395, 13012
235, 2688, 5411, 7094, 7260, 8550, 10345, 10505, 13112, 9966, 7474
452, 3211, 3490, 3810, 6142, 8079, 9116, 9934, 10242, 10266, 13180, 7026, 891, 2736, 12364
101, 655, 2702, 2703, 4926, 12423
1587, 3080, 3095, 3830, 4230, 6046, 6219, 7388, 7393, 7507, 8029, 8101
2861, 4447, 4463
1698, 2289, 2604, 11196
3268, 3851, 6943, 7591, 12693, 12940
8866, 9904, 10361, 10854
3516, 13294, 13334
5811, 7386, 11569
431, 4303, 5143, 12038, 12370
2350, 2928, 5879, 10618, 13271, 1013
1081, 1718, 3568, 8792, 10544, 11686, 12460, 5228
1708, 4145, 4800, 5645, 8890, 9435, 12196, 2755, 8877, 1843
5269, 9181, 10315
12655, 12807
247, 1517, 2150, 3651, 5274, 5776, 5788, 7820, 7853, 8374, 9847, 11421, 2067, 5544, 1099, 9524
1159, 10549, 11420, 12080
3655, 4759, 4762
5703, 7618, 9451
3367, 11720
1750, 3372, 6100, 9776, 12681, 13278, 13342, 4637, 9356
617, 821, 958, 1352, 2009, 3523, 5104, 6259, 7798, 10421, 11581, 12633, 3771, 5911, 6885, 5460
834, 2428, 5354, 9903, 10509
2860, 4952, 5071, 7287, 7459, 9047
322, 1332, 5840, 8490, 9021, 10273, 10346, 11371, 11725
12577
334, 336, 1871, 2269, 2373, 2950, 5367, 6039, 6040, 6108, 10652, 12142, 11326, 338, 4035, 2271
1319, 3710, 4901, 6199, 7232, 8372, 10317, 12104
235, 5411, 7094, 8550, 10345, 13112, 2688, 10505
4, 4337, 5870, 7264, 7622, 7653, 8859, 4016
1174, 1382, 2710, 7035, 7575, 12495, 13206, 10409
940, 3866, 4170, 7367, 7532, 9118, 10407, 12507, 12960
422, 4994
1061, 1599, 2636, 11480
752, 4910, 8551, 8808, 9149, 9700, 11231
3464, 11631
1704, 9156
2346, 2347, 4100, 4856, 6818, 7182, 9187, 12258
178, 1528, 2579, 2597, 4070, 4166, 5687, 6059, 6276, 7231, 7900, 11010, 5845, 5640, 6948, 7780
2138, 3914, 4386, 6097, 6436, 10883, 11776, 11777
1299, 1921, 2285, 3520, 7136, 7240, 7299, 9110, 10698, 10884, 11440, 12028, 7626, 7975, 7123, 4531
854, 4279, 5978, 7265, 10613, 12791
1009, 6218, 7889, 8560, 9579, 11750
1939, 5195, 5441, 8932, 12913, 13203
3188, 4934, 9516
845, 1321, 2801, 6444, 10736
1329, 10211, 12427
5744, 8401, 13086
1112, 3789, 6625, 6837, 8128, 10796, 13273, 13274, 13305, 13310, 13332, 13335, 9348, 11348, 656, 13336
525, 2311, 3740, 5716, 6337, 8396, 10141, 11272, 1932, 2663
1640, 1641, 3892, 4816, 4931, 4932, 13223, 13279, 13293, 13302, 13330, 13331, 3142, 5201
1509, 1677, 2674, 3253, 4854, 5660, 7003, 9576, 10369, 10377, 10511, 10522, 4180, 12890, 2700, 3638
617, 821, 5104, 5856, 5911, 6297, 6385, 6997, 7798, 7993, 10421, 11581, 3029, 6590, 4646, 906
1750, 3372, 4637, 6100, 9356, 9776, 12681, 13342, 5188, 13278
907, 4782, 7097, 7485, 11395
351, 887, 2215, 3824, 7317, 7549, 8345, 9494, 9629, 9775, 10789, 10410
3009, 11737, 12702
1891, 2367, 3521, 4112, 6006, 6303, 6629, 13369, 13375, 13376, 13408, 13420, 13430, 4164, 13401, 13395
812, 1417, 1760, 6439, 6710, 8334, 9492, 10079, 10694, 11778, 11841, 12462
449, 658, 1631, 3215, 3889, 4384, 6683, 6937, 9227, 10546, 12585
388, 544, 600, 1013, 3808, 3906, 6213, 6672, 6774, 7329, 10618, 10784, 4000, 3177
3085, 3517
245, 743, 1395, 2978, 4144, 6508, 6861, 9296, 9985, 13071, 11614, 7483, 11676
896, 1807, 2239, 3319, 3781, 6458, 10119, 11183, 11410, 11573, 12097, 11232, 1181, 7792, 2520
99, 489, 685, 4435, 8310, 9042, 9132, 9417, 10142, 10617, 10979, 13034, 7350, 9680, 6904, 13093
4999, 9258, 9636, 9637, 9638, 12313
9123
5698, 6895, 7754, 7808, 8573, 11788, 11987, 12993
1087, 1198, 4555, 5390, 7220, 7568, 8673, 9014, 12245
3260, 3661, 4167, 5319, 6010, 8174, 9384
656, 1751, 4637, 5188, 6670, 8128, 8352, 9348, 9356, 10796, 11348, 13336
2026, 3772, 5691, 6716
84, 2202, 2371, 4597, 11906, 11108
1109, 5104, 5911, 6297, 6385, 6590, 6997, 8532, 8714, 10421, 11557, 11624, 3523
6429, 8049, 9096
2508, 6521, 7861, 9215, 10496, 11645, 11767, 12375, 12412
4662, 7159, 11504, 11505
740, 2053, 2321, 3091, 4099, 4891, 7142, 8798, 9260, 10420, 11468, 12393, 6561, 8017, 3682, 6554
594, 2155, 2174, 2175, 10928, 12705, 13003
1425, 9338, 9865
6875, 7091, 7927
1094, 3132, 3894, 4881, 6183, 9586, 10208, 10460, 10580, 11593, 12208, 12885, 5837, 3186
305, 1092, 8716, 10196
694, 6497, 7765, 8457, 9173, 9217, 10516, 12225, 13197, 6709, 11819, 12285, 13195
3891, 6597, 8110, 8993
3675, 3860, 4134, 9220, 12207
15, 674, 1296, 1393, 1872, 1981, 2771, 3160, 3708, 9077, 9565, 11409, 7966, 8748, 9446, 11023
260, 1328, 1938, 2867, 4406, 6501, 8521, 9630
1277, 5399, 8246
419, 1896, 3369, 3844, 3967, 4972, 6165, 6345, 7799, 8458, 10960, 11654, 9935, 6212, 8304, 3480
1691, 3509, 7031, 11321, 13199, 13200
541, 1156, 3255, 4175, 4176, 4647, 7934, 7935, 7936, 8064
1564, 4137, 7593, 7867
1085, 3027, 8337
5738, 10539, 11628
2842, 7110, 11065
2540, 2541, 2542, 2543, 4659, 4660, 6963, 6967, 8566, 9942, 6966, 1538, 2438, 4236
2200, 3050, 3681, 8393, 8675, 9018, 11411
2984, 11542, 11627
314, 813, 2589, 3790, 6071, 6072, 10605, 10607, 10609, 11743, 6630, 10606
1029, 1831, 2294, 9412, 9413, 9968, 12307
309, 3626, 5240, 6977, 7746, 7776, 9279, 10586, 12819
3756, 4359, 9339, 10277, 10599, 10797, 11117, 11695, 11866, 12829, 13193, 11436, 2251
1834, 1835, 2029, 3075, 4162, 4163, 5956, 13163, 13271, 13288, 13348, 6082
562, 4431, 7708, 10904, 11119, 11619, 12901, 13249
168, 3493, 3679, 7964, 8878, 12956
617, 821, 906, 958, 5104, 5460, 5911, 6297, 7798, 7993, 10421, 11581, 6385, 6721, 4551, 7007
3914, 4386, 6097, 6436, 10883, 11776, 11777, 2138
3823, 11163, 11459
875, 1485, 1725, 2608, 12519
1034, 2649, 4224, 5359, 6999, 7742, 8388, 10867, 11021, 11362, 8597
1280, 2299, 3140, 4728, 7660
889, 2648, 3370, 3444, 3481, 4013, 6223, 8438, 8513, 10533, 11669, 11813, 7842, 5366, 10495, 10519
5577, 6765, 8784, 11913
327, 3220, 5967, 6291, 7409, 8046, 9271, 10700, 11983, 13173, 13174, 614, 7636
2194, 3221, 4920, 13247, 13276, 13280, 13306, 13312, 13337, 13345, 13346, 13347, 4792, 3222
2679, 11210
1071, 4632, 6070, 8085
69, 1127, 1763, 2350, 3109, 3379, 6788, 7728, 9390, 9955, 10363, 12095, 12019, 11206, 2928, 7674
2276, 5244, 5488, 5761, 6339, 6552, 11385, 11805, 12406, 12490
2189, 6320, 6957, 8580, 9301, 12896
3878, 4046, 5025, 5224, 5643, 6216, 7323, 7749, 9854, 11164, 11748
694, 7765, 8457, 9173, 9217, 12225, 13197, 56
692, 1489, 6592, 9193, 11740
1740, 11521, 11931
382, 1315, 1418, 2229, 2669, 3210, 5710, 6007, 7519, 7542, 11131, 11200, 12357, 7152, 1246, 1011
8766, 11193, 11774
734, 904, 1955, 2263, 7321, 7417, 7734, 8999, 10516, 11492, 11897, 12905, 1695, 12369, 8379, 8482
5731, 7442, 8781, 12968, 13315
3080, 3095, 3830, 4230, 6046, 6219, 7388, 8029, 8101, 8331, 9675, 9997, 9265, 1452, 3840, 11070
9992, 10608, 11153
629, 2123, 6050, 8692
2405, 4520, 7830, 8304, 9822, 12727, 12887, 13039, 12985, 9205, 7954, 10960
164, 2400, 3472, 4440, 4607, 8047, 8776, 10616, 11525, 12724, 13417, 13443, 13414, 13145, 3413, 13220
3279, 5389, 5475
1377, 1658, 3228, 4370, 4478, 4636, 5030, 5649, 5783, 9721, 10413, 11761, 6504, 4256, 8448, 461
248, 6593, 7929, 10598, 12422
6853, 10914, 11462
1625, 5290, 6284
1041, 3715, 3777, 5757, 6386, 6789, 7284
4821, 5315, 7432, 8677
59, 366, 2868, 3600, 5428, 5495, 6699, 6760, 7226, 7835, 7848, 10116, 1430, 3445
7344, 7893
4177, 4213, 6607, 9901, 12332
1508, 2025, 2037, 3575, 4211, 5079, 10648, 10771, 11219
70, 89, 1388, 1721, 1755, 5192, 7333, 7608, 7768, 8755, 9029, 11062, 4390, 123, 7484, 7076
533, 2062
3402, 3908, 6898
420, 4848, 9722
1366, 2065, 2645, 3388, 3711, 5612, 6536, 9010, 9267, 11786, 12289, 13316, 3965
597, 1857, 2072, 4494, 5581, 6482, 6803, 8394, 8481, 10136, 11309, 11889, 5141, 5176, 9298
31, 3564, 3818, 7198, 8022, 8023, 8203, 10258, 10259, 10373, 12395, 13012, 8021
4336, 4519, 5755, 5819, 8068, 8738, 10293, 5489, 11322
29, 304, 776, 3329, 3673, 4351, 4743, 5497, 6068, 7914, 8905, 11849, 495, 9823, 10706, 10973
2817, 4676, 7860, 10475, 11651, 5959
1366, 2065, 2645, 3388, 3711, 5612, 6536, 9010, 9267, 9556, 12289, 13316, 3965
6710, 10079, 10694, 11841, 12462, 8334, 11778, 9492
1034, 2649, 4224, 5359, 6999, 7742, 8388, 8597, 10867, 11362
9928, 10108, 10531
1610, 1611, 3286, 6897, 10202
1174, 7035, 7575, 12495, 13206
375, 915, 2049, 3569, 4206, 5325, 8858, 9921, 10452, 815, 6202
56, 694, 2458, 4082, 5003, 8482, 9217, 11403, 11819, 12285, 13195, 13197, 3970, 11897, 8450, 10516
61, 4731, 9882
381, 1220, 1648, 3411, 3543, 3992, 4798, 5576, 6921, 9781, 10366, 12884, 6294, 6722, 6293, 9510
736, 1883, 2530, 3282, 4183, 7361, 9835, 9898, 10428, 13067
1216, 1838, 3003, 3182, 3786, 7101, 7414, 7467, 7954, 8071, 9091, 12670, 3671, 12615, 12561, 7885
543, 6849, 8493, 8904, 9414, 10707, 10918, 11283, 11400, 13233, 13319, 4082
56, 2263, 2458, 4082, 5003, 7734, 9217, 11403, 11819, 12285, 13195, 13197, 1695, 3949, 3970, 8999
307, 660, 1325, 2100, 5017, 8461, 8581, 9266
455, 794, 2273, 5679, 9866, 11513
1081, 1718, 3568, 5228, 8792, 10544, 11686, 12460, 3631, 4087, 7649, 79
6698, 8663, 11377
1824, 3058, 5140, 5330
582, 9188, 9252, 10432
7410
1786, 2382, 2866, 4261, 5683, 6828, 9036
1377, 1658, 3228, 4370, 4478, 4636, 5030, 5649, 5783, 6570, 7214, 7972, 4256, 9721, 9147, 11761
740, 2053, 2321, 2687, 2717, 4099, 6554, 8275, 8798, 9260, 11468, 12393, 855, 4701, 5828, 6260
7081, 9729, 9730, 11537, 13225
646, 647, 1714, 1903, 1904, 2749, 3658, 4524, 4705, 10756, 11092, 12188, 10755, 4523, 2748, 792
625, 6866, 8268, 8289, 10684
56, 1241, 2458, 3970, 4082, 5003, 8450, 9610, 11400, 11819, 12285, 13197, 9414, 6849, 13195, 8482
1216, 1838, 3003, 3182, 7101, 7954, 8071, 8410, 12561, 12615, 12670, 12727, 3786, 2405
70, 89, 123, 1388, 1424, 1721, 1755, 3538, 3603, 7768, 8755, 11477, 5754, 4390, 9029, 3244
628, 7011, 9275
5352, 9268, 12827
7895
3654, 4587, 4625, 5721, 7439, 7440, 12687
696, 4547, 7032, 9927, 11224, 11520
543, 4082, 6849, 9414, 10918, 11400, 13233, 13319, 1241
1216, 1838, 3003, 7101, 7467, 7954, 8071, 8410, 12561, 12615, 12670, 12686, 1773, 7414
106, 2524, 8202, 9393, 9978
2690, 3634, 4281, 10007, 10838, 11635, 12171, 12282, 12456, 7365, 1078, 6267
617, 821, 906, 1109, 1352, 3029, 3523, 3526, 5911, 6259, 8532, 11581, 3771, 5104, 4646, 6997
583, 1323, 1821, 10254, 10906, 13083
1034, 2649, 4224, 5359, 6999, 10867, 11362, 7742
117, 3018, 4887, 5542, 5555, 10513, 10961, 11548, 12026, 12158, 12744
129, 3198, 7702, 10662, 10663, 12522
1099, 2067, 3263, 3700, 4299, 5857, 7629, 7758, 9653, 9847, 9954, 11655, 10350, 9524, 8374, 11091
10125, 12792
1495, 2153, 3519, 7665, 9616, 5928, 900, 5831, 11529
3179, 3245, 8813, 10353, 10354, 11467, 12469
2035, 5462, 6931, 9113, 10861, 10957, 12608
601, 2211, 3013, 3902, 5524, 5941, 6487, 7277, 9660, 10809, 11848, 12861, 5289, 11845, 10887, 6831
3256, 3841, 7313
3353, 5468, 6492, 9513, 9699, 9701, 10228, 10925, 11453, 4483, 5469, 5470
1090, 2901, 5642, 6936, 10092, 12620, 12859, 13208
1552, 2506, 3797, 5993, 8469, 10724, 11766
140, 141, 142, 732, 2549, 3119, 3120, 3885, 4210, 5860, 5861, 12431, 264, 3499, 12683, 10197
260, 1328, 1938, 4406, 6501, 8521, 9630
913, 7740, 13192
4432, 5748
381, 1220, 1648, 3411, 3543, 3992, 4798, 5576, 6293, 6921, 9781, 12884, 264, 6294, 10366
828, 843, 1658, 2255, 2391, 2658, 2714, 3228, 3483, 3611, 4478, 9721, 5030, 7634, 4227, 7214
2841, 8312, 11220
1957, 4212, 9684, 9685, 9686, 9687, 11772, 13451, 11680
3156, 4688, 6413, 8332
1361, 4075, 9196
1834, 1835, 2333, 3075, 4342, 5956, 6082, 13163, 13288, 13309, 2029
407, 652, 1944, 2384, 4433, 4556, 5949, 5995, 9497, 10265, 11905, 12685, 9449, 3115, 10485, 11009
450, 1472, 2020, 3363, 4511, 6569, 6920, 11519
570, 4238, 4772, 11787
1151, 1779, 8531, 10656, 12198, 13053, 9537
1129, 6003
4639, 9592
10834, 12713
607, 1522, 1598, 2378, 3138, 6416, 6776, 6777, 8434, 8862, 12860, 2639, 8829
763, 2424, 3008, 4978, 7553, 7554, 8168, 8197, 8567, 8903, 9539, 11461, 2165, 5673, 12021, 10910
9625, 9892, 10596
213, 1137, 2757, 5181, 5671, 6037, 6469, 7968, 8433, 9612, 11482, 12244, 13224, 10556, 5087, 10555
5, 635, 9071, 10682, 10873, 11254, 12925, 12946
259, 3713, 4146, 4449, 4530, 4630, 6169, 7574, 8199, 9088, 11473, 11476, 8346, 10441, 11475, 145
115, 793, 3776, 4292, 5484, 5568, 5655, 6644, 9322, 9855, 10383, 12700, 11948, 9870, 10995, 11024
2315, 6976, 7341, 7364, 9821, 9941, 12620, 12859, 13208, 10092
3856, 9971, 9972, 11187, 11215
688, 7955, 8817, 10936
5582, 8644, 9033
613, 614, 1994, 2504, 5353, 5418, 6221, 8285, 11079, 11334, 11998, 13123, 7409, 9853
3486, 3722, 5139, 6654, 8744, 8831, 12576, 8863
30, 1072, 1483, 2501, 2538, 4804, 6332, 8011, 8466, 11692, 12172, 13129
1252, 2091, 2733, 2888, 4269, 4298, 6580, 6990, 7270, 7402, 9681, 10902, 6581, 6991, 6244
62, 167, 1744, 4620, 6506, 6533, 6743, 7763, 10474, 10769, 11875, 13091, 7632, 5316, 9312, 11888
1360, 2438, 2540, 2541, 2542, 2543, 4236, 4659, 6963, 6967, 9942, 10699, 6958, 6961, 6966
1572, 8244
776, 2937, 3329, 7295, 7641, 7914, 8619, 9548, 9910, 10973, 11317, 11396, 4047, 3488, 4654, 7305
2402, 4946, 6053, 8271, 8706
2817, 5959, 7860, 10475, 11651, 4676
920, 8761, 9380, 10926
1090, 2901, 5642, 6936, 7341, 10092, 12620, 13208, 7364, 2315, 9941
7769, 7770, 7840, 8937, 9046, 10155, 12136
2756, 8480
2053, 2321, 2687, 2717, 4099, 4701, 6260, 6456, 6554, 7804, 8142, 9260, 5828, 11468, 8798, 3091
1761, 2262, 4599, 6744, 9198, 9811, 11182, 12966, 12811, 1202
2337, 11437
476
190, 9741
734, 904, 1955, 2263, 7321, 7417, 7734, 8999, 10516, 11492, 11897, 12766, 9404, 8457, 6167, 8379
1210, 2699, 3014, 3097, 4506, 5251, 5709, 8710, 8994, 10017, 10322, 12534
239, 421, 3045, 4739, 5177, 13275, 13291, 13384, 7505, 1248, 5362, 7249
282, 1154, 1877, 10285
5211, 7289, 8850, 9614, 10132
617, 821, 958, 1352, 2009, 3523, 3771, 5911, 6259, 7798, 8532, 11581, 5856, 906, 6297, 4193
2367, 3521, 4164, 6006, 13355, 13369, 13370, 13373, 13376, 13401, 13420, 13428, 13377, 13374, 5368, 13430
1311, 3270, 3271, 4273, 5729, 6304, 7944, 8546, 8547, 11007, 12058, 12731, 8771, 8770, 5483, 7261
1216, 1348, 1838, 3003, 3182, 3786, 7101, 7414, 7467, 8071, 9091, 12670, 9647, 8470
281, 1132, 11103, 12784
390, 5609, 7866, 8528, 11454
15, 46, 674, 1872, 2771, 3128, 3708, 3802, 4106, 6243, 6503, 7966, 9446, 11409, 8748, 8125
360, 7048, 9253, 9465, 10403
1363, 3184, 5719, 8261, 12826
4422, 4459, 6794, 8572, 8705, 8995, 9906, 12825, 9031, 9333
196, 4771
1108, 2870
740, 855, 3288, 3475, 4099, 4701, 5737, 7142, 7267, 10420, 11468, 12393, 8275, 2717, 8017, 4891
7196, 7197, 7405, 11802
3191, 4253, 4254, 5373, 7331, 10019, 11636, 6582, 4889
1338, 3125, 6076, 12150, 12174, 12389
120, 170, 2510, 2666, 2707, 2820, 3615, 3829, 4300, 4653, 7424, 9692, 7204, 4188, 447, 8849
700, 2784, 2785, 2914, 4049, 4819, 6354, 7379, 8423, 9960, 12953, 13135, 7504, 12060
1708, 4145, 4800, 5645, 8890, 12196
72, 1191, 3617, 7022, 9815, 4119
2807, 7004, 12659, 12975
1850, 3760, 5001, 6664, 7698, 9375
2346, 2347, 4100, 4856, 6818, 7182, 9187
835, 2892, 10754
216, 2673, 2780, 4179, 6888, 10131, 11494, 11785, 12008, 12121, 12335, 12920, 5554, 5686
1891, 2367, 4164, 5444, 6006, 6629, 13355, 13372, 13375, 13376, 13389, 13401, 13441, 4112
392, 1708, 1843, 2755, 5645, 8447, 8627, 8752, 8877, 9109, 9435, 12196, 8890, 5259
1075, 1453, 6911, 6974, 11506
4519, 5755, 5819, 8068, 8738, 10293, 4336
216, 2673, 2780, 10131, 12008, 12121, 12335, 12920, 6888, 5686, 5554
2827, 12755
740, 855, 2053, 3288, 3475, 4099, 4701, 6260, 6456, 7804, 10420, 11468, 6561
3322, 7656
1886, 2400, 3413, 3472, 3934, 4440, 4607, 8776, 13145, 13220, 13415, 13417, 13414, 12724, 8047, 11525
1084, 1355, 2475, 3492, 10678, 11274, 13232
4020, 4331, 4664, 9963, 13036
2352, 4888, 6496, 7674, 8413, 10363, 10611, 10645, 12019, 12430, 12061, 5229, 12095, 7728
351, 887, 2215, 3824, 7317, 7549, 8345, 9494, 9629, 9775, 10789, 10192
293, 294, 3529, 10889, 10965, 13038
3452, 6242, 6994, 6996, 8036
5361, 10477, 10602
7742, 8388, 8597, 10867, 11021, 11362, 4224, 6999
6020, 6063, 10047, 10552
681, 682, 683, 4321, 4322, 4323, 4324, 4325, 4326, 4327, 4329, 7163, 5382, 5630, 7186, 1732
11074
3042, 11143
501, 2813, 3821, 5294, 6675, 7118, 10263, 10651, 2684, 8373, 12630
1692, 2795, 7124, 7394, 7703, 12542
1548, 1630, 4405, 6002, 6577, 8554, 9667, 10631, 11185, 11262, 11683
839, 3723, 6589, 11057, 11617, 12154, 12233, 10097, 2254, 4896, 12433
2616, 6622
7705, 9768
1419, 2021, 2201, 2591, 2650, 7854, 9125, 9437
470, 5275, 7120, 7206, 8762, 8861, 9337, 11458, 12467
56, 2458, 7734, 8482, 10516, 11403, 11819, 12285, 13195, 13197, 734, 904, 8457, 7321
1906, 4950
2342, 3217, 4148, 7613, 8152, 6666, 8038
2319, 2320, 2988, 2989, 2990, 3346, 4760, 4761, 4763, 7452
695, 2093, 2682, 2788, 2965, 6606, 7581, 9817, 10193, 13146, 7640, 3623
69, 1763, 3109, 3379, 6496, 6661, 8413, 9390, 9955, 11206, 11434, 12095, 5229, 7674, 1127, 6788
540, 3541, 4490, 5905, 6210, 7058, 8286, 13047, 8578
1374, 1375, 2626, 4510, 7772, 8365, 11375, 11376
919, 9875, 11080, 12256
313, 808, 8350, 12113, 13183
681, 683, 684, 4324, 4325, 4327, 4328, 5630, 7163, 7185, 7186, 8188, 4326
1409, 7053, 7054, 7055, 7056
167, 4620, 6533, 6743, 7763, 9312, 10769, 11875, 11893, 13091, 7632, 272
6604
70, 89, 1388, 1424, 1721, 1755, 5754, 7333, 7484, 7768, 8494, 8755, 3244, 9029, 510, 3603
419, 666, 1896, 3369, 3480, 3844, 6345, 7799, 8304, 9205, 9751, 10960, 11654, 3671, 9822, 8458
1588, 13410
2437, 3124, 3469, 6025, 7087, 7548, 7906, 8845
7183, 7923, 9342, 12203, 13234
3806, 6852, 8848, 9685, 11680, 11772, 9687, 9686
4056, 6576, 8442, 9366, 11386, 1664
433, 627, 1534, 1535, 2128, 6394, 8088, 12657, 12969
677, 9242, 11908
5160, 11022
344, 1145, 1768, 6379, 7302, 7868, 8341, 8559, 8656, 8972, 11532, 12894, 1033
178, 1528, 2210, 3793, 5086, 5640, 5790, 6211, 6736, 7378, 9718, 11010, 2579, 9311
1515, 6279, 12115
4655, 5528, 6094, 11124
8732, 11681
498, 512, 587, 2304, 3348, 5899, 9167, 10518, 10691, 12124
1202, 1761, 2262, 4599, 6744, 9811, 11182, 12811, 12966, 2279
4045, 6942, 10154, 10722, 10935
392, 1843, 2755, 5728, 8116, 8447, 8627, 8752, 8877, 9109, 9391, 9435, 12772
12001, 12002
3372, 9776, 12681, 13278, 13342, 1750
1010, 1200, 1206, 1390, 2812, 4693, 10316, 11174, 1825
1034, 2649, 4224, 5359, 6999, 7742, 8388, 8597, 10867, 11021, 11362
518, 2004, 3755, 4579, 4695, 5631, 6201, 8385, 8915, 11963, 12547, 12649, 9394, 7841, 2366, 4399
694, 734, 6497, 7765, 8457, 9173, 9217, 10516, 11897, 12225, 13195, 13197, 6709, 11819, 2263
70, 89, 123, 510, 1424, 1496, 1721, 1755, 3244, 3311, 7768, 8755, 7333, 7510, 4216, 3538
2811, 10619
3026, 5452, 6203
2156, 3168, 3169, 4074, 5138, 6572, 12120, 12144, 13198, 7306, 2704, 7280, 3275
392, 1843, 2755, 8447, 8627, 8752, 8877, 9109, 9391, 9435, 12772
2251, 3756, 4152, 4359, 10277, 10599, 11117, 11436, 11695, 11866, 12829, 13033, 9339, 6431, 13193
543, 4082, 6849, 8904, 9414, 10918, 11283, 11400, 13233, 13319, 10707, 8450, 5003, 1241
3345, 4173, 4758, 10184, 10725
734, 1241, 3949, 3970, 5003, 6372, 8450, 9610, 11492, 12369, 12905, 2263, 10516, 4082, 11897
652, 1944, 2557, 4433, 4556, 5949, 5995, 9497, 10265, 11905, 12027, 12685, 407, 5242, 5989, 11009
658, 6683, 10546, 10578, 11588, 12585, 3215, 449, 1631
12, 4124, 10930, 13070
1889, 4629, 5442, 6764, 10089
1970, 2103, 2117, 3333, 4618, 6301, 8791, 9359, 9753, 11830
6521, 7861, 9215, 10496, 11645, 11767, 12375, 12412
3574, 6889, 12169
408, 1486, 1913, 2834, 3872, 4617, 4852, 5210, 6093, 6616, 6906, 8900
666, 1216, 3182, 3671, 3786, 7885, 8304, 8470, 9091, 9205, 9647, 9751, 5623, 419, 11120, 3480
382, 1315, 1418, 2229, 2669, 3210, 4263, 5445, 5710, 6007, 7551, 11200, 12043, 7542, 7519, 1246
352, 1467, 7466, 9820, 11442, 12129, 12635
2536, 3327, 3996, 5193, 5427, 8182, 9584, 12622, 9067
1150, 6128, 13140
364, 1147, 9762, 10386, 10970, 11904
2673, 4179, 5554, 6888, 11494, 11785, 12121, 12920
793, 1353, 4501, 4879, 5568, 5655, 6021, 7592, 9725, 11239, 11707, 12700, 9322, 3776, 4292, 115
6398, 8181, 9950, 10980, 12820
264, 4798, 5861, 6293, 9189, 9781, 3120, 12250, 7878, 10197
6006, 13355, 13370, 13371, 13373, 13374, 13376, 13377, 13420, 13428, 13429, 13441, 13446, 13390
8493, 8904, 10707, 11283, 13319, 10918, 6849
974, 1201, 2871, 2969, 3066, 5326, 7803, 9683, 11248, 11820, 12411, 12716, 4764, 12125, 1064
239, 421, 3045, 4739, 5177, 13275, 13291, 13299, 13384, 7249, 5362, 1248
535, 2177, 6494, 9594, 10015, 10911, 12447
2826, 11416, 11703
866, 1457, 2641, 2998, 3608, 3688, 5370, 7370, 7874, 12185
88, 1908, 5413, 5743, 5810, 6574, 6575, 6922, 7427, 7583, 8544, 9155, 12178, 5357
56, 734, 2263, 6497, 8457, 8482, 10516, 11403, 11492, 11897, 12905, 13195, 13197, 12766, 7734
3798, 7014
740, 855, 3288, 3475, 4099, 6456, 6561, 7142, 7267, 10420, 11468, 12393, 8798, 2321, 4891, 5499
1026, 7880, 10681, 11104, 11925, 12063
826, 1859, 2077, 2335, 3425, 3910, 7374, 10003, 10198, 10297, 12436, 12544, 4983
1128, 1782, 2418, 2425, 3392, 3754, 6650, 8104, 8380, 9154, 9176, 12035, 6666
1311, 3270, 3271, 4273, 5729, 6304, 7261, 8547, 8770, 8771, 11007, 12731, 12058, 7944, 8772
617, 821, 906, 958, 5104, 5856, 5911, 6297, 6385, 7798, 7993, 11624, 1352, 2009, 5460, 3523
580, 2966, 8751, 11082
436, 2461, 5746, 6621, 9350, 10072, 10253, 12111
6322, 11147
543, 1241, 3970, 4082, 5003, 6849, 9414, 10918, 11400, 11819, 13233, 13319, 13197, 3949, 9610, 2458
238, 942, 1681, 3897, 4338, 4443, 6925, 8500, 9203, 9546, 10623, 10718, 5384, 5753
1772, 3510, 8117, 10027, 11179
1678, 3382, 8456
1099, 2067, 3263, 3700, 4299, 5857, 7629, 7758, 9653, 9847, 9954, 13326, 12170, 11655, 3651
1384, 3648
236, 2194, 3222, 3787, 4792, 4793, 4920, 13247, 13300, 13306, 13312, 13343, 2619
963, 2161, 2713, 5281, 5782, 9065, 10817, 11126
1776, 8731, 11159, 11318, 11744, 12204
235, 2688, 7094, 7474, 8550, 10345, 10505, 13112, 5411, 10577, 7260, 3090
4271, 7337, 9710, 9796, 10628, 13216
1409, 6583, 7053, 7055, 7056, 7054
998, 2806, 4311, 7072, 7490, 9143, 10912, 11804, 12765, 8863
643, 1715, 1851, 2341, 4160, 5311, 5313, 5518, 5519, 8060, 10026, 10527, 5310, 8059, 13081, 5520
498, 512, 2304, 3348, 5899, 10518, 10691, 12124, 9167
3039, 3899, 4526, 7766, 9570, 10143, 11004, 11246, 8002
3694, 11915
1706, 2329, 4241, 6109, 7668, 9608, 11345, 12376, 12452, 5384, 8899, 4338
90, 2552, 3051, 4948, 8576
3221, 3222, 13247, 13276, 13280, 13300, 13306, 13344, 13345, 13346, 13347, 2194, 13343, 13312, 13337
4542, 6941, 10823
2962, 3172, 3753, 4366, 11523, 12069, 12473
47, 615, 902, 1164, 1756, 3265, 5675, 6753, 7792, 9956, 10538, 10646, 99
820, 2879, 8432
3276, 3277, 4229, 6408, 13320, 1309
6866, 8268, 8289, 10684, 625
42, 731, 1327, 3779, 4081, 4285, 7215, 7343, 8392, 9072, 10893, 11352, 3176, 7566, 7059, 9994
1506, 2764, 4923, 5218, 6882, 7106
3564, 3818, 7198, 8021, 8022, 8023, 8203, 8477, 10258, 10373, 12395, 13012, 31
215, 1226, 1820, 1849, 3376, 3489, 3984, 5125, 11341, 13056, 13064, 4410
1373, 2906, 2909, 3321, 3383, 3441, 3788, 4365, 4850, 4892, 6549, 9922, 12099, 11716, 3185