164985 225214 232761
200103 220085 311307 359487
160294 304770 135499
112814 112823
14960 353462 473895 232272 329263
21166 207188 405926 531532 540207
475234
12147 73388 269070 439998
4092 104191 341575 389644 413419 128901
213603 213604 213613 213615 213617 249025
219649 233695 337976 337981 444709 499056
266568 340791 412272 453272 526727
99505 126694 133115 264885 522555
40932 60426 69992 121380 135271 144956 178173 196826 222160 289417 302416 388977 425745 453129 467926 302698 366425
96239 351364 473115
74354 128808 201212 345411 376224 431343 432551 484443
15463 62494 85494 167886 193021 284926 345133 482079 517035 526381
242898 273685 343188 365944 405248 485768 67152 108939
104761 166117 193805 245190 262219 484283 521532
11799 11804 147132 449388 452567 533929
14859 27964 159043 223851 358132 459043
32428 118086 323498 367483 411766
45157 304504 45156
23175 379748 431927 382799
132737 135088 364856 428580 428582 474613 516378
7916 86421 88597 126382 153577 188170 200838 214804 226320 251763 264382 266291 288764 370403 430441 476094 476822 535698 425892
65390 180936 214026 319423 367843 295115
25705 176603 288881 343798 402905 464872 231588
413095 413096 463313 463934 161006
226933 288773 354406 395260 433116
20182 20183 20185 20186 2770
66912 261575 219322
353654
29159 188735 292677 411328 464161 476644
12695 18212 30775 41151 77284 175318 272501 283732 292732 356320 356330 357741 387065 395079 399629 418333 453457 531440 535087 543005 475951 542979
261804 334721 358944 469808
136220 136222 267333 543483 406400 438775 540298 175072 177231 306263 402571 283378 127683
48386 157449 181471 197675 229780 294731 335993 355487 509571 537966
449093
23338 53654 74163 424802 450237 535531
71651 136931 344376
90508 136916 241677
47947 162804 538948
68164 90017 164035 209103 221076 234757 344437 386267 395500
1602 316508 365982 382058 417272 425507 495172 523055
20193 22379 28496 52859 93556 212817 231533 429802
59586 60022 100707 119487 128025 143005 166165 166170 166173 167893 191264 191279 244171 307846 424622 424626 505371 505374 533174 68775 188036 269006 501967 505359 534471 256475
17348 47156 63867 303329 312849 351508 353748 361150
231176 357878 372935
331090 211607
138094 164230 290174
88567 208899 317988 510762
13837 293389 382801 392824 430704
11426 31915 31935 56368 79164 132000 476278 538265
74497 243985 456156 494652 509251 535871 506413
42761 58894 102756 108405 172687 173342 329503 387236 426707 455994
21397 147833 193216 202424 285022 416667 421706 533455
144045 156667 194080 365781 367283 386697 445264 173236 169044
100897 268935 276495 341825 448472 448478 448479
100394 173813 186430 396870 536290 428880
193203 228571 253308 460939
132950 176263 176270 202686 222274 274441 305768 415354 482125
350365
189330 199812 220034 382482 526388 186907
30623 76457 104494 136452 173156 308223 407878 431590 535009 410225
55047 109596 311842 313452 315852 335798 359987 407773 431823
42828 329732 440992 459589 493912 499772
69474 378519 426387
16111 97128 97129 97202 216065 268915 280334 16109
130722 203259 234035 341428 452316 463827 488085
93424 473657 467308
51162 294043 362026 470113 482419 507403 528331
55243 78826 103520 188784 274519 286707 293921 405928 440458 64882 293946
12742 242504 352232 372442 425543 428381 470671 485488 54178
12681 112668 120631 280772 280779
42284 52236 140949 165131 197609 353245 400218 500904
157587 286107 479118
54237 139208 161829 215794 253322 269821 291619 387913 446679 507731 507736 507737 507750
5582 193375 213676 329508 339289 350684 374744 495203
59509 68430 84384 93341 172036 294094 310314 504212 537726
8624 167296 201470 208857 278798 314560 314562 321722 371764 480955 503374 503379 507101 528245 71107 191306 233613 245602 307426 394812 449979 515033
35284 59771 109204 124094 149985 153287 222178 308746 329470 504430 408058
63076 67221 182616 249104 274294 354326 438866 463165 465766 484041 254448
35096 68020 100656 144036 166163 174757 191283 191284 239725 250018 308709 310642 315965 348335 364316 413326 424623 424628 446669 450131 485307 520489
46750 134247 171553 223767 258658 306262 442607 458567 518137
53833 88999 112315 136935 287017 352856 387637 415698
15708 44578 60897 85733 110288 114293 114561 182337 184866 346617 372891 508820
248483 324474
230959 282607 363928 493355
192260 201171 230723 400924
94157 228971 387856 473690
59813 104569 164456 245585 311064 430982
11462 163294 209787 318299 319527 385265 416994 421463 430736 514230
17994 27468 67232 133986 162036 182146 279061 288871 381698 435800 436924 479941 519796
599 24701 78205 198913 243898 344715 527561
239451
78535 165352 546303 547111 547342 547343
19614 215706 267299 483438
61337 129710 154384 253676 261266 285631 370763 402042 519227
334107 378674
2223 68284 114393 139407 244679 289508 328671 424392 479184 497568 527734 530164
14245 54528 144069 259746 418053 436121 446311 523611 527637 310133
42155 258784 354458 396741 486636 330244
90577 126741 153081 348218 359435 372359 471941
134939 348821 415746 439139 457766
11773 48550 73233 133069 213093 238783 253868 281946 332097 368011 391925 501400 505764 519200 525564 273712
349 37216 60549 88924 101008 272997 284774 535818 542356 543106 543653 340505 220969 544593 543799
155539 267320 342293 462683 477039 491661 542743
146898 221788 247776 325697 325701 476489 514817 529612 541928
38076 362908 388892 450893
15615 60709 77776 117427 161472 191527 201338 216044 253298 275950 287774 368505
6290 16051 20998 91627 186585 223416 277700 302104 342521 384625 417199 471109 495975 524273
252628 463961 485383
203826 365198 503396 517526 517527 365196 516830 23490
46977 118922
89139 105230 129923 145106 200053 213860 266813 299825 300708 340706 461995 475011 521116 534520 539128
95647 164236 199674 264636 297091 319430 342614 358037 375289 440086 451990 467636 485361 520733
46382 130396 132836 162294 202288 242229 256928 396952 423180 433045 436957 480264 505209 529090
9169 110248 172923 235924 287140 420467 475607 488004 497146 502040 510389 530238 114513 230005
2348 14698 32781 189174 227652 252559 263372 314412 372301 445171 533394 536415
94800 302845
544135 137036
149703 192027 279526 478314 501820 521157 322781
57455 144221 188534 331603 408758 429358 521201 529907
192722 365437 312007
241612 507575
42714 100259 198172 216202 230862 242628 345528 356182 359466 399876 511516 515102 531753 405757 528956
127346 545427 545429 547254 547256 113034 44514
176 131232 201855 321841 347858 533157 132725
67554 67555 130970 162263 171940 199941 204174 204177 215668 540481 542439 542860 542948 543633 543634
18946 21193 74639 133887 151531 241574 297110 382408 426827 428152 445944 450706 505600 451372 345863
299842 434493 434495 438850 535349 535350
4085 10486 60002 415440 508129
207803 411292
420358 151034
43606 50157 103921 134935 368947 447988 452260 517606 225654
36205 52427 62450 83103 91182 128125 157901 211039 233672 240238 258449 281286 309044 385739 402937
10641 53936 78875 118863 182663 271001 353275 398993
10596 10598 10599 10609 10613 10627 59821 118088
165139 309941 484369
19994 43938 57643 68489 82549 114756 149140 177851 206831 231528 300044 391504 493495 498882
19756 20550 94878 139102 244824 379152 435000 441305 502108 23785
10539 49330 51625 157060 172940 177681 184803 193534 212245 222181 242068 247051 254528 280526 387584 403840 413495 439133 463382 472626
4998 6165 29915 49151 83619 116597 173377 211010 268035 336727 338919 350246 371949 421174 426850 475281 503036 528451
19006 20353 36212 130580 147273 164738 184854 266542 267803 309698 357847 375611 414330 446541 462268 463325 465393 495135 517602 544044 544964
33895 42977 54168 73243 83623 150058 216431 218769 269236 334061 516184 516831 532003 544399
54074 184017 214684 316403 316430 337623 340511 344206 419377 433704 436828 498325 505254 518807 529617 530205 535124 539013 355712 203229
2246 40924 68704 74720 147766 199476 243994 260488 268943 338095 349653 408445 462002 464495 488231 517892 22826 126841 263014 287458
22753 47498 84217 136208 179179 214023 255722 262922 359500 378414 408658 512234 100084 530227 185150
74023 140392 144255 183871 206643 230601 255355 260920 322563 364779 366253 442379 466634
144403 491995
25950 87423 128646 357272
29195 53482 78412 90872 127731 177514 277890 302328 315424 339438 407628 523802
88172 283516 390746
42687 161938 201570 201574 215112 216724 252984 277248 51882 143104 257863 260603 463234 81166
75600 101909 109197 128781 153991 235216 261771 278740 299942 300327 312433 329881 348662 487512 494261 531782 535205 535798 545002 56536 523664 226654 297896 525313
51511 75966 152623 156415 172515 224878 246707 251888 261897 336439 371052 436219 508151 510977 518809 520180 526119 531909
46196 64131 196726 241848 272582 358285 368269 391238 457335
13146 13752 22979 43798 51660 87311 122728 225783 290347 298914 301823 316752 320545 352817 371837 395752 443545 459197 467827 473456 483004 159929
124 243477 302516 318491 320027 366784 10654 125100 166530 179787 195458 228556 288775 317488 331907 497889 497891 53198 136177 136179 177374 237754 262450 331946 354092 454459 499411 523408 226543 237756 354090 499414 237914 525524 31197 363420 504233 138446 472715
3464 105174 126775 205091 355231
10734 60559 68871 86908 93789 109891 110039 257779 259228 324314 324599 350514 377757 391981 411757 443042 487194
3456 77482 221669 223614 238357 241282 274265 274270 288359 311109 317098 353933 378470 383468 394067 396413 404545 504241 178222 256627
414 31823 265606 410079 362149
6633 11593 27451 49271 102198 103808 124244 175208 222832 247631 247703 265673 346493 372073 401800 404226 444299 479041 482092 493075 504729 523382 404701 420400 27841
149259 192466 363813 386371 430475 437545
169977 174729 237477 270134 274716 283188 294112 340717 407032 428062 430923 431108 439717 480598 482603 516030 518931 524036 529657 530354 382042 468067
41256 361696 361698
22412 44291 230956 230957 230962 255796 255797 255800 255813 255815 255817 255821 255825 255830 255832 255833 255835 255838 288065 321548 321550 369782 369783 369784 369785 369786 369787 369789 369790 369791 369792 369793 369794 369795 369796 369797 369798 369800 369801 369862 369863 369864 369865 369867 369869 369872 400780 487291 527610 416272 494440 494444 494449 255811 255803 255828 278618 416226 369866
3980 27394 56590 111167 111170 203993 514527 42216 49638 49701 49712 74289 74300 116418 126979 194691 213232 220897 427050 462565
232842 259903 319367 344561 366254
67883 105792 149197 193926 205875 317160 320580 367309 504121 527109 227789
148017 148080 239036 247263 148090
262790 353463 428005 496686 266274 422490
113748 138273 163163 210212 456487 466352
8481 21046 77024 91252 95685 103400 216381 242686 246761 274946 281478 292120 423896 441658 450625 474757 480790 481279 498400 500282 506249 528442 284295 201586 344474
12746 122537 303521 303549 320702
495392
90205 262847 289685 355280 385347 529587
32015 37761 75175 87318 96760 105873 192743 246879 256722 310207 339441 340390 363712 393304 413141 413751 435303 489224 512110 512599 439277 46300
91773 237173 346293 462501
131442 233222 441855
26594 43658 91655 119305 130923 133904 138501 217696 219264 220277 238708 248185 279761 280410 283793 299828 313661 317384 350642 363273 373276 396297 414043 416134 423615 458612 463809 527812 57636 200956
16942 178407 213266 498562 512100
68969 169028 218076 298135 429236 431350 482589 434288
49061 360239
335314 366593 436141 522668
78497 84342 127711 207962 259116 277892 282665 327251 328525 352696 451489 2641 391377 327211 65360
84055 176891 201263 336715 366590 408596 455003
217261 221400 264947
24022 24025 150988 335852 547755
11153 49254 69843 97257 130418 134358 183837 188744 190224 242112 259203 369065 369190 428012 437448 462789 510314 515064
367144 410601 429007 448166
4262 12500 44277 128645 162679 178961 213301 226870 227311 228180 302969 307372 319198 329351 329392 406413 462094 470788 509798 513208 522539 526954 528904 531790
4365 59908 109351 124819 148039 157047 211726 213292 231545 289611 317169 324952 335295 349450 356399 409903 410732 448053 474908 493950 516340
129187 195341 214813 432745 19002 319626 106810
128627 136234 141226 155398 243929 298956 340063 346543 533990 537803 113067 131985 234545 310111
70432 149458 272922 324533 351983 411467
30750 34871 84256 95613 110514 111861 128494 136771 144738 153115 169867 194926 202702 227251 241853 260745 269403 273321 273547 298033 302756 326539 335113 339242 343976 364433 383249 431169 474655 513119
15076 127991 128608 159862 160253 175090 180506 226152 250941 258812 275230 309623 309717 313922 335413 337884 345744 359616 383515 401020 414140 429766 457840
3085 22627 30644 64313 131647 250399 265247 276688 279372 282923 320460 324311 331025 334199 344070 348709 352910 368196 379064 394466 438736 443412 462049 463968 470625 512927
92465 145537 146955 161336 176985 230462 284155 284970 295130 321070 341967 345173 396551 401686 422027 430353 459353 467394 484357 529577 60683 121926 335776 462308 421754
181730 409204 409202
3425 24448 69540 91196 105548 119813 124599 162613 163205 216984 219315 223119 228430 246595 270332 285086 303290 319839 400164 449317 481574 490424 503578 526696 528146 540299 490349 541064 446156
148918 287142 503858
6304 127782 431507 431508
3210 51116 69404 70500 120294 149495 151410 167246 187198 189904 192313 217748 239249 252800 254100 266891 283003 289126 300968 303345 310366 339968 340855 376771 383250 408158 416793 451947 453446 455248 455869 491365 542493
183325 209823 260990 296623
26762 56155 184730 260549 323358 328054 399966 513863 527759
5453 78987 96792 132284 242538 501529
20839 81900 97607 123315 156093 182454 194704 233263 258046 290926 328302 347983 369001 389655 495549 506623 518711 521336 189841 504901 14311 494187
117539 309574 341777 372557
76857 192190 224555 418493 282602
425504 448700 309625
15270 66281 130135 144241 158407 171071 242712 362431 370106 373682 420969 447474 518949 519172 307057
18190 38480 71354 81552 94855 128249 152868 182310 184264 220163 225031 227406 232303 254623 274298 290897 298738 308918 309857 311002 320438 343071 345638 368673 373165 440277 484545 517668 524359 528984 278360 344511 141989 249811 464571 333749
41190 201569 267466 475905 407102 41185
6790 21716 28723 31306 67055 75824 87466 107068 112067 127043 152440 158592 162427 237078 239125 239637 280601 281386 291115 338580 340504 379874 388654 391883 393559 412103 431347 434739 441859 458333 477155 480282 509640 520151 528852 530606 534007 285256 240218 13965 379695
152001 197818 197814 207963
24221 31001 31598 71445 75184 84961 85979 128871 186391 213239 214485 231148 240723 259495 270262 283892 287345 305604 317951 320777 328691 344078 348225 351766 373549 385201 385257 420599 456448 467717 480390 492179 519355 523265 530309 534859
28416 150515 303431 521792 529784 533788
33373 102751 226599 365061 280497
57621 399672 399687
101861 106173 114322 148907 153636 161757 201671 207228 221661 275045 280108 283055 311040 313296 364875 388652 393295 397377 466428 476504 526555 539909 475732
76908 97659 146773 170304 172383 224705 249269 262393 276506 544141 544719 544726 544727 544729 544730 544731 544732 544734 545209 545210 545730 545972 546017 546322 547009 547392 547393 547394 547411 547574 547600 547836 548188 548418 548445 544728 546255 222158 546016
74550 74552 83155 96158 127568 172367 172369 179921 247059 252788 538287 542184 542683 543161 543173 543899 9650 90380 108194 134224 134225 144191 144193 157624 199097 199099 203703 270306 541418 542321 542446 542902 543056 543343 543720 543789 543860 543872 543873 543874 543875
188409 288952 446726
80447 500105 520891 541298
535228
11442 79797 238939 250678
429715 520268
147571 151976 190064 191928 237311 311629 311631 522287 219831
79489 87493 178228 178231 345470 461202 490051 490063 536783 341051 173707
4146 21483 25701 33803 35571 42149 49035 51773 51935 53222 63874 66787 102775 108580 133152 178686 195538 201227 214149 220904 248037 251959 271813 272524 276246 301600 304321 306793 331207 337486 403381 407774 421033 451183 462832 468261 468948 478839 483679 493743 497701 499925 503771 504740 519747 520679 525716 537153
83556 225562 288778 376757 448444 452315 520327
27766 42371 183393 195636 219654 440526
248053 252184 264966 109934
132031 164604 189237 248036 298879 317366 326713 399040 433881 540293 444979
236462 318313 392318
190062 274521 328123 405565 101668
138889 138890 163775 499031 288321
1841 11532 46370 49255 63495 109491 123228 125127 149492 152436 163778 171065 182875 186518 203981 211472 212191 215844 219482 245138 254741 260615 287062 304646 318724 321245 322560 335121 335452 337625 339339 365870 376846 380765 405904 409945 420862 443740 448439 457111 463472 467018 472959 484094 487028 489658 492742 507509 513947 517291 518284 520107 544796 473216 160407 372374 472228 83762 489949
177204 237989 304250 437722 462984
38085 42565 93814 110650 141343 147152 165406 189829 208621 211894 216826 221436 264569 296207 313446 350413 411459 454723 488813 186613 194776 448724 63631
42904 74490 94531 390335 390340 413048 509348
183955 238496
13739 40029 133761 168584 299008 342622 421579 455425 478924 535534 541585 108184 226291 318561 493142
24235 139534 159226 258819 326541 351110 367827 396156 415544 488459 512763
58088 62692 104408 112089 195101 206941 217095 262513 270094 348874 396905 433594 506776
174308 229525 312428 312429 323657 472380 344974
73031 362086 462250 468090 486437 505163
19835 41045 104898 110488 116452 159145 186229 219498 278766 296598 324908 347653 353224 407840 425169 439845 472922 507160 520774
134811 143095 154832 224007
91765 131554 210783 226898 234650 242071 463803 488316 524331 524962
2959 90731 145910 208358 225665
109595 114378 126430 126433 126441 132756 132763 246060 270524 545994 545995 546890 9526 16832 72915 72916 85375 85382 85383 95730 97140 105481 123183 185312 317458 321818 379869 446932 458383 461898 480478 480479 500861 500862 500865 500866 500867 532649 117287 123181
434 7100 15700 22475 32499 40152 41520 61879 86724 143401 148912 149899 150252 170956 191182 192770 198344 214614 214723 216117 219206 239063 239486 246371 247814 263674 282086 289413 334036 340967 349469 358286 360544 369105 386341 390209 392306 402463 406077 406340 409978 422178 423097 424320 427829 437613 450768 452412 460214 461666 475716 486011 514188
14073 44908 58975 58977 69337 81228 106100 113840 121514 150736 204991 211717 237111 255202 262774 276695 285798 289285 313954 326988 339225 352552 371573 396697 428546 430767 463576 465629 511063 519126 525489 525490
12645 12646 12647 12648 15449 83324 83334 107093 108776 151266 151269 194845 231917 265276 321908 326932 371827 372232 424839 520666 534920 538450 110902 115116 538465
29759 39537 39538 39539 39540 39542 151456 151748 151751 176604 257397 536741 536742 542826 543731 543762 133617
5238 25749 121270 168715 168720 182430 193790 205319 228831 229510 254263 261558 317603 320128 406305 406909 412670 445716 471009 494860 539125 3833 6579 23465 26373 28053 33812 49761 56052 71736 73400 74439 76881 98269 99373 101019 105619 107972 122915 127345 131182 131211 188073 189959 195210 215955 217230 223061 311872 333916 335763 343242 349055 396649 403255 420427 432937 434966 452884 472722 494481 504305 519013 536830 19341 23890 23916 47744 55043 61178 65008 66096 67395 91592 103544 114473 120380 131093 135702 139089 141711 142427 156691 162652 163920 181953 189013 200271 210992 212553 215914 220330 234271 235970 250182 279216 327890 358034 363926 367285 368176 373188 389871 397590 421557 423859 426269 433843 444750 445441 475581 515659 522750 544898 38444 306781 382724 517224 184458 228537 381003 511237 451671 53117 203903 328468
9762 16457 126438 196682 214555 542319 542780 51175 136210 159972 189286 204831 221801 301886 301889 313801 379184 542026 544939 542899 28513
19767 31348 51187 137338 216885 217970 225811 273670 430544 530090 540372 14981 69831 74852 113192 171689 199263 233859 362572 367645 389494 391528 504792 8533 11683 13850 22036 34011 42769 50574 56822 73601 92249 98536 140265 165124 170461 171214 172228 184612 208216 213303 224371 225637 237646 262995 268848 279185 303673 313078 316345 357203 360161 373473 380727 382881 392875 403958 414636 439593 440566 440606 453411 464863 501634 502786 503628 520005 541185 524891 368169 20763 386234 234093 105238 347257 350418 217716
359086 401165 401170
12969 17440 17442 177782 193609 210707 210944 360223 414010 429334 477237
12303 27620 53701 86141 208422 351254 355291 383645
169845 189478 212992 322928 369074
17651 27941 223909 223912 338888 395199
924 2154 7717 10821 28941 30018 35504 46696 48189 54375 58441 66628 67982 99219 102502 117907 156784 158013 198477 201146 219381 223290 272414 277374 278958 286679 298089 309230 310994 311140 330712 331516 344648 355273 369723 369741 376306 379961 397001 398638 414973 473965 474764 489111 496449 498378 509500 238220 331020 181932 320334 185616 513239 172679 379374 121850 290723 221852
49682 72215 93385 93948 133599 190467 281726 289681 329143 356159 380217 407037 463063 480482 526575 531405
202056 273441 339154
221362 336486 408908
4 15547 16050 75286 87858 170796 186092 268004 286286 316471 332453 408108 408434 432891 448284 452235 456977
131606 194419 267520 345790
45879 125304 345903
13213 33791 37913 60524 69216 82240 94105 109753 113186 146452 152557 161090 175043 180019 182423 182511 185280 201932 203634 205422 208178 208909 209957 221231 275549 280138 284163 292492 294202 317187 320215 326003 344288 345722 370717 379377 388409 399642 416934 424297 427256 428388 440746 465019 476330 479455 480064 497024 513425 526402 535864 125335 253586 516116 448160 426533 393821 338234 436758 362460
97561 114732 150327 185709 332264 446008 446010 446011 453018
64498 342953 115521
116690 247247 328962 433697 482834 193828
152840 161205 171167 381447 505203
323988 539229 107400
2694 74217 149937 271996 469316 498928 172017
6899 37829 70409 244754 336593
6984 145595 152968 367669 531166 333031
398645 409979 437578
25678 57217 121740 123267 205744 300085 371495 483016
30398 33251 52500 59285 64879 67572 70522 75780 77701 84839 92472 93356 95427 104553 120615 127199 141618 149809 151849 152407 182201 182923 186022 202986 204966 205838 208714 217871 221281 225233 229209 230262 246180 252719 261562 263093 272957 273775 275237 276567 277617 287582 289953 298254 301761 309411 313307 314250 314719 318212 318538 329078 330328 335183 345901 377247 383087 390680 401268 401798 409356 416162 419862 423864 433190 434830 443332 458993 496201 502212 504199 512729 522378 527792 535477 541122 541690 543516 80756 4328 12959 18041 21786 29354 30093 30688 30962 35067 35308 38671 42473 45561 46508 49424 51902 52511 52785 59532 59613 59912 60211 71187 74895 79870 83510 83906 84285 84693 85871 98199 99026 104481 108259 108892 109222 115533 116096 119359 122517 123159 123953 137050 138024 141635 145797 153979 154202 166566 172218 176184 179698 181025 181492 182435 185822 186386 186575 190765 193240 196008 197919 198973 199759 203272 204126 205676 209480 211967 217346 219603 222414 226541 230788 231620 236947 244578 250046 252125 258382 265066 268123 272735 273209 279830 280255 293587 294393 295177 296111 310851 313006 317146 317367 321619 325052 326211 326849 326874 340331 361524 365309 365354 366654 370416 370979 371029 373756 373799 374874 379102 384330 385399 392463 393031 394703 394886 396502 399572 401449 402379 403034 404948 414657 423306 426835 427507 428993 430314 432229 435398 440989 446298 447224 448214 449985 451488 451931 460073 462210 470004 475666 476448 478676 482986 484561 489905 491667 495476 497867 500473 503684 504412 504784 511278 511689 518306 519686 521655 523046 530647 536482 539292
21262 53638 57369 66395 76927 77064 81327 112595 140717 171830 175149 177452 195822 216818 293214 297837 316428 334722 369567 391404 439992 452553 467578 500843 514134
22512 26676 27365 40396 46510 114343 122330 146788 186407 210735 221225 242546 252928 269637 297335 358551 359702 360949 370146 390526 417201 446806 465168 465277 521360 542664
210464 235705 271023 276501 336961 471385 234839
120070 444034 33959
30600 279287 339180 342724 415141 425574 481907 515124 496284
314443 479970 314450
13436 205388
8817 18452 32976 58799 80142 85349 88269 94813 129068 137008 137236 142514 156498 160681 163919 190308 229488 232600 242690 253239 262148 264005 265353 283767 288374 294006 296571 316764 326089 371997 376997 379324 383362 385015 395891 400011 407273 414629 427216 427791 439202 459331 482859 518227 518648 518695 523737 531205 531641 487135 377041 269530 337825 246460 423625
1500 12177 19625 21516 31980 50856 54519 72700 76261 81303 90431 100464 121344 121441 121768 124220 125000 138211 144800 145300 152770 168056 180569 182085 186400 193153 196827 200566 205402 227121 229039 251964 282212 302509 303834 304553 305601 319406 331200 356893 368669 395622 398443 407436 410747 412282 424386 442010 442541 452941 458185 463477 467195 468085 471456 488943 490490 490861 493324 498708 500747 515331 520608 526560 529227 539662
294612 403288 403291 477527 540506
99000 205050 251359 343813 360916
74012 163140 329735 359073 395421 87659
55637 58670 73810 185383 212225 242680 289741 368252 404060 415676 437455 463509 488077 488851 519580 531535 542645
29307 114686 114687 114690 121125 168111 200054 264496 309062 313734 349470 412804 499423 531122 537219 109138 212232 294323 312685 417416 464198 464199 464205 464207 536006 269382 322945 501206 281403 539043 499424
13922 48340 405403 430146 452788 493034
96430 285988 396980 401172 441099 491737 497585 498957 8203
187138 238935 241623 336468 362231 426133 120488 179726 226709 468205 484171
49502 79444 156874 156876 173793 244533 269011 430740
256513 256515
192636 397137
73912 73929 73933 73934 73938 152543 153391 220460 274305 283470 394046 428193 428498 445204 469094 469095 469135 469140 478116 489415 489424 493980 536410 13905 439554 322297 446022 32446 73927 74795 162362 376511 453478 485510 256938 469079 71674 530720
39840 45922 395427
149339 233610 330933 334880 373181 376748 460712 522043 42046
66078 131037 240998 241019 299583
268964 520163 511685 283114
487582 513582
353622 353624 353635
22116 269590 343987
11074 105139 201095 221647 347908 381506 388324 305022
381352 456223
94213 110062 178554 220205 250261 269199 322607 353310 370860 448868 472803 383361 443073
112925 137052 255701 342541 437244
3687 28710 44808 53023 61099 61731 65322 70588 86570 90138 110478 114768 123064 124215 135174 139398 149454 166072 191118 236828 240484 256888 262758 281266 341923 348763 357623 358052 425157 431000 433199 440397 493626 517372 521815 533797 537458 485042 50083 507862 416895
22190 55057 62762 100606 101145 104766 104768 104770 104778 119023 119025 175382 202441 289740 289742 289743 289746 289751 289753 289754 289755 289756 289760 411902 441676 485327 524040 193320 193323 354662 110393
136925 161707 208815 435762 447387 465201 471356 412081 298734
11963 57073 91212 194821 239536 273700 285513 305014 307290 319526 332498 362096 392146 415432 448464 483965 515129
24556 72977 160597 342426 343259 524098
521 70004 127332 148870 169697 173687 174097 210373 233313 235362 292843 330506 356349 401127 404185 513756
315279 339336 363574
951 200511 414227 414228
111722 122613 122622 138325 147105 181666 223046 249702 362176
125167 202927 125175
34895 38265 116969 343306 347716 355378 366824 443731
64051 317337 329327 171345
75731 262777 490580 33310
51246 161307 476208 107722
202340 349477 412310 453575 477575
4465 124908 202570 229395 230023 434832 452470 497934 503387 523812 478089
16905 297677 227137
78953 106273 281753 307781 336059 352153 404955 439778 511367 540587
166202 382445 386562 406338 457915 467177
28914 435234 442226 463375
50774 62962 102093 112326 293362 391145 396595 414633 521099
354352 387855 402261 402264 402267 426231 434494 510899 84727 121208 143359 168278 168280 379539 379541 379547 379549 540100
3883 30039 134175 141436 197127 201731 319970 340397 510393 541139
11818 96868 425125 45243 412100
38926 161318 172595 308654 315446 376908 430858 517813 531212
73937 98804 98855 99173 235901 301581 320317 445195 543522
293039 293044 434190 436949 461185 525180 540024 198055
89730 122147 282768 415037 247239
100582 129861 144441 250015 294760 316076 330976 366337
411 25558 111832 172588 207834 536254
45287 192266 252021 337084
457372 126810
84836 519897 50167
54847 492247 82457
218279 426952 379559
443 19197 70513 86888 104176 105204 128705 139840 161232 165430 185636 195461 200228 216567 219107 278001 302507 312166 318376 360679 410980 457300 475488 487943 489751 508801 521872 523591 524008 533027 7099
29103 55457 65312 84639 85900 109242 110457 114761 122965 140945 150359 154377 164602 232317 272804 275458 317034 319392 371964 383679 395887 407219 422634 488010 508669 537703 543414 61091 75169 299812
18479 52787 102292 126974 298838 387411 389114
227369 286151
242097 270387 276682 382792 461654 461669 485750 60866
26767 26769 32688 63369 63371 77328 77339 112824 112825 112827 122005 122007 152199 187294 187297 195054 287916 346709 444048 444051 458949 458950 483106 483126 504543 522078 70071
102864 224684 300185 312794 462180
117816 296327 457642
20297 23130 24614 26617 27657 41404 42131 61016 69255 73088 81150 98011 101561 112788 135071 135956 136696 137370 140470 140620 162935 174384 182254 191740 203088 204147 204274 220860 223593 244374 249943 251415 263822 264454 279196 281767 288913 294082 297017 301693 308995 314034 314189 320915 321449 324586 328079 337678 337991 338223 342319 345602 347320 357724 369646 369677 377046 380885 405524 412826 414226 415843 430553 435149 436557 448131 458021 490680 496424 511245 516611 517663 523930 526828 2849 3460 4825 56436 58350 70287 71772 124082 147607 149819 186065 215184 238836 294495 305967 313182 318012 325027 341087 352323 362720 372872 457476 464888 474959 527901
48394 537472 254829 45104
6988 11264 78474 209331 354506 396743 476077 476092 500905 500917
162905 182183 253596 268719 449139 487654 487656 87702
18871 156783
221789 433711 437733
117614 139711 161457 368364 368371 442550 462227 465116 480472 509896
16595 207304
16253 27877 50037 54603 59216 74703 77068 99160 124223 132771 139847 144958 148960 152594 157592 206281 232354 247826 256182 258456 264303 295343 312581 326337 327789 330122 332507 336537 344721 348809 351039 351604 375640 380681 399606 404609 407423 411667 435530 452442 460548 482957 520459 521818 523270 529142 531808 533939 3365 60613 90677 97698 108640 110029 134894 176119 190418 222033 246286 251915 294519 331590 369501 392075 393447 459834 479755 491069 493057 505904 526090 160435 72965 510013 521011 522261 330216 187171 232913 95308 519036 180583 118408 164668 310594 131061 290324 405299 31798 509664
140937 288030 329387 364737 486322
19370 50246 192052 305365 492792 465934
131944
210605 210607 268119 486979
52939 279190 426017 498679
93256 93274 93403 155211 356429 356430 356435 366722 380434 384210 428268 529126 473116 212862
3841 353325 377372 377380 97893 148445 74788
1105 2511 48716 48720 48721 87932 88789 111172 132270 132274 136209 136211 165101 165389 168752 213186 239736 270233 274159 304562 342327 359267 452077 467217 502037 502827 512492 532594 533977 539584 543788 415737 316307 48718 303322
491421 517791
172062 227921 285524 330175 468293
5208 50077 76957 99684 117261 126278 162503 180614 187418 201745 219094 222799 252836 310403 324951 328880 334802 343412 386468 396443 399903 410172 420903 434233 436556 446004 454321 458374 462544 464994 469968 489414 167382 390464 25930 362616 223919 338450 440723
5747 7083 26901 87846 104062 143271 146623 181922 239992 278593 390656 503505 492497 156757
57365 274517 293647 293659 293662 293656
496855 496857
89972 163303 165121 223142 272427 314957 316782 441755 482876 530563 89971
85046 119819 172824 201863 248716 263268 345974 538606 538610
2721 172871 189129 211198 211918 236093 260883 387809 452472 315436
195526
28328 52693 151422
29335 29345 29348 250725 312657 312658 312660 312722 371821 395795 396983 409386 423649 487499 542733
9372 9382 29929 29932 29933 164480 35615 520380
21403 89742 270559 397210 415121 450338 515427
31020 49744 133331 533555
55312 132823 237209 343491 526816
6557 11352 67614 67617 67618 67619 134561 392622 437058 471348 474245 67616 225624
541172
51981 342981 223189
249827 251872 436129 416357
99360 253776 272131 365606 393022 393326 438945 459852 487879 515854 519117 537610
74666 450482 88974
133283 221229 284087 294372 437004 437009 437010 60508
316720 441613
6092 109233 109234 171972 207285
31305 60344 99127 252569 269909 312454 393892 437003 438455
490377 535855 288072
18326 27384 126054 128420 142745 198600 236452 284448 294605 421796 421837 421843 421853 421854 421856 484442 534825
4216 91450 108411 226228 245639 400169 473302 478692 526764 37145
25829 55491 226536 435660 435700 435716 459853 496805 504979
35237 51400 67936 92834 349561 496149 471280
8285 80361 336577 346464 430590 520037 336579
31061 275568 416985 433420 459621 485312
191369 314745 337585 337592
13933 30971 34580 41775 58875 105780 139315 231618 329970 335883 422134 507204 508883 516740 521453 530613 539201 22157 251787
79070 121919 142230 165141 286636 294783 316850 340933 448617 516510 532925 537035 443972 341120 366211
6224 6664 22968 54773 63856 100755 102969 120984 154218 155754 160996 244526 287618 316855 339744 339755 349850 350200 353156 382934 402866 483719 489148 495858 508515 519067 521609 526783
218100 292127 301237 333442 450744 522957 533302
1547 45292 45295 60658 103118 104712 141007 263181 326464 334974 351390 484333 504033 528285 536934 174485 195684 199616 448031 494565 260938 149319
9453 51371 51382 213650 432282 482370
34799 34802 58848 345624 516523 520546 38162
64869 100932 200920 210859 267416 495066
27890 48131 52064 55386 55388 57383 165463 219781 238491 389895 405178 483076 538129 41336 99182 335987
62211 99302 123836 154277 154282 209163 236304 344610 359862 372706 407647 431741 522205
17239 101389 276154 387833 417412 424750 501768 238430
303927
95958 98883 215058 368586 376450 376451 376453 386424 443484 513460 518553 518554 518555 518556
113592 127960 377832 456621
53560 64572 65000 68257 71640 81499 84239 102941 137824 145911 145932 150243 166867 194836 200952 233632 237442 276649 310305 319620 324456 325553 326762 357095 372675 384360 390782 421764 423381 427308 459129 487636 491070 509448 519807 533527 541584 355542 200801 271422 526060
398328 422104 426714 430272 454223 536575 484570
14599 32239 73054 101295 113773 171491 200196 227747 243469 337503 387972 404752 443897 459971 492349 497338 361091
133087 296346 356553
26714 36062 103651 465335 478810 507789
99435 150183 392423
136918 458137 59102 145748
315316
206842 541656
33374 349932
69059 94571 197418 444527
34532 57289 83996 124086 157352 223296 239501 239502 239504 269138 277283 294717 311956 353763 353767 353768 358579 368291 393680 429215 434163 448930 467710
209225 256705 322648 348165 538888 527653
6596 47694 124093 134888 154240 300585 324665 371886 399682 456290
117069 223212
57920 148142 253872 265064 409766
422 170849 451122 535138
84915 143456 184555 223247 248775 279503 281920 321284 344146 360020 371631 379022 437822 444728 34883 92489 137114 175887 179969 262611 285265 294613 337785 344252 348401 360478 439377 447303 462377 466951 473834 513880 519390 518522
28531 28556 28570 28591 179193 179195 179197 179200 179201 179202 179207 179209 222647 233248 298950 299705 299709 426432 440259 179181 341070 70623 179211 139293
7557 33603 75311 85219 92811 96207 117368 142827 162776 206674 280523 290394 308901 343097 366745 414409 422934 426267 515051 518671
325045 325048 328245 369720 373310 421283 502726
411330 419262 435347
50387 152370 178467 250185
178203 230382 349175 459127 478862
74447 134809 220435 255330 278871 305037 352208 410632 416374
116984 472121 484566 62992
16644 21173 196875 243839 315660 323571 455142 90445
112786 112792 235293 347667
174240 275479 410489 510102 172861
278731 317254 341322 341344 341352 128544
19679 35455 112758 162648 206800 212546 289400 303846 304830 360825 369143 379571 380999 425198 442046 464920 499196 21332 355619
41783 66432 115952 217106 279875 296850 354293 404506 503711 541044 131344 520360
32514 107918 131925 178224 326818 392394 415761
48933 98546 134759 142299 143575 164231 189331 215588 305173 306231 370940 420948 432354 465092 208995 324827 452249 219248
187112 267237 344635
80429 86199 87073 138399 191707 262286 364200 387987 404725 489673
214558 280574 370607 428574 496793 496834
77453 205276
68582 337833 360107
60593 209590 503639
4406 19471 157089 178108 220801 226561 234224 277277 386376 430041 453999 455469 535391 194407 408420 409317 494662 32702 54892 186535 202203 230643 249831 317331 403188 464736 484963 522622
162879 356980 417575 514967 540054
62812 124033 134231 156993 159159 160934 184126 184173 245826 292384 294762 334969 370049 378854 412901 488583 543459
64191 222382 464708 517861
280181 345827 393849 417695 441552 490177 516170 33175 57659 72183 268866 487659
20888 20903 123508 298519 301487
113217 351760
272379 524965 530490
97106
242613 357172 381138 405013 128214
73067 77947 389999
7834 29820 119727 163070 300747 532451
19097 74921 121995 142454 164009 222671 244035 255990 296533 427927 479281
141160 166105 213112 484517 509475
141379 160702 166344 236473 327998 332673
62000 90315 139540 158287 168553 168555 174935 186990 203274 214187 232163 283031 290071 297405 302333 306688 312934 328685 351686 364541 384433 408237 463162 470264 496096 499025 515701 518975 521507 531261 249936
2183 49996 128994 160063 187482 196867 294552 361358 422433 464378
27896 72864 127182 272921 286203 310578 347332 472806 522858
12086 112046
89572 452209 464555 434497
85206 177301 432414 538158 54424
12902 25476 25478 81346 103249 221601 221609 223808 247642 258835 261988 319151 335964 344218 383707 408412 441718 458212 468887 496832 526824 536622 538751 538752 138993 172808 442764 383716 134195 310323 197806 496269 422195
57444 67586 68955 269644 296579 303297 303361 321472 336267 337201 348167 398838 409526 409527 409529 409534 409535 409540 466141 481062 494459 509802 520403 524067 539656 271979 533948 477860 474870
241485 255943 269112 282855 516988 85664
35590 223414 265210 273232 347999 357619 400151 420455 521061 522339 126549 96725 541994
140741 273675 305809 336994 349664
226605 468003 529460
18696 31264 119100 181783 211881 234948 375352 534454
155697 199787 493941 368036
122814 170619 249819 426274 515081 9477 17400 49986 61025 66324 74491 82276 91487 97983 106873 120511 120721 143750 165323 166089 169637 177767 182173 185964 195109 209840 216658 232429 242337 243136 249536 257304 257520 257906 262051 264490 266865 270721 275325 276496 278127 280033 298491 313625 315789 322361 340503 342923 347869 352727 356114 367135 367905 376753 383714 387589 395015 398530 414963 415603 438812 443480 446885 450302 481362 485236 511033 511383 520757 522605 529014 533768 542594 82113 133754 265293
852 2556 2613 2917 49336 70350 90820 103626 150211 160859 170622 196298 218600 222789 224305 292251 329483 330153 358490 367698 407147 409740 420580 424145 444965 448512 513011 517958 524313
9210 49314 54316 62738 67777 85948 101383 116877 137265 147649 209209 221671 230077 245109 300093 330655 367155 379579 419374 438432 459223 467413 479594 507327 507451 535943
52159 63198 91552 104469 105844 188510 221011 232218 241413 248243 254714 298405 378932 395878 412947 417079 440889 462537 191962 275789
54336 86735 95225 513572
19300 75929 124481 147122 170064 184512 241333 255452 329073 358512 358873 478696 506181 355396 249375
24662 43435 43439 65780 75851 98042 109195 122538 130635 214433 214441 254723 267623 280853 282965 282967 283195 350170 361086 365599 366969 373230 403170 443596 494728 528029 62113 251941
24076 38185 69456 89973 91601 95977 105027 108628 116177 120959 154244 168624 193691 208626 233933 297278 336083 454029 514297 528522 535600 543534 517019 446826 272795 104372
49820 111022 124602 128633 165511 186703 203827 217231 236861 361112 371295 376053 415235 427438 486082 518426 528254 169493 56208
65047 546586
18103 34108 51103 93112 154817 183514 202852 240693 274819 289263 382571 418808 438438 457208 481287 506211 514958 230512 503250 478344 396542
108179 276167
7531 37268 60979 88632 106415 146668 241954 246032 253204 303306 320470 332256 333279 344512 398287 464143 477136 506006 519914
162739 179026 424078 429428 510004 510005 510016
80680 422374 450180 475986
30322 161427
259399 421963
107781 529629 337195
10732 14315 50147 67649 142383 147778 165469 199231 230958 262023 280689 288316 394334 405948 429163 529054 379766 262025 262028 323618
75155 87113 87126 87127 87129 243105 276395 330371 362229
22295 183949 322370 450136 460518 481511 529748 541480
264317 335958 424654 505880 529947 538821
144025 260220 290798 290869 335744
14979 170045 245730 496722 519269
7667 199697 226854 341839 144876
323531 323532 323534 460955
139757 188198 432213 510439 510441 513188
47669 249126
224970 304629 469721 304631
21544 48549 135434 172825 172827 192962 331740 331741 331743 336383
337044 345433 161328
159867 416387 301119
151862 242226 399318 435179
42128 134868 158917 190509 212517 364015 380892 435607 471818 66766
32082 35642 163587 286958 437349 437352
153672 493461
142773 186966 378063
35213 42560 521750
137968 320166
34813 132051 241624 292183 329439 330260 388653 414719
14896 21659 21695 24397 42346 62867 67051 71036 87626 132671 145089 158674 162709 163015 166077 182587 205505 210462 233838 240678 254423 258501 278725 282906 303160 305716 350288 370812 408836 411795 422063 436124 438354 445259 486888 534790 538222 2797 31200 47626 72238 129002 129819 140476 165128 196566 198304 202609 203397 216625 264309 266187 270593 278146 283440 315577 320858 323371 323378 348877 384795 389473 412353 417383 429082 438003 439622 463702 472962 480884 497828 499649 501124 514909 516992 96812 96824 121482 243863 1015 231400 466135 96828 260329
335486 338843 359673 363073 483701 486195 508622 144629 489209
284931 364317 364353 388131 388132 388133 397878
89208 113863 138405 138406 148515 206475 209238 229807 284437 311830 420387
45393 59578 288004 290031 476189
8323 198204
61195 81858 150077 183631 226183 306986 352756 366700 419305 508809
2991 8183 18668 121944 271884 347926 370447 488148
52092 94727 130724 196150 320332
95025 96570 145667 145796 173982 190037 220940 241881 245861 251270 323234 323839 343273 388820 439926 491704 514938 520043 544881 17709 29420 31816 54426 54592 62052 68266 77207 89482 99737 110845 113814 148667 153667 154531 155547 183335 192753 237412 255998 266875 267488 282030 291353 302934 323681 327230 332625 334949 362794 385452 387927 399472 406316 421055 430917 447132 449271 470241 471504 478239 490663 492019 493688 513584 518779 522052 523122 526279 534183 543383
3542 14092 37532 38132 44688 45762 49333 54865 57325 59197 131921 154864 182834 186396 201209 202791 211693 224973 237080 241253 243277 256540 265901 267766 294696 301633 327394 339120 343092 382101 390087 394014 396290 413449 417568 421503 441494 442103 443954 448951 471555 489692 496695 504502 509123 509476 519862 520946 523360 533175 534674 547579 44312
13679 14299 30348 31488 34250 34937 47550 65296 72727 78028 83362 96479 97661 119495 122267 139317 141005 163486 164157 170387 177466 187476 199961 209080 213786 241304 290337 292080 321742 360322 362275 371991 378689 396135 413248 435810 443747 475188 478514 503446 510530 521184 521217 530270 539784 544322 38822
55107 168754 380082
8720 22915 47521 49211 78517 118030 286824 339296 480628 488277 496847 518489 21160 24168 45559 87059 150755 177644 180594 256695 260944 407999 414652 429148 447363 482118 486548 503978 508458 508576 515797 308545 47164 6335 239132 110669 62963 328678 18622
45195 73766 149180 198392 423443 490796 609 9098 18066 48086 50303 74160 74997 117356 140352 145448 165212 182894 212800 231462 245990 448156 469283 534597 534904
5457 15489 27651 31953 60667 203359 270273 310937 316207 344438 354742 369475 373680 444683 496329 323165 24669 26602 69077 75123 224389 309081 311683 335655 377116 389413 450091
157161 193300 491479 158802
54044 423281 514837
33094 52657 74972 244920 261409 327959 344354 367949 406869 471115 483451 503043
15147 61160 62574 114369 213775 263425 334441 335860 430087 433898 436388 444595 460609 472790 482336 484081 35815
60316 62937 246646 544163 545245 547205 547944 548137 546176 546178 547107 548142 545044
66653 82400 113380 223285 321616 331718 370317 535681 385591
24123 88684 89676 89678 451013 522748 532481
3373 13472 13475 50948 54958 339002 393765 520150
55591 121097 169552 395215 428101
101649 102034 102035 413287
141498 162722 287495
1965 1978 4704 8934 37874 68131 158734 158906 167220 229030 239165 247783 353741 362545 384540 534698
175864 251123 275566 275571 275574 317208 351650 396430 459875
22700 175581 198253 488040 380734
118252 346420 355427 537376 299546
64741 542528
29702 46220 54207 79265 79273 79274 81591 155786 249355 251263 251991 259996 279902 353346 395041 485641 523107
69314 94208 107729 463487
