146 837 2077 2085 2410 2698 3577
851 981 1035 1771 2755 2994 3377 3630 3768 3811 3966 4719
433 1031 1510 2434 2669 2736 2769 2983 3189 3990 4278
442 616 1283 1318 1583 2803 4042 4077 4191 4322 4376 4749 4980 5247 5248
101 332 766 1320 1464 1732 1965 2089 3340 4585
173 547 595 1009 1090 1142 1171 1295 1353 2568 3288 4248 4475 4608 4639 4888 4972
1418 1906 2312 3418 3427 4290 4780 5283
1635 2105 2652 2706 2714 2862
254 1063 2096 2236 2281 3145 3210 3634 4668 5116
542 1504 1898 2049 2202 2626 3434 3542 4566 4858 5098
681 1108 1277 1471 1568 1671 2297 2480 2535 2921 3055 3091 3372 3729 3886 4071 4130 4224 4360 4871
496 506 549 790 963 1017 1073 1334 2425 2574 3309 3544 3739 3759 4017 4172 4195 4450 5044 5045
469 1315 1582 2181 3024 3845 3899 4054 4065
155 2654 3081 3104 3402 4190 4318 4809 4944 4963 5144
245 248 357 392 1736 1825 2609 2621 3093 4448
451 939 1427 1886 2244 2775 2989 3470 4380
460 2635 2860 3312 3656 3740 3812 4098 4723
119 1339 1451 2856 3301 3834 4043 4270
128 1915 2070 2426 2915 3147 4330 4935
868 1025 1728 2427 2473 2496 2707 2861 3234 3460 3793 4212 4394 4472 4494 4517 4978 5141 5142 5334 5335
1354 1362 1578 1683 1684 2773 2879
487 604 675 791 1481 1798 2949 3173 3615 4213 4430 4604 4841 4857
23 1901 2398 3108 3716 4110 4495 4621
391 607 1058 1208 1905 2564 2610 3323 3930 4866 4882 5237 5238 5336 5337
463 1904 2087 2140 2315 2679 2750 2966 3200 3531 3663 4361 4569 4883 5203 5204
122 704 1094 1472 1725 4412 4773 5092
651 664 776 1053 1392 1555 1863 2340 2941 3522 3561 4151 4754 5243 5244
409 919 1943 2396 2468 2637 2851 3244 3853 3864 4715
418 1093 2353 3124 4728 5136
490 628 762 1445 1932 2004 2590 2774 2777 2958 3535 3769 4010 4545
499 1240 1849 3550 4636
226 927 946 976 2261 2703 3006 4228 4317 4339 4892 5330 5331
400 717 1020 1474 1588 1616 1746 3843 4514 4712 4726 4803 5108
59 1552 2842 3673 3700 3758 5020
645 1056 1617 1899 1957 2129 2700 2857 3186 3819 4275 4955
545 1214 1923 1936 2145 2976 4374 5091
68 2127 2262 2638 3657 3659 3959 5224 5322
382 1226 2908 3239 3476 3720 3972 4067 4359 4392 4532 4535 4751 5048 5049
454 1001 1721 2110 2678 2827 2831 3165 3504
140 449 1158 3892 4372 5043
273 355 1019 1039 1622 2369 2420 2596 2662 3333 3405 3431 3438 3616 3737 4335 4393 4417 4860
403 583 1526 1589 2019 2328 2406 2501 3383 3638 4521 4523 4544 4546 4630 4854 4878
182 349
44 1891 1954 3175 3683 4734 5208
26 1986 2412 2981 3485 4705
304 1719 1734 2348 2484 2629 2784 3856 4583 4659 4700 4989 5296 5297
1442 1865 2046 2801 2818 2952 3236 4401 4505 4960
340 526 593 711 1380 2062 2421 2886 3442 3618 3954 4185 4283 4504
89 555 719 821 2439 2510 2563 2895 3100 3439 3441 3489 3859 4439
295 360 2760 2781 3160 3331 5164
117 448 856 1055 1096 3135 3566 3755 4837 4996
116 690 1359 1877 2359 2444 2618 3732 3917 4843 5008
412 1652 1717 1767 2234 2625 2967 3448 4319 4498 4669
1228 1895 1995 2152 2431 2506 2551 2595 2865 2880 3079 3252 4024 4348
71 191 221 538 732 2393 3036 3071 4554 4698 5067
385 665 740 1141 1145 1731 1951 2666 2903 3290 3306 3471 3667 4586 4592
158 1072 1349 1942 2149 2802 2814 3590 4449 4808
66 74 659 777 1225 1435 2069 2497 2743 3077 3240 3607 3703 4131 4337 4446 4466 4738
397 970 1866 2527 3374
543 1579 1920 2415 2615 3029
370 844 931 1024 1890 2556 2719 4291 4786 4851
343 550 677 1167 1544 1711 2059 2173 2485 2824 2975 3279 3611 3913 4207 4214 4770 5324 5325
213 297 379 1274 1455 1511 1612 2008 3041 3397 5096
801 1193 1478 1503 1778 1870 2437 3329 3371 3982 4534 4646 5005 5006
679 1297 2316 2540 2846 2877 3205 3241 4168 4427 4691 4938
654 891 1006 1244 1675 2269 2526 2771 3230 3815 4424 4964
325 1032 1238 1567 1668 1826 1857 1874 2433 2619 2957 2968 3513 3679 3836 3962 4155 4805
20 854 1054 2081 2471 2896 3814 4717 5187
803 944 1261 1473 1483 1550 2001 2201 2630 2643 2722 3315 3449 4081 4176 5068 5069
65 1013 1126 1260 1632 2045 2117 3490 3596 3908 4635 4725 4890 5112 5113
271 592 1174 1188 1405 1662 2702 3346 3541 3757 4126 4887 4990 5089 5090
5 522 896 1051 1350 1563 1663 1703 2296 2469 2659 2754 2919 2978 3164 3182 3303 3317 3326 4346 4745 4958 5188 5189 5190
319 982 1600 1816 2875 3102 3994 4342 4872
184 597 1426 2460 3113 3530 4005 4174 4384 4897
301 509 515 899 903 961 1172 1299 1379 1383 1416 1723 2157 2278 2423 2566 3107 3132 3699 4057 4362 4731 4797
480 2258 2279 2493 4461 4952
175 1103 1113 1421 1657 1739 1788 1828 1838 2023 2548 2561 2805 3678 3761 3770 3849 3858 4047 4830 5276 5277
337 1535 2228 2688 3015 3488 3953
399 834 1518 2153 2211 3039 3612 5254
328 952 3212 4105 5101
739 929 3497 4836
11 220 292 503 1207 1268 1439 1831 2969 3027 4816
277 861 1078 2472 2569
151 1549 1678 2323
250 544 591 1011 1704 2292 5127
124 638 1243 2542 2955 3194 3281 3508 3885 4040
2383 4701
178 637 897 2816 4556 4628 4839 5076
792 2056 2252 2322 4282 4673
563 1712 3143 3263 4196 4692
196 686 900 1100 1292 1659 1674 2064 2159 2382 2604 3295 3363 3519 3727 3999 4087 4664 4827 5289 5290
263 268 712 1279 1352 1747 2266 3319 3435 5128
441 710 901 1068 1449 1763 2036 2103 3065 3157 3949 4463 5160 5161 5252 5253
163 529 788 817 1695 2024 2907
322 477 660 895 999 1801 2554 2785 3752 4988
172 429 661 898 1335 1516 1903 2414 2560 3359 3394 4114 4423
459 936 1648 1854 3357 3704 3961 4254 4305 4452 5065 5066
432 1926 3598 3766 3965 4345 4779 4941
136 983 1023 2030 2194 2275 2400 2446 2598 2639 2894 3183 3912 4060 4075 4156 5165 5166
414 512 1885 2255 3122 3557 4201 4225 4269
144 495 568 1730 1827 3235 3568 4142 4693
190 669 920 1479 1955 3360 3879 4193
820 2495 2900 3197 4301 4814 5191
405 1495 2930 3046 3351 5255
64 443 855 1376 3082 3979 4241 4259 5052
951 992 1466 2051 2113 2855 3001 3010 4177
486 763 1381 1456 2223 3584 3693 4662
784 860 1182 1776 1964 2407 2591 2608 2931 3012 4612 4657
426 438 584 894 1036 1168 1253 1341 1388 1840 2119 2337 2447 2642 3054 3089 3417 3503 3840 4323 4352 4573
3032 3051 3691 5162
58 467 539 888 1129 1597 1999 3335 4752 4828
408 705 734 1132 1304 1605 1814 2172 2250 2932 3008 3487 3750 3865 4009 4116 4479 4819 4982 5081 5082
67 863 2170 3116 3365 3760 4594 4984
751 2491 3654 4150 5294
139 2545 3174 4485 4540 5340
194 723 1325 1537 1772 1868 3952 4058 4458 4834 5230
381 971 1463 1525 1576 1591 1596 2251 3038 3314 4266 4306 4741 4768
354 1741 2971 4985
390 1248 1677 1872 2479 2835 3161 3226 3433 3570 3592 3744 3789 4548 4649 4981
98 787 1764 2632 4091 4522 4934 5321
336 560 1533 1937 2107 2182 2693 3170 3276 4411 4660
4 974 1309 1738 2009 2582 2593 2985 3918 4886
372 557 797 1273 1941 2273 2671 3271 3386 3745 3928 5125 5126
148 1363 1400 1611 1774 2012 2538 3144 3294 3395 3446 4293 4942
121 1062 1209 1293 2344 2660 3948 4799
157 1166 1224 1347 2222 2897 3613 3669 3964 4001 4465 4667 4788 5249 5250 5341 5342
31 565 1008 1022 1135 1810 3067 3399 4000 4460 4552
76 314 1685 1929 2470 2543 3827 4624
112 647 755 1255 1289 1331 1357 1700 1835 2494 2689 2741 2813 3291 4109 4143
691 692 1195 1294 1928 2043 2082 2948 3138 3248 3554 3871 3910 4844 4913
1106 1319 1694 1708 1822 1893 2161 2355 2674 2739 3455 3495 3862 3926 4512 5284 5285
97 1924 2084 2200 3974 5073
312 540 574 694 1004 2448 2963 3097 3955 4073 4355 4543
348 578 631 1184 1686 1894 1963 2163 2405 2503 2676 2686 2737 2780 3238 3432 3498 3878 3945 4199 4391
375 737 1162 1800 1812 2710 2993 3463 3828 4620 4923
411 558 938 1102 1151 1242 1484 1540 1702 1794 1802 2061 2490 2888 3401 3523 3924 3927 4580 4962
249 1187 1521 2158 2812 3223 3525 4169 4294 4507 4508 4542 4720 5219 5220
785 1087 1123 1434 1501 1757 2692 2729 2837 3361 3600 3842 4090 4576 4848 4917 5158 5159
25 2389 2589 3733 4567 4968
339 1003 1781 2524 2627 3668 3708 4157 4245 4314
957 1115 1179 1356 1780 2174 2283 3559 3748 4421 4553
46 225 532 1223 1448 1613 1637 1795 2727 3341 3640 4162 4307 4561
37 424 995 1575 2026 2053 2227 2584 4188 4862
180 519 688 1735 2695 4251
333 609 728 800 922 998 1755 2233 2715 3063 3242 3902 3925 4378 4395 5286 5287
342 523 577 904 1655 1883 2418 2649 4632
216 639 779 847 1097 1441 1487 1745 2552 2616 2633 3016 3074 3162 3958 4178 4198 4299 4413 4778 4959 5154 5155 5156
2224 2521 2918 3035 3636 4035 4289 4333 4338 4404
198 1247 1522 1615 2565 2961 3533 3540 3601 4835 5217
270 551 1856 2029 2041 2067 2675 3130 3272 3482 5018
279 1952 2028 2108 2939 4680 4855 4865
19 554 588 835 1399 1460 2171 2188 2525 2571 2839 2852 2876 3507 4340 4891 4971
28 2325 4020 4815
525 994 1888 2375 2562 2647 2878 3120 3169 3565 4366
315 1122 1557 1836 1858 2237 2848 3572 4953
147 968 2320 2868 3095 3715 3735
228 720 1049 1084 3166 3232 3409 4031
833 945 980 1669 1869 2487 2788 2909 3603 3608 3844 4192 4381 4426 4753 4785 4970 5292 5293
129 905 910 1160 1737 2022 2197 2586 2696 2765 3800 3894 4497 4696 5314 5315
138 520 1327 1586 2753 2942 3053 3155 3593 3653 3818 4539 4931 4992 5050 5051
237 596 1104 1212 1480 1636 2272 2338 3246
246 326 640 1698 2187 2477 2559 2882 3320 3390 3548 3993 4049 4730 5016 5017 5094 5095 5177
192 1237 1275 1330 1374 1603 1628 2048 2314 4312 4464 5233 5234
201 602 672 778 877 978 1014 1311 1403 1647 1661 1715 2124 2189 2761 2832 2885 3258 3316 3396 3832 3935 4524 4671
222 1034 1045 2699 3057 3154 3652 4444 5153
83 96 1980 2740 2945 3702 4134 4595 4798 4986 5239
501 1114 1610 1673 2165 2247 2943 2986 3208 3502 3644 3794 3898 4641 4672 5123 5124
168 1044 1125 1391 1556 2178 3187 3192 3586 3746 3813 4302 4347 4490
13 177 453 874 2176 2511
383 1530 1572 1787 1846 2892 3946
335 464 3622
473 559 975 1203 1430 1917 2072 2192 2362 2823 2826 3049 3058 3206 3437 3897
446 916 1554 2205 2766 3310 4011 5072
105 884 1027 1161 1505 1809 2392 2438 2732 3694 4244 4588 5169 5170 5271 5272
455 492 767 890 1566 2806 3580 3860 4111 4295 4344 4436
401 428 1587 2361 3139 3461 3553 3614 3867 4633 5047
114 852 1407 1447 1839 2449 2599 3685 4590 4820 4904
123 187 510 3060 3447 3848 4610
195 500 892 1989 2360 2514 3128 3456 3528 3839 3869 4629 5033 5034
410 2370 3040 3080 3440 3564 3583 3989 4451 4695
69 211 795
431 655 768 827 1264 1369 1409 1542 1790 1940 2132 2138 2482 2508 2651 2730 2901 3002 3756 3826 3920 4418 4724
404 1706 1819 2214 2516 4274 4551 4645
63 533 2038 2063 2317 2339 2767 3268 3790 4256 4506 4697 5201 5202
99 1288 2435 2723 2947 3969 4303 5275
219 386 913 1085 1117 1140 1607 2128 3078 3762
3304 3549 4407 4916 4956 5097
341 965 1536 1722 1829 3491 4476 4562 5194
422 745 1832 1879 2624 3179 3243 3245 3472 3473 3791 3895 3929 4145 4152 4184 4197 4529 4905
171 1015 1889 2922 4884
377 759 1191 1221 1265 1653 2998 3299 3774 4581 5205
793 972 1040 1782 1947 2331 2391 2991
513 530 700 893 1026 1181 1990 2191 3998 4122 4899 5061 5062
485 1245 1845 3308 3741 4616
634 842 1059 1666 1748 2644 3816 4008 4979
81 1413 2520 2602 3119 4003 4069 4555 4591 4740 4906 5328 5329
126 1368 1762 2793 3416 3863 4158 4215 4257 4324 4528
359 1977 3020 3726 4900
27 907 1676 2653 2944 3334 3426 3847 3923 4441 4699 4746 4806 5312 5313
440 808 828 1047 1165 2280 3185 3710 3806 3824 4231 4613
41 364 476 770 2309 3261
1002 1263 1564 1645 1996 2513 2825 3084 3153 3274 3367 4443
1358 1475 1476 2694 3991 4149 4643 4732
780 813 885 1028 1351 1459 1592 1882 2304 2395 2401 2759 3037 3398 3782 4064 4125 4375 4547 4558 4568 4676 4767 5038 5039 5040 5104 5105 5106
346 389 457 697 5242
362 783 1139 1608 2404 2925 3123 3429 3833
21 224 331 1088 1333 2474
1303 1420 2050 2122 2168 2241 2453 2600 3322 4288
109 135 272 573 824 1993 2324
344 935 2093 2836 2912 3585 5295
3 327 534 955 2456 3094 3414 3506 4014 4410
353 541 1077 1080 1609 1796 1922 2014 2500 2905 3229 3327 3411 4316 4400 4434 4440 4622 4802 4817
12 764 1332 1639 2585 4227 4792 5168
718 722 1281 2797 3076 4678 5064 5133 5228
635 1961 2303 3428 3709 4907 5102
102 516 858 969 1565 1760 1852 2301 2330 2488 2916 3013 3854 3941 4181
299 564 623 1818 2581 2601 2938 3627 3846 4173 4999 5000 5001
380 879 987 2002 3096 4062
75 1232 1577 2143 2366 2646 3378 4171 4484
581 614 832 962 1149 1682 1744 1756 2648 3021 3118 3537 3573 4939 5035 5036
30 2747 5002
142 371 871 1419 1643 1902 2106 2951 3637 3861 4518 4607 5319 5320
111 471 589 2687 3773 3956 4051 4056 4252 4469 5086
329 356 1690 3211 3555
42 1231 1595 2318 3047
865 1621 2489 2926 3204 3997 4791
33 576 716 726 1558 1873 2033 3464 3629
247 347 2371 2555 3129 3534 5338
51 1116 2486 2871 3421 3986 4016
3069 4164 4354 4525
203 850 1590 2215 2441 3133
275 310 3521 4108 5103
282 284 1545 1646 1935 2791 3452 3579 4794 4868 5004
311 586 1095 2541 2779 2794 2927 4684
365 673 887 1205 1759 2271 2277 2394 2819 3201 3883 5087 5088
266 823 1411 1482 2475 2499 3493 3650 4034 4304 4408 4445 5226 5227
239 802 1266 1398 2974 3270 3646 3817 4223
179 1934 2079 2249 2481 2898 3216 5193
188 599 1236 1950 2583 2828 3280 3604
269 552 1720 3382 4160 4297 4329
475 1692 1808 2083 2134 2459 2904 3269 3984 4048 4789 4885 4898 5129 5130
170 757 1060 1499 1727 1749 5077
143 528 1076 1178 1360 1969 2243 2557 3090 4276 4674 4881 5137 5138
466 948 1284 2577 3904 4202 4349 4473 4526 4637
85 287 680 1230 2946 3388 5318
161 3307 4093 4287 4729 5099
197 1946 2057 2116 2711 2829 3599 3742 4030 4351 4587
504 1911 2100 2544 2685 3324
169 233 1948 2294
0 465 960 3662 4503 4721 5270
