0 499
1 299
2 126
3 464
4 440
6 460
7 265
8 77
9 413
10 292
11 104
12 427
13 353
14 150
15 449
16 261
17 80
18 415
19 311
20 124
21 500
22 249
23 449
24 455
25 285
26 83
27 402
28 312
30 442
31 252
32 58
33 81
34 100
35 75
36 405
37 296
38 115
40 233
41 59
42 452
43 277
44 79
45 384
46 194
47 301
49 236
50 53
51 453
52 278
53 70
54 386
55 166
57 420
58 226
60 344
61 43
62 144
64 216
65 130
66 107
67 228
68 60
69 373
70 275
71 99
72 159
75 245
76 256
77 46
78 374
79 268
80 89
81 395
82 209
83 15
84 429
85 225
86 254
87 348
88 270
89 90
90 380
91 211
92 320
93 31
94 259
95 33
96 350
97 502
98 98
99 382
101 7
102 432
104 413
105 364
106 172
107 100
108 409
109 208
110 23
111 445
112 257
113 65
114 367
115 182
116 95
118 197
119 25
120 374
122 41
123 368
124 169
125 84
126 399
127 199
128 79
129 330
130 238
131 38
132 360
133 171
135 408
136 200
137 0
138 333
139 230
140 64
141 361
142 443
143 485
144 394
145 220
146 1
147 320
148 245
149 66
150 357
151 163
152 478
153 398
154 221
155 18
156 323
157 248
158 51
159 359
160 219
161 489
162 400
163 190
164 467
165 338
166 147
167 52
168 352
169 178
170 329
171 389
172 192
173 9
174 318
175 201
176 187
177 353
178 179
179 477
180 279
181 189
182 11
183 322
184 310
185 49
186 345
187 183
188 479
189 250
190 212
191 12
192 341
193 136
194 42
195 369
196 395
198 306
199 210
200 8
201 342
202 155
203 466
204 370
206 494
207 301
208 202
209 10
210 502
211 143
212 62
213 116
214 174
215 206
216 26
218 2
219 335
220 153
221 461
222 347
223 164
224 500
225 194
226 120
227 398
228 325
229 52
230 451
231 376
232 166
233 495
234 313
235 127
236 30
237 339
239 474
240 289
241 185
242 490
243 318
244 119
245 21
246 340
247 148
248 462
249 279
250 165
251 57
252 308
253 121
254 473
256 141
257 454
258 308
259 167
260 53
262 110
263 421
264 303
265 137
266 473
267 283
268 421
269 481
271 131
272 422
273 68
274 301
275 502
276 280
277 158
278 490
280 132
281 440
282 317
283 144
284 317
286 204
287 488
288 272
289 128
290 441
291 451
292 145
293 471
294 271
295 92
296 496
297 305
299 433
300 231
301 504
303 272
304 85
305 498
306 295
307 105
308 436
309 277
310 502
312 264
313 101
314 256
315 316
317 425
318 259
319 134
320 338
321 290
322 103
323 275
324 304
325 122
326 340
327 260
328 151
330 438
331 500
332 377
333 298
334 502
335 435
336 239
337 142
338 230
340 87
342 300
343 114
344 423
345 241
346 416
347 458
348 266
349 11
350 412
351 463
352 117
353 426
354 234
355 68
356 450
357 262
358 81
361 123
362 418
363 250
364 59
365 472
366 287
367 71
368 403
369 187
370 112
371 443
373 57
375 273
377 390
378 217
379 116
380 437
381 232
382 61
383 354
384 276
385 102
386 335
387 193
389 416
391 36
392 355
393 267
394 69
395 385
396 213
397 108
398 446
400 55
401 371
402 269
403 266
404 379
405 215
406 27
408 227
409 44
410 39
411 274
412 97
413 391
414 204
415 455
416 438
417 217
418 45
419 460
420 175
421 88
422 388
423 463
424 296
425 303
426 223
427 39
428 366
429 192
430 82
431 378
432 289
433 4
434 430
435 251
436 32
437 117
438 168
439 96
440 404
441 131
444 253
445 34
446 362
447 170
448 93
449 407
450 206
451 22
452 332
453 244
454 63
455 365
456 180
457 416
458 410
459 195
460 24
461 327
462 246
463 40
464 356
465 499
466 487
467 226
469 17
470 30
471 237
472 37
473 358
474 159
475 482
477 191
478 19
479 331
480 139
481 62
483 160
484 483
485 393
486 219
487 29
488 319
490 32
492 365
493 476
495 210
496 16
497 321
498 146
499 50
500 369
501 154
502 461
503 104
504 493
505 37
507 0
508 384
509 503
510 368
511 383
512 204
513 392
514 84
516 432
517 302
518 459
520 141
521 121
522 378
523 300
524 348
525 315
527 497
528 485
529 49
530 392
531 267
532 194
533 381
534 260
535 349
536 435
537 447
538 99
539 226
540 372
541 426
542 14
543 330
544 165
545 120
547 9
548 67
549 16
550 114
551 307
552 481
554 311
555 72
556 159
557 243
558 274
559 394
560 239
561 148
562 409
563 344
564 433
565 252
566 475
567 360
568 394
569 32
570 268
571 479
572 440
573 422
574 372
575 346
576 457
577 300
578 266
579 80
580 351
581 441
582 348
583 72
584 168
585 451
586 470
588 311
589 445
590 276
591 165
592 131
593 87
594 82
596 339
597 135
598 32
600 317
601 94
602 342
604 29
606 76
607 36
608 74
609 298
610 141
611 397
612 162
614 186
615 202
616 287
617 96
619 361
620 34
621 94
622 451
623 189
625 239
626 409
627 48
628 47
629 360
630 2
631 266
632 53
633 70
634 394
635 78
636 438
637 179
638 169
639 0
640 434
641 161
642 37
643 376
644 82
645 480
647 257
648 374
649 295
650 77
651 90
652 176
653 486
654 273
655 378
656 49
657 358
658 244
659 107
660 191
661 192
663 75
664 196
665 431
666 275
668 57
669 212
670 49
671 207
672 8
673 472
674 319
675 29
677 114
678 420
679 439
680 225
681 15
682 258
683 494
684 170
685 222
686 184
688 297
689 343
690 95
691 260
692 260
693 369
694 372
695 417
696 80
697 416
698 48
699 15
700 392
701 322
704 41
705 36
706 396
708 447
709 205
710 113
712 421
713 66
714 338
715 100
716 457
717 55
718 428
719 90
720 325
721 32
722 428
723 42
724 266
725 268
726 457
727 273
728 298
729 23
730 82
732 99
733 397
734 36
735 206
736 249
738 431
739 123
740 102
741 77
742 345
743 170
744 67
745 388
747 69
748 140
749 291
750 302
751 229
752 145
753 448
754 354
755 358
756 198
757 484
758 174
759 453
760 410
761 357
763 230
764 427
765 289
766 7
767 365
768 378
770 406
771 3
772 157
775 258
776 72
778 342
779 26
780 414
781 82
782 104
783 418
784 221
785 284
786 70
787 445
788 190
789 276
790 16
791 29
792 181
793 391
794 467
795 373
796 170
798 125
800 298
801 490
802 474
803 126
804 497
805 161
806 205
807 199
808 404
810 171
812 70
813 414
814 490
815 287
816 343
817 190
818 5
819 400
820 214
822 332
823 473
824 208
827 378
828 404
829 210
831 20
833 328
834 143
835 311
836 137
837 1
838 100
839 47
840 261
841 272
842 394
843 313
844 112
845 319
846 133
847 140
848 405
849 69
850 466
851 3
852 367
853 434
854 179
855 248
856 93
857 259
858 432
859 34
860 221
861 375
862 48
863 228
864 292
865 10
866 130
867 185
868 27
869 112
870 132
871 443
872 218
873 189
874 353
875 175
876 370
877 342
878 30
879 437
880 37
881 185
882 249
884 455
885 414
886 502
887 472
888 226
889 277
890 365
891 121
892 369
893 392
894 168
895 17
896 378
897 179
899 503
900 395
901 188
902 160
903 503
904 300
905 78
906 58
907 402
908 104
910 78
911 494
913 383
914 207
915 156
916 143
917 146
918 448
919 44
921 462
922 298
923 209
925 491
927 120
928 391
930 257
931 424
932 75
933 357
934 137
935 423
936 221
937 430
938 456
939 22
940 343
941 2
942 430
943 172
944 126
945 328
946 54
947 320
948 112
950 34
951 218
952 151
953 101
955 464
956 49
957 406
958 447
959 480
960 181
961 503
962 186
963 16
964 397
965 109
966 5
967 425
968 320
969 432
970 108
971 482
972 391
973 286
974 240
975 358
976 120
977 96
978 161
980 328
981 3
982 134
983 200
984 38
986 104
987 164
988 370
989 386
990 140
992 218
994 315
995 243
996 211
997 164
998 298
999 17
1000 420
1001 63
1002 336
1003 152
1004 264
1005 161
1007 302
1008 453
1010 33
1011 165
1012 77
1013 130
1014 342
1015 389
1016 364
1017 16
1018 170
1019 68
1020 55
1021 82
1022 252
1023 200
1024 424
1025 27
1026 392
1027 74
1028 414
1029 159
1030 125
1031 4
1032 122
1033 326
1034 347
1035 3
1036 168
1038 174
1039 68
1040 391
1041 164
1042 443
1043 305
1044 439
1045 281
1046 132
1047 235
1048 238
1049 325
1050 30
1052 28
1053 196
1055 93
1056 57
1059 394
1060 248
1061 343
1062 150
1063 13
1064 355
1065 145
1066 222
1067 74
1068 188
1069 351
1070 321
1071 455
1072 51
1073 16
1074 0
1075 491
1076 485
1077 426
1078 158
1079 149
1080 426
1081 337
1082 91
1083 327
1085 148
1086 216
1087 284
1088 493
1089 150
1091 137
1093 45
1094 41
1095 470
1096 93
1097 26
1098 453
1099 277
1100 184
1101 332
1102 22
1103 201
1104 339
1105 448
1106 262
1107 249
1108 58
1109 35
1110 88
1111 67
1112 121
1113 201
1114 154
1115 406
1116 453
1117 383
1118 410
1119 377
1120 385
1121 332
1122 316
1123 284
1124 208
1125 439
1126 130
1128 58
1129 228
1130 108
1131 326
1132 227
1133 327
1134 288
1135 252
1137 170
1138 287
1139 418
1140 383
1142 9
1143 113
1144 115
1145 29
1147 176
1148 337
1149 186
1151 274
1153 157
1154 236
1155 199
1156 417
1157 409
1158 64
1159 137
1160 330
1161 74
1162 273
1164 126
1165 235
1166 6
1168 223
1169 77
1170 24
1171 294
1172 503
1173 128
1174 188
1175 170
1177 180
1178 485
1180 400
1181 392
1182 221
1183 496
1184 266
1185 160
1186 156
1187 89
1188 188
1189 275
1190 174
1191 390
1193 490
1194 405
1195 260
1197 316
1199 430
1200 30
1201 129
1203 358
1204 29
1205 472
1207 153
1208 36
1209 247
1210 105
1212 339
1213 326
1214 59
1215 2
1217 204
1218 491
1219 454
1220 332
1221 390
1222 291
1223 294
1224 248
1225 107
1226 61
1227 177
1228 168
1229 80
1230 225
1231 452
1232 439
1233 95
1235 328
1236 479
1237 341
1238 240
1239 455
1240 50
1241 94
1242 274
1243 106
1244 121
1245 264
1247 306
1248 235
1250 119
1251 118
1252 82
1253 223
1254 491
1256 291
1257 81
1258 326
1259 487
1261 404
1262 397
1263 391
1264 378
1265 390
1267 497
1268 145
1269 150
1270 486
1271 185
1272 35
1273 474
1274 305
1275 341
1277 15
1278 456
1279 186
1280 160
1284 112
1285 400
1286 351
1287 276
1289 257
1290 322
1291 400
1292 184
1294 61
1296 104
1297 409
1298 43
1299 504
1300 460
1302 376
1303 152
1304 36
1305 440
1306 35
1307 386
1308 149
1309 240
1310 472
1311 8
1312 322
1313 275
1314 121
1315 51
1316 82
1317 206
1318 6
1319 386
1320 377
1321 497
1322 374
1323 180
1325 42
1326 468
1328 58
1329 486
1330 341
1331 257
1332 438
1334 16
1335 192
1336 185
1338 220
1339 85
1340 164
1341 168
1342 37
1343 0
1344 469
1345 376
1346 400
1347 253
1348 380
1349 103
1351 414
1352 186
1354 28
1355 259
1356 293
1357 257
1359 310
1360 485
1363 76
1364 199
1365 268
1366 436
1367 242
1368 399
1369 378
1371 289
1372 88
1373 435
1374 341
1376 216
1377 281
1378 288
1379 503
1381 219
1382 154
1383 504
1384 88
1385 337
1386 207
1387 448
1389 438
1390 198
1391 352
1392 196
1394 82
1395 233
1396 424
1399 311
1400 245
1401 162
1402 448
1403 342
1404 33
1405 131
1406 397
1407 367
1408 377
1409 426
1410 35
1413 455
1414 76
1415 280
1416 504
1417 302
1419 443
1420 186
1421 201
1423 180
1424 240
1425 198
1426 135
1427 22
1428 410
1429 161
1430 358
1431 314
1432 363
1434 284
1436 487
1437 47
1438 203
1439 145
1440 8
1441 26
1442 86
1443 81
1444 71
1445 47
1446 302
1447 367
1448 194
1449 188
1451 25
1453 478
1455 305
1457 238
1458 5
1459 414
1460 311
1461 290
1462 130
1463 232
1464 377
1465 283
1466 94
1467 403
1468 30
1469 498
1470 172
1471 58
1472 101
1473 404
1474 55
1475 411
1476 411
1477 438
1478 490
1480 177
1482 128
1483 404
1485 201
1486 265
1487 26
1488 123
1489 206
1490 421
1491 497
1493 66
1494 5
1495 215
1496 384
1497 280
1499 102
1500 269
1501 284
1502 204
1503 119
1504 14
1505 364
1506 160
1507 359
1508 444
1509 396
1510 331
1511 305
1513 292
1515 4
1516 192
1517 254
1518 200
1519 128
1520 391
1522 149
1524 37
1525 232
1526 72
1528 199
1529 136
1530 354
1531 449
1532 141
1533 239
1534 405
1535 142
1536 109
1537 42
1538 58
1540 274
1542 378
1543 284
1544 114
1545 177
1546 453
1547 38
1548 328
1551 49
1552 56
1553 400
1554 362
1555 196
1558 457
1559 276
1560 304
1561 418
1562 331
1563 133
1564 336
1565 51
1566 365
1567 122
1568 133
1569 82
1570 123
1571 338
1572 228
1573 249
1574 304
1576 482
1577 245
1578 28
1579 111
1581 420
1582 17
1583 287
1586 333
1587 371
1589 72
1590 250
1592 414
1593 221
1594 386
1596 482
1598 468
1599 132
1600 134
1601 335
1602 205
1604 81
1605 227
1606 162
1609 426
1610 154
1612 116
1613 294
1614 280
1616 55
1617 57
1619 183
1620 478
1621 454
1622 68
1623 160
1624 265
1626 332
1627 478
1628 341
1629 61
1630 75
1631 468
1632 130
1633 318
1634 398
1635 315
1637 194
1638 461
1639 427
1640 425
1641 438
1643 443
1644 328
1645 336
1647 342
1648 195
1650 154
1652 97
1653 453
1654 443
1655 300
1656 358
1657 386
1658 31
1659 184
1660 228
1661 8
1662 188
1663 378
1664 275
1665 496
1666 414
1667 89
1668 122
1669 328
1670 490
1671 15
1672 402
1673 154
1674 417
1675 273
1676 402
1678 163
1680 289
1681 173
1682 441
1684 397
1685 256
1686 266
1687 10
1688 424
1689 420
1690 450
1691 199
1693 420
1694 262
1695 190
1697 268
1698 340
1699 164
1701 162
1702 274
1704 165
1706 215
1707 268
1709 462
1711 114
1712 311
1713 53
1714 19
1715 342
1716 66
1717 97
1718 110
1719 85
1720 481
1721 63
1722 387
1723 503
1724 221
1726 335
1727 329
1728 27
1729 43
1730 394
1732 377
1733 65
1734 85
1736 262
1737 330
1738 240
1739 140
1740 70
1741 234
1743 400
1744 441
1745 26
1747 186
1750 62
1751 255
1753 12
1754 233
1755 298
1756 441
1758 400
1759 472
1760 432
1761 240
1762 399
1763 113
1764 98
1765 292
1766 51
1767 97
1768 211
1769 392
1770 236
1771 3
1772 42
1773 203
1774 245
1775 155
1776 77
1777 374
1778 119
1779 119
1780 293
1782 391
1783 40
1784 203
1785 43
1788 201
1789 453
1790 378
1793 361
1794 274
1797 332
1798 29
1799 3
1800 273
1802 274
1803 254
1804 47
1805 473
1809 364
1810 453
1811 302
1813 247
1814 227
1815 90
1816 134
1817 369
1818 429
1819 215
1820 134
1822 262
1823 10
1824 470
1825 21
1826 240
1827 210
1828 140
1829 387
1831 104
1832 184
1833 448
1834 280
1835 257
1838 201
1840 168
1842 377
1843 276
1844 449
1845 393
1847 412
1848 172
1849 50
1850 208
1851 343
1852 432
1853 396
1854 195
1855 283
1856 307
1857 122
1858 316
1862 147
1863 196
1864 180
1865 501
1866 108
1867 94
1868 42
1869 328
1870 119
1871 258
1873 457
1874 122
1875 403
1876 177
1877 247
1878 494
1879 184
1880 153
1881 62
1882 414
1884 456
1885 204
1886 22
1887 449
1888 315
1889 389
1890 112
1891 79
1892 307
1893 386
1894 266
1895 470
1897 43
1898 14
1899 469
1900 49
1901 449
1902 443
1904 401
1906 330
1907 469
1910 303
1913 24
1914 459
1915 79
1917 288
1918 283
1919 400
1921 113
1922 426
1923 59
1924 502
1925 76
1926 289
1928 61
1929 256
1930 207
1931 73
1933 197
1934 477
1936 54
1937 239
1938 255
1939 244
1940 378
1941 205
1942 191
1943 105
1944 51
1946 492
1947 391
1948 495
1949 258
1950 479
1951 102
1952 309
1953 160
1955 212
1956 396
1957 469
1959 491
1960 80
1962 266
1963 266
1966 402
1967 128
1968 326
1969 485
1971 446
1972 291
1973 290
1974 163
1975 159
1976 417
1977 401
1978 459
1979 491
1980 350
1981 135
1982 130
1983 471
1984 451
1985 440
1986 83
1987 302
1989 369
1991 222
1992 185
1993 408
1994 491
1995 168
1996 336
1997 413
1998 291
1999 226
2000 217
2001 126
2002 437
2003 471
2004 414
2005 161
2006 282
2007 65
2008 116
2009 440
2010 363
2011 290
2012 245
2014 426
2015 412
2016 270
2017 51
2019 72
2020 396
2021 467
2022 491
2024 190
2025 71
2027 432
2028 381
2029 307
2030 200
2031 298
2032 47
2033 81
2035 346
2036 113
2040 242
2041 384
2042 471
2045 471
2046 501
2047 182
2051 218
2053 296
2054 302
2055 114
2057 492
2058 129
2059 114
2060 159
2061 274
2062 87
2065 397
2067 25
2068 51
2071 1
2072 394
2073 370
2074 434
2075 475
2076 449
2077 1
2078 349
2079 477
2081 179
2083 456
2084 502
2085 1
2086 276
2087 400
2088 275
2090 12
2091 205
2092 160
2093 423
2094 249
2095 494
2096 13
2097 313
2098 8
2099 383
2100 493
2101 180
2102 211
2103 113
2105 315
2106 443
2107 239
2108 309
2109 341
2110 56
2111 281
2113 218
2115 410
2116 492
2118 172
2119 168
2121 38
2122 441
2123 280
2124 342
2125 182
2126 301
2127 60
2128 335
2129 57
2130 497
2131 470
2132 457
2133 63
2134 479
2135 64
2140 40
2141 413
2142 453
2143 120
2146 230
2147 387
2148 122
2150 131
2152 98
2153 224
2154 254
2155 233
2156 319
2157 337
2158 89
2159 395
2161 386
2162 434
2163 266
2164 323
2165 494
2166 159
2167 0
2168 152
2169 137
2170 228
2171 311
2173 114
2174 406
2178 352
2179 61
2182 239
2183 272
2184 223
2185 187
2186 491
2187 340
2188 26
2189 8
2190 174
2191 159
2192 288
2193 265
2194 200
2195 402
2197 78
2200 502
2202 14
2204 173
2205 172
2206 276
2207 490
2210 302
2211 143
2213 210
2214 215
2217 289
2218 51
2220 424
2221 115
2223 230
2224 291
2226 291
2227 296
2228 44
2229 115
2231 265
2232 64
2233 298
2234 389
2235 327
2236 135
2237 316
2239 412
2240 338
2241 152
2244 22
2245 108
2246 278
2248 454
2249 477
2251 232
2252 181
2253 96
2255 204
2256 127
2257 110
2258 139
2259 426
2260 33
2261 34
2262 155
2263 126
2265 463
2266 421
2267 313
2268 338
2269 273
2270 292
2271 449
2272 339
2273 243
2274 253
2275 224
2276 51
2277 472
2278 503
2280 235
2281 13
2282 338
2284 317
2285 115
2286 469
2287 115
2288 116
2290 112
2291 478
2292 239
2294 495
2298 217
2299 192
2300 335
2302 194
2303 57
2304 414
2305 236
2306 205
2307 51
2308 196
2309 466
2310 435
2311 58
2312 11
2314 341
2315 40
2316 409
2317 72
2318 442
2320 320
2323 163
2324 422
2325 312
2327 153
2329 280
2331 391
2332 447
2334 210
2335 344
2336 305
2337 168
2338 339
2339 35
2340 196
2341 0
2342 417
2343 73
2344 95
2345 185
2346 348
2350 209
2351 91
2353 45
2354 464
2355 386
2356 205
2357 322
2359 310
2360 369
2361 366
2362 394
2363 338
2364 217
2365 476
2367 242
2368 0
2369 68
2370 39
2371 458
2372 454
2373 23
2374 410
2376 349
2379 251
2381 3
2383 146
2385 497
2386 288
2387 7
2389 285
2390 70
2391 391
2393 461
2395 414
2397 15
2398 423
2399 446
2400 200
2401 414
2402 420
2403 459
2404 19
2405 266
2406 266
2407 221
2408 292
2409 217
2410 1
2411 164
2413 127
2414 124
2415 111
2418 300
2419 105
2420 210
2421 87
2422 20
2424 322
2425 484
2427 27
2428 451
2429 287
2430 335
2431 168
2432 51
2433 240
2434 4
2438 364
2440 265
2441 250
2442 112
2443 137
2445 0
2446 200
2448 264
2449 367
2450 375
2451 491
2452 164
2455 33
2457 147
2459 456
2460 135
2461 400
2462 19
2463 53
2464 52
2467 46
2468 44
2471 124
2472 483
2473 27
2474 501
2476 440
2478 113
2480 15
2482 378
2483 420
2484 384
2485 114
2486 453
2488 432
2489 385
2490 274
2491 229
2492 204
2493 139
2494 257
2495 214
2496 27
2498 471
2499 473
2501 72
2502 32
2503 266
2504 289
2505 465
2506 237
2507 68
2508 426
2510 90
2511 353
2512 313
2513 391
2514 369
2516 215
2517 113
2518 157
2519 91
2520 226
2521 291
2522 205
2524 286
2525 79
2528 319
2529 430
2531 233
2533 140
2534 160
2536 324
2537 144
2538 352
2539 136
2540 439
2541 470
2542 169
2543 244
2545 230
2547 447
2548 140
2549 275
2550 374
2551 98
2552 26
2553 447
2557 485
2558 135
2560 304
2561 201
2563 90
2565 306
2567 173
2569 298
2570 208
2572 129
2574 16
2576 39
2579 444
2580 35
2583 479
2584 324
2585 427
2586 330
2587 157
2588 58
2589 285
2590 47
2591 221
2592 175
2595 98
2596 210
2597 233
2598 200
2599 367
2601 433
2602 395
2604 395
2605 170
2606 408
2607 497
2608 61
2609 21
2610 36
2612 31
2614 160
2615 111
2617 198
2618 95
2619 122
2620 430
2621 355
2623 75
2624 388
2625 97
2626 14
2627 286
2628 32
2632 237
2633 26
2634 148
2635 24
2636 258
2637 44
2638 155
2639 200
2640 118
2642 168
2643 404
2644 394
2646 439
2648 441
2650 451
2652 315
2653 402
2654 18
2657 406
2660 95
2662 68
2664 137
2666 431
2667 123
2668 149
2670 261
2671 386
2672 351
2673 58
2674 386
2676 266
2678 63
2679 40
2680 132
2681 183
2682 455
2683 253
2685 19
2686 266
2687 318
2688 142
2689 257
2690 375
2691 475
2692 284
2693 239
2694 411
2695 297
2697 255
2698 86
2701 34
2702 131
2704 384
2705 37
2707 27
2709 128
2710 273
2711 76
2715 298
2716 139
2717 128
2718 283
2719 424
2720 147
2721 280
2722 126
2723 345
2724 276
2725 174
2726 420
2728 123
2729 284
2731 288
2732 364
2733 324
2737 252
2738 412
2739 262
2741 32
2743 107
2744 276
2745 374
2747 442
2748 355
2749 305
2750 304
2751 220
2752 386
2753 401
2755 3
2756 498
2758 96
2759 414
2760 92
2762 341
2763 349
2764 96
2765 491
2768 448
2772 333
2773 455
2775 22
2776 66
2777 47
2778 398
2779 237
2780 266
2783 435
2785 191
2786 24
2787 39
2788 440
2789 185
2791 177
2792 106
2794 470
2795 65
2796 250
2798 208
2799 161
2801 86
2802 103
2803 6
2804 33
2806 365
2807 416
2809 223
2811 278
2812 89
2813 257
2815 66
2816 179
2817 23
2818 500
2820 275
2821 440
2822 346
2823 414
2825 336
2826 288
2830 185
2831 56
2832 342
2833 100
2834 217
2835 235
2838 253
2839 311
2840 171
2843 34
2844 358
2845 128
2846 430
2848 316
2849 430
2850 348
2851 44
2854 24
2856 25
2857 57
2858 246
2859 136
2862 315
2863 494
2866 65
2867 282
2868 320
2869 12
2870 502
2871 453
2872 2
2873 109
2874 283
2875 134
2878 470
2879 455
2880 98
2882 340
2883 30
2884 476
2886 87
2887 146
2888 22
2889 21
2890 242
2892 354
2894 200
2895 90
2896 400
2898 477
2899 94
2900 214
2902 491
2904 482
2906 39
2908 233
2909 87
2912 423
2914 233
2916 432
2917 308
2918 291
2920 71
2921 15
2923 234
2925 418
2927 470
2928 112
2930 215
2931 77
2932 227
2933 290
2934 156
2936 122
2937 254
2939 309
2940 33
2941 196
2942 333
2943 494
2944 402
2945 350
2946 488
2947 382
2948 260
2950 410
2951 443
2952 86
2954 290
2955 106
2956 58
2957 122
2959 392
2960 57
2961 306
2962 310
2963 264
2964 177
2965 469
2968 122
2970 502
2971 234
2972 253
2973 144
2974 270
2975 114
2976 120
2979 347
2980 249
2986 154
2987 74
2988 387
2989 22
2990 101
2991 391
2993 273
2995 53
2996 51
2997 118
2999 112
3000 218
3001 218
3002 173
3003 182
3004 83
3005 469
3006 469
3008 478
3009 451
3010 451
3011 110
3012 460
3013 406
3014 406
3015 23
3016 472
3017 472
3021 409
3022 418
3023 418
3024 167
3025 59
3027 68
3028 481
3029 454
3030 355
3031 367
3032 367
3033 62
3036 125
3038 340
3039 89
3041 439
3042 439
3043 412
3044 412
3045 385
3046 322
3049 262
3050 262
3051 38
3052 244
3053 253
3055 502
3056 502
3057 2
3058 5
3061 211
3062 211
3063 283
3064 283
3065 292
3066 292
3068 328
3069 328
3070 489
3071 238
3072 492
3076 133
3077 420
3078 420
3079 429
3081 160
3082 465
3085 441
3086 441
3087 172
3091 432
3092 432
3094 118
3095 127
3096 414
3097 414
3098 414
3099 423
3100 423
3101 109
3102 82
3103 82
3104 82
3105 396
3106 396
3107 405
3112 145
3113 145
3114 426
3115 426
3116 426
3117 58
3118 58
3119 58
3120 408
3121 94
3122 94
3123 300
3124 300
3125 40
3127 4
3128 4
3129 13
3130 453
3131 453
3132 453
3133 157
3134 157
3135 31
3136 312
3137 348
3139 276
3140 276
3141 276
3144 330
3145 330
3146 321
3147 225
3149 342
3152 279
3153 28
3155 174
3156 174
3157 147
3158 156
3160 452
3161 503
3162 503
3163 503
3165 291
3166 237
3168 192
3169 201
3170 201
3171 201
3172 213
3173 222
3174 87
3175 87
3176 96
3177 96
3179 141
3180 105
3181 428
3183 410
3184 410
3185 231
3186 404
3187 404
3190 386
3191 386
3192 386
3193 45
3194 395
3195 395
3196 341
3197 341
3198 341
3199 72
3200 72
3202 467
3203 153
3205 126
3206 359
3207 440
3210 36
3211 449
3212 449
3214 48
3215 362
3216 344
3218 12
3219 93
3220 102
3224 320
3225 320
3226 329
3227 275
3228 275
3229 179
3230 179
3231 152
3232 484
3233 170
3235 215
3236 215
3237 287
3238 287
3239 197
3240 224
3241 233
3242 233
3243 296
3245 305
3247 227
3248 433
3249 209
3250 182
3251 191
3252 254
3253 469
3254 469
3255 478
3257 164
3258 164
3259 245
3260 245
3261 119
3262 119
3263 415
3265 23
3266 436
3269 185
3272 400
3275 68
3277 367
3278 367
3279 403
3281 349
3282 26
3284 26
3287 448
3288 448
3289 457
3290 457
3291 116
3292 412
3293 412
3294 98
3295 98
3296 71
3298 322
3299 388
3301 74
3302 379
3304 226
3305 253
3306 253
3307 325
3308 2
3309 2
3310 65
3313 5
3315 184
3316 256
3318 211
3319 292
3320 292
3321 274
3323 14
3324 151
3325 438
3327 214
3328 115
3329 115
3330 196
3332 369
3333 369
3334 181
3335 163
3336 477
3337 477
3338 46
3339 91
3340 91
3341 190
3345 405
3346 360
3348 58
3349 58
3351 336
3352 121
3353 121
3354 435
3355 31
3357 70
3358 276
3360 276
3361 267
3362 330
3363 330
3364 321
3365 189
3367 333
3368 342
3369 342
3370 342
3371 207
3372 288
3374 198
3375 351
3376 28
3377 261
3378 282
3379 488
3380 228
3381 228
3384 165
3385 237
3387 96
3388 96
3389 482
3390 482
3391 464
3392 446
3393 455
3394 455
3396 123
3397 195
3398 401
3399 491
3403 332
3404 54
3405 377
3407 485
3408 485
3409 81
3410 81
3413 359
3415 449
3416 458
3417 350
3419 323
3420 389
3423 344
3424 353
3425 12
3426 102
3427 326
3428 75
3429 290
3430 290
3432 39
3433 42
3434 42
3435 257
3436 257
3439 24
3441 338
3442 33
3443 33
3445 221
3446 221
3447 275
3448 275
3449 275
3451 365
3452 365
3453 493
3454 260
3455 260
3456 475
3457 215
3459 287
3460 287
3461 161
3462 161
3463 206
3465 296
3466 278
3467 92
3468 191
3469 191
3471 254
3472 424
3473 424
3474 245
3475 245
3476 451
3477 451
3478 436
3479 95
3480 95
3481 445
3482 472
3484 122
3487 194
3488 194
3489 86
3490 167
3493 400
3494 400
3496 382
3497 454
3498 454
3499 140
3501 149
3502 53
3503 53
3504 376
3506 8
3507 349
3508 358
3509 358
3510 304
3511 80
3512 457
3513 457
3514 116
3515 116
3516 98
3517 98
3518 307
3520 262
3521 262
3522 298
3523 298
3526 352
3528 20
3529 271
3530 280
3531 280
3532 319
3533 193
3534 301
3535 498
3536 328
3537 328
3538 220
3540 483
3541 151
3542 223
3543 232
3544 438
3546 447
3548 429
3549 178
3550 241
3551 477
3552 477
3553 432
3554 432
3555 432
3556 136
3557 109
3558 91
3559 91
3560 64
3562 378
3563 378
3564 426
3567 58
3568 58
3569 58
3571 408
3572 94
3573 94
3574 381
3575 354
3576 390
3577 345
3579 363
3580 103
3581 318
3582 88
3583 294
3584 384
3585 384
3589 276
3590 258
3591 258
3592 25
3594 339
3596 61
3597 225
3598 1
3600 28
3601 28
3603 315
3604 147
3606 497
3607 183
3608 255
3609 504
3610 503
3611 503
3612 291
3613 291
3614 291
3615 237
3616 237
3618 273
3619 213
3620 222
3621 383
3623 473
3624 132
3625 132
3627 446
3628 105
3631 69
3632 63
3633 99
3635 485
3636 81
3637 81
3638 494
3639 494
3640 359
3641 117
3643 18
3645 21
3647 272
3648 353
3649 93
3651 102
3652 299
3653 308
3655 75
3656 39
3658 356
3659 42
3660 42
3661 33
3662 33
3663 302
3665 275
3666 275
3667 275
3668 493
3669 179
3670 179
3671 484
3672 242
3673 197
3674 0
3676 137
3677 137
3678 92
3680 424
3681 496
3682 110
3683 406
3684 406
3685 236
3686 104
3687 104
3688 131
3689 131
3690 194
3691 194
3692 400
3693 400
3694 400
3695 400
3696 59
3697 59
3698 373
3699 68
3701 382
3702 140
3703 140
3704 355
3705 340
3706 340
3707 295
3708 412
3710 98
3712 322
3713 322
3714 56
3715 262
3716 262
3717 379
3718 253
3719 253
3720 20
3721 316
3722 316
3723 5
3725 301
3726 175
3727 498
3728 166
3729 274
3731 274
3732 328
3733 328
3734 328
3735 229
3737 250
3738 124
3739 106
3740 160
3741 160
3742 160
3743 169
3744 456
3745 181
3746 477
3747 477
3748 387
3750 118
3751 423
3752 423
3753 109
3754 73
3755 486
3756 300
3758 471
3759 471
3761 336
3762 345
3763 148
3765 22
3766 444
3768 348
3769 348
3770 393
3771 52
3772 249
3773 249
3774 267
3775 330
3777 366
3778 306
3779 1
3780 1
3781 297
3784 315
3785 315
3789 156
3791 228
3792 461
3793 470
3795 129
3796 210
3797 210
3799 60
3800 213
3801 87
3803 473
3804 473
3807 105
3808 105
3809 428
3810 204
3811 204
3812 231
3815 90
3816 99
3817 45
3818 395
3819 395
3820 54
3821 422
3822 377
3823 377
3824 72
3825 72
3827 440
3828 440
3829 476
3830 117
3831 350
3832 18
3834 389
3835 48
3837 21
3838 502
3839 272
3841 344
3842 3
3843 3
3844 425
3845 84
3846 326
3847 326
3848 416
3849 416
3850 356
3851 230
3852 230
3853 51
3854 51
3855 51
3856 338
3857 338
3858 374
3860 6
3861 248
3862 203
3863 493
3864 152
3865 188
3866 188
3868 215
3869 215
3870 466
3871 161
3872 161
3873 242
3875 233
3876 278
3877 0
3879 227
3880 227
3881 442
3882 191
3884 424
3885 424
3886 478
3887 478
3888 164
3889 164
3890 245
3891 245
3892 119
3895 128
3896 406
3897 406
3898 415
3899 23
3900 23
3901 95
3902 95
3903 104
3904 104
3907 391
3908 131
3909 131
3910 427
3911 167
3912 50
3913 364
3914 364
3915 32
3916 32
3917 41
3918 113
3919 113
3920 149
3921 355
3922 355
3923 349
3924 349
3925 430
3926 430
3927 26
3928 26
3929 26
3930 80
3931 80
3932 89
3933 89
3934 116
3935 116
3936 439
3937 439
3938 98
3939 98
3940 98
3941 322
3942 322
3943 388
3944 74
3945 74
3947 298
3948 298
3949 29
3950 29
3951 244
3953 502
3954 271
3955 301
3957 480
3958 175
3960 211
3961 211
3964 106
3965 501
3966 169
3967 456
3968 456
3969 465
3970 369
3971 369
3972 432
3973 432
3974 432
3977 414
3978 414
3979 414
3980 414
3981 450
3982 82
3983 82
3985 82
3986 190
3987 190
3988 64
3991 486
3992 145
3993 145
3994 399
3995 139
3996 40
3997 40
3998 49
4000 462
4001 22
4003 22
4004 444
4006 16
4007 16
4008 312
4009 402
4010 402
4011 384
4012 384
4013 366
4014 321
4015 61
4018 1
4019 1
4020 342
4021 342
4022 342
4023 288
4025 270
4026 351
4027 19
4029 183
4032 228
4033 443
4034 443
4035 246
4036 273
4037 273
4038 186
4039 186
4040 213
4041 87
4042 87
4043 96
4044 96
4045 482
4046 482
4047 168
4048 168
4049 168
4050 150
4051 500
4052 473
4053 473
4056 132
4058 141
4059 114
4060 114
4061 401
4062 78
4063 231
4064 90
4065 90
4066 386
4067 386
4068 386
4071 341
4072 341
4073 341
4074 377
4075 377
4076 377
4077 81
4078 81
4079 126
4081 440
4082 440
4084 476
4085 117
4086 350
4087 18
4089 48
4090 21
4091 21
4094 502
4095 12
4096 12
4098 93
4099 299
4100 416
4101 416
4102 281
4103 290
4104 290
4105 407
4106 66
4108 230
4109 230
4110 33
4112 33
4113 347
4114 248
4116 311
4117 311
4118 293
4119 493
4120 493
4121 260
4122 260
4123 287
4124 287
4125 296
4127 305
4128 305
4129 0
4130 0
4132 92
4133 209
4134 469
4135 469
4138 415
4139 23
4140 23
4141 472
4142 472
4143 427
4144 86
4145 50
4146 364
4147 364
4148 32
4149 32
4152 44
4154 17
4155 358
4156 358
4157 430
4158 430
4159 26
4160 26
4162 125
4163 331
4165 89
4166 89
4167 286
4168 457
4170 412
4171 412
4172 313
4173 289
4174 289
4175 316
4177 65
4178 65
4179 271
4180 319
4181 319
4182 265
4183 265
4184 301
4185 301
4186 480
4187 175
4189 283
4191 14
4192 229
4193 202
4194 310
4195 142
4196 492
4197 250
4198 250
4199 232
4200 133
4201 106
4202 160
4203 160
4204 160
4205 115
4207 241
4208 268
4209 268
4210 441
4211 441
4212 181
4213 181
4214 172
4215 172
4217 127
4218 208
4219 208
4220 450
4221 423
4222 423
4223 396
4224 396
4225 154
4226 154
4227 40
4228 40
4229 49
4230 49
4231 336
4232 336
4233 372
4234 157
4235 157
4237 318
4238 318
4239 327
4240 97
4241 294
4242 384
4243 384
4244 52
4245 276
4247 276
4248 276
4249 258
4250 258
4251 330
4252 330
4253 330
4255 306
4256 37
4257 37
4258 333
4259 342
4260 342
4261 342
4262 342
4263 297
4264 270
4265 174
4266 174
4267 497
4268 497
4269 183
4270 228
4272 228
4273 264
4274 470
4275 470
4276 129
4277 479
4278 479
4279 452
4280 219
4281 60
4282 213
4283 500
4284 473
4285 473
4286 105
4288 455
4289 455
4290 455
4292 114
4294 401
4295 332
4296 332
4297 431
4298 404
4300 54
4301 413
4302 72
4303 72
4304 72
4305 485
4306 485
4307 126
4308 126
4309 368
4310 440
4312 440
4313 36
4314 36
4315 323
4316 48
4317 48
4318 362
4319 57
4320 57
4321 57
4322 502
4323 344
4324 344
4325 317
4326 75
4327 75
4328 281
4329 39
4330 39
4334 51
4336 257
4337 257
4338 338
4339 338
4340 338
4341 6
4342 203
4343 212
4344 311
4345 311
4346 311
4347 239
4348 239
4349 493
4350 493
4351 179
4352 179
4353 260
4354 260
4355 197
4356 278
4357 305
4358 305
4359 227
4360 227
4361 433
4362 101
4363 424
4364 424
4365 424
4366 469
4367 469
4368 469
4369 245
4370 245
4371 245
4372 119
4373 119
4374 415
4375 445
4376 104
4377 104
4378 104
4379 194
4380 194
4381 158
4382 364
4383 364
4384 68
4385 68
4386 68
4387 382
4388 481
4389 355
4390 355
4391 44
4392 44
4393 304
4394 304
4395 331
4396 340
4397 340
4398 80
4399 80
4400 448
4401 448
4402 107
4403 56
4404 262
4405 262
4406 262
4407 298
4408 298
4409 298
4410 29
4411 29
4412 343
4413 325
4414 235
4415 5
4416 5
4417 301
4418 301
4419 211
4420 211
4421 283
4422 283
4423 292
4424 292
4425 166
4426 220
4427 202
4428 310
4429 223
4430 223
4431 124
4432 133
4433 205
4434 205
4435 214
4436 420
4437 420
4438 420
4439 465
4440 115
4441 115
4442 187
4443 241
4444 172
4445 172
4446 459
4447 432
4448 432
4449 432
4450 432
4451 217
4452 217
4453 91
4454 91
4455 396
4456 396
4457 64
4458 64
4459 145
4460 145
4461 360
4462 399
4463 67
4464 49
4465 49
4466 471
4467 471
4468 130
4469 130
4470 13
4471 372
4472 462
4473 157
4474 157
4475 22
4476 22
4477 22
4478 435
4479 435
4480 444
4481 103
4482 112
4483 112
4484 16
4485 16
4486 348
4487 348
4488 70
4489 70
4490 267
4491 240
4492 240
4493 61
4494 61
4495 189
4496 225
4497 37
4498 37
4499 180
4500 180
4501 503
4502 503
4503 503
4504 198
4505 252
4506 351
4507 351
4508 315
4509 315
4510 255
4511 264
4512 264
4513 129
4514 237
4515 237
4516 201
4517 201
4518 201
4519 60
4520 177
4521 177
4522 392
4523 392
4524 150
4525 159
4526 159
4527 401
4528 401
4529 410
4530 410
4531 491
4532 491
4533 491
4534 467
4535 359
4536 27
4537 27
4538 36
4539 36
4540 108
4541 458
4542 48
4543 48
4544 84
4545 335
4546 335
4547 308
4548 75
4549 75
4550 281
4551 39
4552 39
4553 66
4554 66
4555 257
4556 257
4557 257
4558 221
4559 221
4560 221
4561 212
4562 293
4563 502
4564 502
4565 502
4566 502
4567 260
4568 260
4569 260
4570 287
4571 287
4572 287
4573 278
4574 278
4575 305
4576 305
4577 305
