3323, 3324, 3921, 11957
50, 1204, 3090, 3826, 4497, 4714, 7020, 8639, 10081, 11128
4401, 5704
4028, 6885, 10046, 10623, 10835
12, 4107, 10830, 12975
310, 982, 1315, 2331, 3000, 3575, 3645, 4476, 6447, 6797, 9200, 11391, 13082, 11729, 3861, 1964
198, 426, 2020, 2337, 3608, 6291, 6847, 10694, 11229, 12788, 12940, 8983
831, 1215, 4140, 4417, 4982, 7410, 8971, 9375, 9644, 10544, 10571, 11136, 10883
3532, 4243, 7064, 9468, 12577, 13037, 1479
2528, 7867
165, 3476, 3667, 8800, 12859
93, 154, 630, 1199, 1765, 1809, 2392, 3130, 7907, 7964, 10871, 11849, 582
242, 738, 1379, 2962, 4126, 6456, 6805, 9210, 9882, 2711, 7412, 12976, 11581
305, 657, 1306, 2078, 4986, 8379, 8504, 9182
1143, 1755, 2548, 7048, 7877, 8453, 8975, 9445, 10557, 12106, 12956
119, 628, 1194, 1600, 2041, 2202, 2975, 8491, 9023, 10126, 11642, 12431, 12061
3451, 11786
1037, 3701, 3765, 5714, 6334, 6735, 7219
5126, 10921
2418, 2628, 2669, 9620, 9621, 11747
272, 2529, 4812, 5323, 8301, 9138, 9275
2582, 12803
102, 246, 1444, 9919, 12184
1993, 6124, 6125
2394, 3032, 3175, 6309, 12056, 12602
42, 726, 1260, 1308, 2676, 3767, 4065, 7153, 7442, 8992, 10794, 7275, 159, 7850, 11248
1281, 1900, 2264, 3506, 7076, 7177, 7234, 9031, 10599, 10785, 11336, 11932, 7925, 7557, 7062, 7903
929, 1531, 1823, 9580, 11036, 13041
10753, 11773
6677, 10733, 11030
175, 1265, 1350, 2555, 4053, 4147, 5645, 5800, 6224, 7888, 9006, 12167, 9222, 10909
1089, 1538, 2958, 3007, 3583, 3652, 6831, 8757, 10032, 10647, 12400, 12437, 7556, 5060, 5864, 7613
4034, 11595, 12264
1143, 1755, 8453, 10557, 12106, 12956, 9445
831, 1215, 4140, 4417, 4982, 5431, 7410, 9375, 9644, 10544, 10571, 11136, 8971, 10883
2262, 2373, 3666, 5440, 6533, 13273, 13300, 13302, 13315
204, 1549, 2148, 2586, 2590, 4369, 7747, 8618, 9164, 9661, 9933, 9963, 8700, 5418, 12060, 9827
1724, 3275, 8212
467, 5244, 7059, 7144, 8682, 8782, 9246, 11356, 12372
3502, 13200, 13215, 13240
1264, 8157, 8191, 8547, 9510
2714
6252
92, 1492, 2086, 2986, 3579, 5665, 8327, 8556, 8573, 10312, 10366, 12574
87, 2530, 3035, 4915, 8499
588, 589, 3623, 7969, 13344
4485, 6352, 8220
1138, 1362, 2138, 2379, 8914, 11806
615, 816, 902, 955, 1104, 5069, 5867, 6209, 7728, 7918, 11485, 12197, 4172, 6666, 1333, 4521
1922, 2919, 3391, 6820, 7030, 7506, 8110, 10771, 12377, 12914, 13033
1084, 1189, 4525, 5357, 7158, 7497, 8595, 8936, 12153
5813, 6510, 8177, 8758, 9666, 11636
1779, 4435, 5081, 5805, 6903, 9926, 11094, 11694, 11711, 12487, 13191, 9646, 822, 10495
1726, 3777, 6780, 9371, 10699, 11244, 11245, 13179, 13180, 13238, 13241, 13210, 6617, 9264, 13216
1122, 5961, 12129
5430, 7279
3582, 5530, 10464, 11205, 11665, 12147
3190, 4047, 8159, 11472, 12988
1259, 5366, 8169
69, 86, 120, 507, 1408, 1476, 1697, 1730, 3225, 3291, 7697, 8675, 4360, 3524, 6010, 1372
502, 503, 504, 505
664, 1310, 10103, 12330
421, 525, 4715, 5832, 7468, 7665, 9189, 10913
5114, 5115, 5117, 5118, 5119, 5959
8414, 8825, 10502, 10608, 11179, 13225, 6792
514, 519, 4652, 7641, 8275, 8946, 12568, 8945
173, 896, 2129, 3505, 5786, 5884, 6045, 7215, 7895, 8217, 11428, 12139, 1475, 9523, 11117, 7880
2916, 3609, 5781, 8193, 9172, 9706, 10939, 11027, 11243, 2490, 12485, 7655, 243
2626, 7599, 10651
1400, 1652, 1996, 3565, 5551, 7132, 9341, 11820, 11953, 4263, 2768, 4957, 499
815, 2858, 8352
2607, 11765
4310, 4488, 5712, 5773, 7996, 8660, 10187, 11216
2153, 2929, 5915, 6716, 9912
729, 900, 1933, 2240, 7254, 7347, 7664, 8921, 10418, 11392, 11800, 12671, 8375
7094, 7099, 11403, 11404
286, 1175, 2627, 4113, 5080, 5175, 6831, 7613, 7944, 8024, 10032, 12400, 7644, 7556, 5261, 5864
1582, 3125, 5757, 5758, 7120
1215, 4140, 4417, 4982, 7410, 8971, 9375, 9644, 10544, 10571, 11136, 12018, 831, 10883
1225, 3934, 3954, 4066, 4971, 6320, 6758, 8368, 9517, 11722, 11841, 12270, 11296, 11392, 2434, 12809
103, 2503, 8125, 9302, 9875
343, 8048, 8364
146, 576, 2421, 3690, 3735, 4413, 8079, 8349, 11877, 12190, 12469, 11718, 8356
725, 2621, 4245, 7463, 8057, 8714, 9390, 9968, 10588, 11020
729, 900, 1672, 1933, 2240, 7254, 7347, 7664, 8297, 8921, 12191, 12671, 11800, 2434, 9313, 13103
5180, 7224, 8770, 9521, 10024
4308, 6158, 6159, 10056, 10057
47, 96, 613, 1155, 1731, 8228, 8963, 9853, 10034, 10441, 10877, 13019, 9053, 3246, 10519, 9326
1320, 3107, 6031, 12059, 12081, 12291
591, 2131, 2151, 2152, 10828, 12610, 12906
1865, 5488, 5489, 9711, 12706
3260, 5449, 5687, 6878, 8270, 8468, 9501, 10673, 11365, 11951, 11963, 12741, 4250, 5686, 8469, 12636
1069, 4602, 6025, 8012
1057, 1953, 2277, 2844, 4604, 5582, 7980, 8286, 11632, 12243, 12328, 12949, 6979, 12284, 3594, 8956
5700, 8320, 12990
888, 1427, 6998, 7708, 12843
1495, 6227, 12023
1890, 7467
653, 1726, 5157, 6617, 8053, 8269, 9256, 9264, 10699, 11244, 13210, 11245
1030, 2624, 4202, 5327, 6941, 10769, 11259, 8306
4612, 8749
506, 559, 676, 1283, 2246, 5092, 5552, 10275
1373, 10381
56, 1225, 2434, 4066, 4971, 8402, 11296, 11299, 11722, 12191, 13101, 13103, 10418, 13140, 539, 9323
2412, 3302, 8980, 10252, 11578
387, 8450, 11351
1025, 1811, 2273, 9321, 9322, 9865, 12212
1660, 4504, 6392, 12026
135, 7534
1508, 2680, 10045
615, 816, 955, 1333, 1987, 3509, 5069, 6209, 7728, 10318, 11485, 11532, 4172, 5811, 3758, 3012
5040, 5041, 6373, 11661
117, 167, 2110, 2800, 4567, 4624, 5233, 7355, 8560, 9599, 10166, 12743, 5999, 2640, 7485, 7453
4992, 5717, 5823, 7790
1039, 1501, 1955, 3906, 5405, 6369, 8225, 9045, 11341, 11347, 12829, 12971, 8417
1358, 10960
2540, 4761, 4762, 6688, 9419
898, 969, 1355, 3246, 5633, 6700, 7722, 8494, 9418, 10441, 11778, 12997, 1731, 8484, 613, 2589
819, 834, 4420, 5256, 6984, 7145, 7147, 10843, 12470
17, 608, 4759, 5835, 8222, 12742, 1902
749, 6625, 8171, 9301, 9872, 10356, 11790, 12360
2264, 3813, 7177, 7234, 8424, 9031, 9577, 11336, 1900, 10599, 1281
5514, 8162, 9733
2419, 2864, 3409, 3991, 3992, 3993, 4581, 4582, 5842, 10137, 10139, 12921, 1445, 2089, 7291, 4027
670, 1364, 1729, 2359, 3053, 3129, 4505, 4554, 5177, 8178, 10419, 13031, 1869, 7376, 2392, 582
489, 5172, 6353, 11572
4445, 12603
2354, 3547, 8446, 94, 9058
2383, 5575, 5932, 7761, 7884, 8223, 9728, 10859, 12632, 12792, 12944, 1329, 9658, 4942, 8329
1057, 1953, 2277, 2844, 4604, 4648, 5582, 6448, 7980, 8286, 11445, 12949, 12243, 11632, 8956, 12284
197, 4322, 7983
2816, 5469, 7320, 8132, 8944, 10144
1685, 1822, 2735, 4127, 4771, 5605, 8799, 9343, 12104, 8673, 9299, 389, 8549
4223, 6003, 6555, 6557, 6558, 7517, 8392, 9476, 11010
3938, 4779, 6306, 7574, 8572, 10558, 12534, 7066, 8158, 10846
1683, 2306, 4219, 4312, 5351, 7598, 8820, 9515, 12277, 11241, 12357, 1659, 6062
688, 1470, 6537, 9111, 11643
7022, 7439, 9634, 9635, 11436, 13132
478, 2502, 2531, 3850, 3975, 11686, 12576, 12654
690, 729, 6445, 7694, 8375, 9093, 9134, 10418, 11800, 12134, 13101, 13103, 2240, 11392, 12191, 8402
1285, 6632, 10180, 11948
989, 3225, 3264, 4360, 4591, 6010, 6300, 6633, 7437, 7438, 7607, 7615, 10971, 8244, 8675
2079, 4284, 5011, 5907, 6453, 7043, 7487, 8225, 8417, 3716, 1763, 3269, 1501
4072, 11148, 12770
6266, 8451, 10228, 11896
258, 3006, 3999, 4311, 4682, 5492, 5694, 6874, 7529, 7871, 11927, 11928, 7583, 7203
1654, 8027, 8611
232, 1503, 5378, 7033, 8472, 10241, 13016, 2662, 10407
3519, 4382, 4786, 5579, 6002, 6597, 7457, 8629, 9313, 9372, 9807, 11092, 12671, 12846, 5948, 10512
647, 1299, 1700, 2469, 6437, 10738, 11099, 12303, 12593, 12638, 12675, 12869, 11486, 12667, 4178, 6126
627, 2101, 6004, 8615
2324, 2325, 4084, 4826, 6761, 7121, 9106
878, 1509, 2186, 3066, 3781, 5054, 5600, 5743, 6162, 7310, 9222, 9624, 4147, 1268, 5800, 2005
1815, 2006, 3443, 4143, 4144, 6433, 13177, 13254, 3775, 1814, 2594
1669, 2775, 7063, 7326, 7634, 12449
8655, 11586
2548, 7048, 7877, 8975, 9445, 12956
1667, 4064, 5237, 7084, 10264, 10323, 11551
2861, 3123, 7430, 9939
2200, 3319, 5228, 5257, 5289, 5706, 6648, 6744, 8966, 9939, 11107, 12755, 7526, 636, 8369, 9470
3132, 12517
1433, 1777, 3425, 4069, 5516, 5670, 6112, 6657, 8596, 9317, 11208, 11754, 10799, 4611, 475
94, 2354, 3547, 8446, 9057, 9058
129, 4548, 6614, 8709, 8710, 9626, 11913, 11958, 12428
6792, 8414, 8825, 10608, 10818, 11179, 13225, 9323
1814, 2311, 3058, 4316, 5912, 6036, 13067, 13194, 13214, 1815
9085
780, 2828, 7660, 8797, 9836
5240, 10209
5267, 5601, 8032, 8033, 10668, 11959
1066, 7239
1023, 4016, 4945, 6506, 6766, 7081, 10390, 10882, 10897, 11710, 12001, 12009, 13064
580, 9107, 10331
6810, 8189, 8210, 10585, 623
594, 761, 1133, 1721, 5106, 6181, 7602, 7789, 8199, 8973, 9211, 12827, 6429, 11203, 10028, 4464
885, 2623, 3350, 3427, 3463, 3996, 6173, 8358, 8434, 10436, 11574, 11716, 12824, 215, 10421, 6980
2953, 10739
4088, 4200, 6424, 10231, 10309, 10313, 10548, 12364, 12463, 12657, 12804, 12830, 8106, 7010, 6730
5402, 7585, 8047
1113, 1305, 5523, 6702
659, 4360, 4591, 5978, 7008, 7438, 7697, 10754, 11756, 3225, 5711, 1408, 69
7455, 8070, 8694
9, 895, 1456, 2134, 2429, 6493, 6764, 12999, 13183, 13212, 13239
828, 1027, 1313, 1761, 2018, 3601, 5190, 5247, 6399, 7910, 12368, 12386, 12894, 13270
281, 1937, 5713, 5997
470, 3753, 8088
229, 5120, 7632, 10339, 11544, 1237
1213, 3650, 4280, 5984
3574, 4605, 8701, 9231, 10293, 10496, 11749
81, 2178, 2350, 4568, 11809, 11006
5222, 5314
372, 811, 911, 2027, 3555, 4185, 5294, 6778, 8779, 9820, 10352
1330, 2476, 2890, 3814, 6845, 7508, 8437, 12728, 157
4094, 6346, 7606, 9023, 9975, 10126, 12725, 12910, 2202, 1600, 8491, 11642
1458, 5016, 12072
14, 478, 2502, 2531, 3084, 3850, 4797, 5196, 5473, 10957, 11686, 12654, 7552, 6607, 3975, 4443
2200, 3319, 5228, 5289, 5706, 6648, 6744, 8689, 8966, 9470, 11107, 12755, 7129, 8369, 636, 6660
1637, 3745, 9226, 12097
1950, 11974, 12541
2280, 2481, 7207
524, 4960, 9684, 12876, 13119
4850, 8343, 9849, 10890, 11439
117, 1123, 2238, 2640, 3013, 4474, 4720, 5999, 7080, 7355, 7453, 8798, 7727, 8316, 3603, 4624
2165, 6267, 6900, 8503, 9215, 12800
917, 8681, 9288, 10826
808, 1401, 1735, 6387, 9974, 11683
483, 1126, 1418, 1584, 1611, 2196, 2876, 3242, 3396, 6634, 9508, 12358, 4798, 5646, 5983, 8812
169, 4797, 6607, 8625, 9816, 10957, 11735, 12198, 12641, 12654, 12917, 478
3461, 9290
599, 600, 4106, 6222, 8005
1030, 2624, 4202, 5327, 6941, 7672, 8306, 8519, 10769, 10920, 11259
3201, 3202, 13153, 13182, 13186, 13205, 13211, 13250, 13251, 13252, 13253, 4886, 13243, 13218
146, 2421, 3690, 3735, 8079, 8349, 8356, 9171, 9724, 11877, 576
3877, 6542, 8038, 8915
1403, 1998, 2177, 2566, 2625, 7786, 9046, 9345
1322, 2088, 2291, 8408, 12306
5546, 8566, 8954
3362, 7039, 8995
1810, 3214, 5292, 6088, 6626, 7252, 8409, 9806, 9945
2084, 6955, 7315, 7317, 8807, 8881, 9835, 11260, 11277, 11936, 13034, 11652, 463, 8187, 3104
14, 478, 1579, 3084, 3850, 4443, 4797, 5196, 5473, 7552, 10957, 12654, 11686, 5253, 7199, 4683
233, 2170, 3202, 3775, 4763, 4764, 4886, 13153, 13205, 13211, 13218, 13249, 13243, 3201, 2594, 13182
385, 594, 742, 2051, 2075, 3089, 4464, 5143, 7259, 8312, 11203, 11792, 9811, 8401, 10230, 10941
2243, 11589, 12979
497, 2658, 2793, 5263, 6622, 8291, 10157, 10552, 12161, 12537, 2522, 3808
3346, 4509, 10337, 12239, 12240, 12298
235, 939, 1659, 4219, 4312, 5351, 6869, 8421, 9121, 9454, 10525, 10619, 5710, 9515, 3883, 8820
47, 96, 613, 1155, 1731, 8228, 8963, 9853, 10034, 10441, 10547, 12997, 8494, 485, 898, 10519
3773, 6120, 6801, 11476, 11962
1573, 4332, 5129, 7573, 8806
3729, 6354, 8148, 11427, 11779, 13196
2240, 3057, 6119, 6484, 7060, 7386, 7841, 8044, 10589, 12137, 12439, 12671, 729, 900, 7347, 1933
209, 2248, 2249, 4019, 4021, 4022, 4024, 11976, 12048, 12049, 12050, 12052, 6061, 12045, 335, 2352
893, 8488, 9062
4078, 4985, 7609, 8844, 11731, 13056
1661, 1833, 2128, 2385, 4146, 5973, 8333, 10202, 12189
1685, 4127, 4771, 5605, 9343, 12104, 1822, 2735
1779, 5081, 5805, 9926, 10495, 11094, 11694, 11711, 12487, 12653, 6903
4552, 9935
160, 542, 683, 1604, 1849, 2108, 2561, 2699, 5671, 6684, 11429, 12224, 12948, 11497, 9346, 10604
732, 1552, 7594, 7952, 10529, 11112, 12292, 5990, 8325, 6582
3405, 4482, 9068
1131, 2976, 3897, 13086
285, 9105, 9332
5365, 8974, 10044, 10758, 11196
1342, 2414, 2518, 2519, 2520, 2521, 4213, 4630, 6907, 6911, 9840, 10600, 6909, 6912, 2652, 1519
3829, 7247
709, 3633, 3637, 3638, 4237, 13028, 13029, 13198, 13244, 13245, 952, 954
3889, 9102
6721
2502, 2531, 3850, 3975, 11686, 12576, 478, 12654
3, 1964, 3000, 3270, 3575, 3861, 4476, 6447, 8811, 9200, 11163, 11729, 6797, 982, 13082
172, 672, 1615, 4747, 5857, 6419, 6531, 7364, 7866, 7961, 9149, 10042, 10133, 10031, 2951, 9493
2822, 3419, 7710, 9072
1339, 5847
229, 1237, 1238, 5120, 7632, 10339, 11544
89, 176, 568, 2895, 3085, 4266, 4520, 6703, 6712, 6846, 8427, 13102, 3380, 6953
721, 3856, 11250
412, 527, 1595, 12152
2852, 5019, 10926, 11553
389, 1822, 2735, 8549, 8673, 8799, 9299, 9343, 12104, 4771, 756, 1685, 5605
45, 1772, 2588, 3576, 4458, 5276, 6777, 7941, 8761, 9309, 12091, 12544, 2102
9532, 9793, 10497, 11542
659, 3360, 7008, 10754
677, 679, 680, 4299, 4300, 4302, 4303, 5591, 7103, 7124, 7125, 4301, 4298, 4296, 678
3101, 4153, 7044, 12148
2242, 5709, 11344
1064, 6887
3519, 4382, 4786, 5579, 5948, 6002, 6597, 7457, 8629, 9313, 9372, 11092, 9367, 2925, 10121, 9807
173, 2557, 7880, 8217, 11117, 12139, 12497, 7895, 6045
3609, 7655, 8193, 9172, 9706, 10939, 11027, 11243, 243
1835, 1928, 3733, 6485, 7959, 12814, 13165, 7155, 7418, 7445
1848, 8455, 8456
641, 1413, 1830, 4141, 4142, 5933, 5950, 6963, 10429, 10721, 10772, 12985, 5279, 5281, 10430, 7986
41, 1538, 2627, 3007, 4113, 4378, 4470, 4891, 8071, 8757, 10032, 12400, 7644, 5261
605, 1502, 1577, 2357, 3120, 6363, 6723, 8354, 12762, 6722, 6021, 2614
2427, 4109, 6347, 7369, 7466, 8637, 9679, 11038, 9308
8814
8478, 8479, 9259, 9610, 9611, 10190, 10402
690, 7694, 8375, 9093, 9134, 12134, 13103, 6655, 56, 10418, 11722
1143, 1755, 8453, 9445, 10557, 12106, 12956, 8975, 2548, 7877, 7048
2443, 2452, 2453, 9873
1665, 6668, 8755, 8756, 9011, 9573, 9718, 10132, 10793
244, 1497, 2126, 3639, 5731, 5742, 7750, 7785, 8292, 9751, 11317, 12000, 3244, 2045, 10246, 9851
902, 3012, 3512, 5069, 5427, 5811, 6244, 6333, 6939, 6949, 7507, 11485, 1333, 955, 6535, 4521
843, 2305, 5900, 7262, 7318, 7411, 9150, 9708, 10409, 11561
242, 738, 1379, 2711, 2962, 4126, 6456, 6805, 9210, 9882, 11517, 12976
56, 729, 2434, 6445, 8375, 8402, 10418, 11299, 11722, 11800, 13101, 13103, 12191, 12809, 4971, 4066
673, 1276, 3632
1067, 1778, 3569, 4746, 5881, 10108, 11758, 18, 2812
2393, 3604, 9362
3663, 3848, 4117, 9137, 12115
2176, 3034, 3669, 8311, 8597, 8940, 11307
5921, 6937, 7569, 9651, 12874
814, 2466, 5451, 8737
93, 582, 630, 1364, 1729, 1765, 1869, 2392, 2539, 8178, 8335, 10419, 1809, 11849, 2359, 3130
433, 8457, 10634
1375, 4006, 6505, 10944, 11934
808, 1401, 1735, 6387, 6656, 8252, 9399, 9974, 10595, 11683, 11744, 12367
615, 816, 902, 1104, 1333, 3012, 3509, 3512, 5867, 6209, 8454, 11485, 6333, 4172, 5811, 6244
4488, 5712, 5773, 7996, 8660, 10187, 4310
7093, 8516, 10451
3173, 7050, 8540
2838, 4920, 5039, 7222, 7387, 8968
979, 2522, 4459, 7693, 8439, 9738, 11328, 12161, 8291
3648, 4927, 5518, 5846, 6072, 6073, 6075, 7688, 10598, 11482
3560, 3592, 3607, 5183, 5255, 6699, 8842, 10097, 10225, 11034, 11396, 10129, 783, 9691, 5931
4310, 4488, 5455, 5712, 5773, 7996, 8660, 10187, 11216, 11593
4129, 7923, 11987
6645, 8585, 11274
3159, 3226, 8734, 10249, 10250, 11366, 12374
986, 8649, 8650
2806, 11312, 11609
1262, 2278, 3122, 4699, 7591
3844, 9868, 9869, 11081, 11109
10007, 12523, 12807
3820, 7162, 9946
157, 2476, 2890, 6845, 7508, 8437, 12728, 3814, 1330
93, 582, 630, 1364, 1729, 1765, 1869, 2392, 2539, 8178, 10419, 11322, 1809, 827, 7964, 5177
394, 786, 1388, 7493, 8135, 9538, 10466, 12223
374, 440, 486, 961, 1558, 1776, 5227, 8683, 11668
38, 110, 1171, 1176, 3952, 9025, 9380, 9687, 12786
878, 1268, 1509, 2005, 2186, 3066, 5054, 5600, 5743, 6162, 6682, 7310, 4053, 3781, 4147, 9222
3441, 6564, 8794, 11657
921, 2795, 5404, 6809, 8663, 10375, 10605, 12384, 12397, 12488, 12746, 12893, 2891, 12362, 10870, 7205
564, 1190, 2226, 2818, 3377, 7354, 10463
838, 1059, 1224, 10029, 11425, 11426
2472, 5409, 7139, 7404, 11051
1772, 4068, 7941, 8761, 9309, 10354
1190, 2226, 2818, 7354, 10463, 3377, 564
622, 2107, 3082, 8551
1058, 1578, 2611, 11379
5584, 6187, 7570, 8218, 8764
2722, 3901, 7309, 8856, 9858, 10423, 4896, 604
447, 655, 1609, 3196, 3875, 6284, 6630, 6880, 9144, 10449, 10481, 12491, 11173, 4354, 11490
5203, 7172, 10966, 11789
1085, 1546, 4493, 4710, 5782, 6480, 8575, 8816, 9335, 10959
615, 816, 955, 1333, 1987, 3509, 5069, 6209, 7728, 10318, 11485, 12540, 4172, 6829, 4617
189, 2406, 2902, 4868, 6180, 6746, 8813, 9788, 10714, 11922, 13343
6770, 8716, 8717, 9269, 9270, 9271, 9272, 9518
857, 1014, 12569
3317, 7499, 10596
2202, 4094, 6346, 7606, 8491, 9023, 9975, 10126, 12061, 12725, 12910, 1194, 12431, 2041, 2975
169, 6607, 8625, 9816, 11735, 12641, 12917, 4797
6472, 12678, 12833
17, 608, 1902, 5835, 8222, 12742, 4759
171, 1021, 1757, 2118, 4734, 4776, 4910, 7726, 9948, 12008, 12242, 13136, 9810, 10717, 11864, 3211
1633, 4230, 7116, 11218, 11612, 12911
2808, 5368
829, 2404, 5322, 9802, 10411
851, 2805, 13228
2003, 3759, 6661
344, 4921, 6588
542, 2699, 3653, 3884, 6944, 9346, 9395, 10322, 10983, 12224, 12508, 12837, 683, 2108, 5671, 9110
4200, 6424, 6532, 6730, 7010, 10231, 10309, 10313, 11552, 12364, 12463, 12657, 12830, 10548
3681, 11819
3859, 12520
216, 1179, 1321, 1518, 1630, 2073, 3526, 5326, 5863, 7134, 7831, 9103, 12168, 13006, 2802, 10999
880, 2245, 2595, 8205, 9008, 9997, 12024
4162, 6382, 6768
4663, 10702, 12424
1772, 2588, 4068, 7941, 8761, 9309, 10354, 3576
528, 1303, 1395, 1590, 1871, 3366, 4251, 4690, 5205, 6985, 7079, 11198, 10555, 8854, 1874, 9340
3999, 4311, 4682, 5492, 5694, 6874, 7529, 7583, 7871, 11927, 11928, 8780, 3006, 7553, 7201
1164, 8617
584, 773, 9087, 494
7126, 7294, 7421, 7422, 7424, 8380, 8651, 11596, 7295, 8989
1030, 2624, 4202, 5327, 6941, 7672, 10769, 11259, 8306, 10920
1247, 1548, 2140, 2915, 5029, 9796, 10188, 12440, 1246
907, 6133, 8093, 9386, 9870, 9888, 12272, 1834, 2326, 7336
3031, 5097, 5219, 8517, 9287, 10096
232, 2662, 3073, 4319, 7033, 7403, 8472, 10407, 10480, 4895
2968, 11441, 11530
9525, 10073, 10201, 10285, 10901, 13026
1055, 2042, 2321, 5652, 6501, 8075, 8699, 10538, 11188, 11575, 11772, 5403, 6782
3437, 3750, 4651, 8754, 8792, 9240, 10686
4344, 7736, 9771
644, 645, 2728, 2729, 3646, 6853, 10655, 10656, 10992, 10993, 12096, 12582, 4675, 8280
2274, 6637, 7397, 7998, 8594, 9630, 9717, 10038, 11983, 12796, 10467
615, 816, 902, 955, 5069, 5867, 7728, 7918, 10318, 11485, 11527, 11564, 1987, 6333, 3758, 5427
371, 1056, 1429, 7024, 7173, 11897, 6332
2866, 6503, 13069
6745, 9653, 10123, 10953, 11102
877, 1156, 4522, 5116, 6201, 9619, 10127, 11822, 12628
1617, 8412, 9365, 9410, 9411, 12903
447, 655, 1609, 3196, 3875, 6284, 6630, 6880, 9144, 10449, 12491
578, 2950, 8672, 10982
2286, 2322, 2927, 3477, 3480, 5303, 5784, 6568, 10554, 11781, 12335, 13287, 4184, 4556, 7669, 5875
615, 816, 902, 955, 5069, 5427, 5867, 6244, 7728, 7918, 10318, 11485, 1987, 6949, 3758, 3509
8010, 8239
5688, 8702, 12872, 13221
2819, 4176, 7253, 7271, 7758, 10099, 10517, 11742
8230, 11114
460, 965, 1664, 2260, 2312, 2423, 2650, 2651, 2842, 3151, 6318, 10091, 8662, 8565, 8857, 2825
4010, 6624, 7622, 12063, 12064, 12764, 4996
1341, 2630, 7375, 7425, 7472, 7968, 8609, 9736, 10330
1292, 3249, 3250, 4250, 5686, 6251, 7198, 8469, 8692, 8693, 10906, 12636, 11963, 7873
6470, 7794, 9132, 10399, 11548, 11672, 12276, 12315
92, 1492, 2086, 2986, 3579, 8327, 8556, 8573, 10312, 12574, 5665
130, 2659, 2660, 2666, 4619, 8941
4291, 10122, 12231, 12232, 12233, 10268
940, 3662, 11074, 11438, 12926
2420, 4594, 5123, 5708, 5856, 11280, 12698, 12899, 13217, 5045, 9056
772, 907, 1834, 2104, 2546, 4613, 5908, 6133, 7336, 8074, 10432, 12285, 2326
1081, 1336, 2450, 3475, 10579, 11169, 13139
610, 4196, 8202, 8203, 10565, 10566
389, 1822, 2735, 8673, 8799, 9299, 9343, 8549, 12104
692, 4517, 6974, 9825, 11118, 11419
7276, 7824, 12889
655, 10481, 11173, 11490, 12491, 10449
623, 6810, 8189, 8210, 10585
4672, 4673, 5593, 5883, 8680
3895, 4291, 10122, 10268, 12231, 12232, 12233
268, 1662, 9199, 12510
641, 1691, 1830, 2319, 4141, 5280, 5282, 5484, 5485, 7988, 9924, 10430, 10772, 4142, 9499, 5281
5416, 7243, 11247
1024, 5224
157, 1330, 2476, 2890, 3814, 6845, 7508, 12728, 8437
2114, 2708, 5506, 7545, 8322, 9520, 12545, 12868
696
116, 5137, 12376
736, 983, 4212, 6476, 6741, 6976, 8527, 8528, 8558, 9438, 9980, 10887, 456
1683, 2306, 4219, 6062, 7598, 9515, 11241, 12277, 12357, 5351
1109, 1727, 2323, 2402, 3478, 4498, 5015, 7388, 8623, 8958, 9571, 10528
56, 2434, 4066, 4971, 6445, 8402, 11299, 11722, 11800, 12191, 13101, 13103, 6320, 1225
1273, 3200, 3293, 7211
1292, 3249, 3250, 4250, 5686, 6251, 7873, 8468, 8469, 10906, 11963, 12636, 7198, 8692, 9501, 8693
3179, 5309, 6749, 7015, 10485, 10486, 10487
5826, 6362, 7393, 8272, 7640, 8273, 7238
2574, 2859, 5194, 6421, 7018, 11687, 11848, 12122, 12655
266, 5384, 6337, 6403, 8605, 8801, 11649, 11673, 12346
3009, 5419, 6154
107, 3891, 5457, 5466, 7209, 7568, 7801, 7804, 9702, 11047, 11269, 12299, 12782, 5483, 12735, 308
820, 3449, 3550, 4665, 9767, 10880, 12127
1225, 3934, 3954, 4066, 4971, 6320, 6758, 7042, 8368, 9517, 11545, 11841, 11296
5226, 11888, 12705
1829, 3748, 4969, 6613, 7629, 9283
1606, 6549, 9433
985, 1094, 2257, 3570, 3715, 7537
2269, 2642, 4283, 5287, 5988, 6398, 7647, 8444, 8904, 9178, 10777, 11325
242, 738, 1379, 2711, 2962, 4126, 6456, 6805, 7412, 9210, 11581, 12976
1803, 9136, 10935
126, 3178, 7633, 10563, 10564, 12429
4772, 12618
278, 1125, 11002, 12689
7087, 8181, 4937
10106, 10568, 11224
653, 3777, 5157, 6617, 6780, 8053, 8269, 10699, 13179, 13180, 13216, 13238, 6570, 13210, 11244, 13242
478, 3850, 4797, 5196, 5473, 6607, 10957, 12654, 2502, 12917
41, 1538, 2627, 3007, 4113, 4378, 4470, 4891, 5060, 5261, 8757, 10032, 6831, 7957, 286, 3652
2811
56, 729, 2240, 6445, 8375, 8402, 10418, 11299, 11392, 11800, 12809, 13101, 12671, 7664, 7254, 9134
232, 1503, 5378, 7033, 7197, 8472, 9863, 10241, 13016, 8728, 3872, 3835, 355
1109, 1727, 2323, 2402, 7388, 8623, 10528, 5015, 3478
1342, 1519, 2414, 2518, 2519, 2520, 2521, 4213, 6911, 6912, 9840, 11624, 6909, 6910, 4630, 4854
2145, 4490, 5913, 6934, 8464, 9083, 9233, 11261, 11321
371, 1056, 1393, 1429, 6332, 7024, 7173, 11897, 12633, 4861
1007, 1522, 11385
457, 3017, 3072, 4753, 5659, 6757, 10060, 10061, 10062, 10064, 10065, 11604, 3404, 651, 10063, 1698
9889, 10510, 11049
2217, 3474, 3511, 4244, 5529, 6750, 6771, 7610, 8235, 10070, 10288, 12799, 3854, 9480, 11599, 8139
249, 251, 252, 253, 254, 255, 1441, 2829
179, 4780, 5456, 8136
211, 1129, 5149, 5629, 5991, 6416, 8086, 8353, 9519, 10457, 10458, 13131, 7896, 11381, 10459, 2737
1223, 6057, 6806, 9015, 11883
3402, 7703, 8394, 11005, 11161, 11406, 12114
1670, 2275, 4724, 10663
507, 1372, 1476, 1967, 3225, 3248, 3291, 4195, 5379, 6289, 6883, 8675, 5161, 1408, 86, 1697
956, 1083, 9451
463, 2084, 6955, 7315, 7317, 8187, 8807, 8881, 9835, 11260, 11652, 13034, 6616, 3044, 11936
3813, 7234, 8424, 9031, 9577, 11336, 2264
1502, 1577, 2357, 3120, 6363, 6723, 8783, 12762, 2614, 605, 6722
173, 896, 2557, 5884, 6045, 7215, 7880, 7895, 8217, 11117, 12139, 12497, 2129, 5786, 11428
1556, 3725, 13188
417, 662, 3462, 3563, 3659, 6293, 7818, 8223, 9123, 9658, 11018, 12890, 8390, 9554, 7729
447, 1609, 3196, 3875, 4354, 6630, 6880, 9144, 10449, 655
428, 7077
3008, 4865
371, 1056, 1393, 1429, 7173, 11897, 12633, 6332, 7024
1095, 2045, 3244, 3687, 4274, 5812, 7560, 7687, 9560, 9751, 9851, 11559, 10246, 10991, 12077, 5243
3353, 9681, 12585, 13184, 13248, 1725
681, 3982, 4404, 4848, 5398, 5963, 6511, 6848, 7282, 10680, 10915, 12840, 8695, 10417, 9587, 10151
2013, 5429, 6875, 9034, 10763, 10856, 12515
2425, 6389, 6571, 8133, 10765, 10766, 10767
507, 1372, 1476, 1967, 3225, 3248, 3291, 4867, 4896, 8151, 8675, 9129, 1730, 69, 6883
444, 3553, 3680, 3703, 3730, 4385, 4614, 6350, 6698, 6948, 7752, 7886, 2146
682, 1060, 1288, 1707, 2952, 3336, 3983, 4578, 5747, 10156, 11824, 12401, 6134, 10562, 2657, 12936
389, 1685, 1822, 2735, 4127, 4771, 5605, 8549, 8673, 8799, 9343, 12104, 5685
240, 641, 1830, 4141, 4142, 5279, 5281, 5484, 5486, 5933, 5950, 7986, 12985
3354, 4650, 4835, 5038, 6578, 7270, 8393, 8395, 8396
2420, 2924, 4586, 4594, 5045, 5708, 5856, 7427, 8082, 10940, 11280, 11895, 12775, 12772, 9944, 9056
6796, 11360
170, 408, 562, 1493, 2087, 4744, 5146, 5716, 5894, 6286, 9358, 11396, 5931, 3592, 3560, 5150
3075, 6620, 7518, 8118, 8119, 8120
782, 1098, 1862, 5724, 7405, 9842, 11116, 12208, 12311, 12681, 12983, 13173, 6824
5695, 10442, 11531
2925, 4125, 5754, 5948, 6002, 7457, 7637, 7842, 8588, 9313, 9367, 10512, 11507, 5579
1752, 8654, 11055, 11212, 11647, 12111
508, 879, 3118, 3953, 6368, 7323, 8564, 9010, 9900, 11057, 11082, 11860, 13291, 13256, 11154
159, 1260, 1308, 2676, 3156, 3767, 4065, 5746, 7275, 7442, 7495, 10794, 42, 9876, 8310, 8592
707, 5479, 5564, 5569, 6544, 6683, 6969, 9819, 12757, 6812
205, 4827, 4996, 7446, 7447, 8925, 11514, 12156, 1717, 12063
191, 1946, 8000, 8268, 10298, 12500
1835, 1928, 6485, 7155, 7418, 7445, 8765, 12814, 13165, 3733
3023, 3885, 4495, 7695, 7927, 9477, 10035, 10903, 11141
5329, 10379, 10504
738, 1379, 2711, 2962, 4126, 6456, 6805, 7412, 9210, 11517, 11581, 12976, 9882, 242
4391, 4428, 6739, 8495, 8628, 8917, 9805, 8952, 4844, 12729
1030, 2624, 4202, 5327, 6941, 7672, 8306, 8519, 10769, 11259, 10920
95, 718, 3199, 3383, 4719, 4838, 7582, 8094, 12238, 13148
576, 8349, 11718, 12190, 12469, 11877
233, 2594, 3442, 3443, 3775, 4763, 4764, 13247, 13249
630, 1199, 1729, 1809, 2392, 2539, 2585, 2948, 3053, 7907, 8178, 10419, 670, 10871, 9633, 7964
904, 1046, 1079, 1429, 3141, 4861, 6332, 9469, 10053, 10654, 10780, 12960, 5672, 371, 13341, 9970
45, 1479, 2102, 5897, 12544, 12639, 13037, 9468, 12091, 4458, 3532
9425, 9617, 11256
2665, 3076, 4516, 7148, 7685, 8906, 10618, 10660
1835, 3733, 6485, 7959, 12814, 1928
9826, 10001, 10434
4673, 5593, 5883, 8680
1281, 2398, 3506, 4501, 5621, 7062, 7076, 7177, 7557, 7903, 7925, 10599, 1900, 7234
5975, 6018, 10455
1106, 3777, 5934, 6570, 6780, 8053, 10699, 13179, 13180, 13210, 13216, 13238, 11862, 11244, 8269, 9256
730, 6636, 8161, 9914, 10169, 11529, 12344, 8065
244, 1497, 2126, 3639, 5731, 5742, 7179, 7750, 8292, 9751, 11317, 12000, 2045, 313, 4929, 9431
729, 900, 1933, 2240, 7254, 7347, 7664, 8921, 10418, 11392, 11800, 12809, 6445, 12191
242, 738, 1379, 2711, 2962, 4126, 6456, 6805, 7412, 9210, 11517, 12976, 11581
1231, 7006, 8653, 11254, 12166, 12767
1954, 10080, 10806
171, 1757, 3109, 3824, 4671, 4776, 6561, 7726, 9948, 10717, 12433, 13136, 12242, 9810, 8435, 12008
653, 1108, 1725, 1726, 4608, 5157, 6054, 6617, 8053, 9264, 11244, 11570, 10699, 8269, 13210, 5135
641, 1830, 4141, 4142, 5279, 5281, 5484, 5933, 5950, 10429, 10772, 12985, 7986, 1413, 240, 7987
146, 576, 2421, 3690, 3735, 4413, 8079, 8349, 9171, 11877, 12469
992, 1183, 1591, 2782, 5577, 7460, 11870
243, 2490, 2916, 3609, 5781, 7655, 8193, 9172, 9706, 10939, 11027, 12485, 11243
353, 958, 2592, 5444, 7108, 9770, 10919, 11812, 13161, 10055
629, 6199, 8134, 9837, 11037, 11246, 12205
11437, 12347
81, 2178, 2350, 4568, 11006, 11809
3810, 11058, 11357
1814, 1815, 2006, 4143, 4144, 5912, 13177, 13194, 13254, 6433, 13067, 2311, 4316
8478, 9259, 9609, 9610, 9611, 10190, 10402, 12246, 8479
979, 2522, 4459, 7693, 8439, 9738, 11328, 12161
3247, 3839, 6886, 7520, 12597, 12844
350, 1449, 7395, 9725, 11338, 12036, 12542
2807, 12661
1479, 3532, 4243, 7064, 9468, 12577, 13037, 5897, 12544, 45
1792, 3535, 3537, 6479, 7509, 7715, 8407, 12107
848, 4256, 5936, 7202, 10515, 12695
4695, 4696, 11785
903, 4752, 7036, 7414, 11291
92, 2086, 5665, 8327, 8556, 8573, 10366, 12574, 2986, 1492, 10312
11029, 12842, 12864
757, 4112, 11192
2834, 5110, 12047, 13151, 6270
478, 3850, 4797, 5196, 5473, 6607, 8625, 10957, 12198, 12654, 12917, 11735, 169, 12641, 2531
10018, 12696
531, 2154, 6442, 9502, 9913, 10051, 10812, 12351
42, 726, 1308, 3767, 4065, 7153, 7275, 8310, 8992, 10794, 11248, 4115, 9876, 7495, 159
832, 2253, 2835, 3941, 6379, 7889, 7914, 10026, 10105, 12532, 8584, 9699
2188
1406, 1517, 2505, 2701, 4676, 5216, 6253, 6423, 8331, 9491, 12151, 4959
11390, 12535
2047, 2898, 3417, 9098, 9099, 9100, 9101, 13117, 4036, 4035, 2046
2143, 2748, 3315, 3316, 3548, 5010, 5519, 6756, 7374, 10019
1986, 6077, 7272, 9276, 9516, 9547, 9844, 10095
4797, 6607, 8625, 9816, 11735, 12198, 12641, 12917
575, 1541, 6206, 6929, 7869, 10198, 10899, 11264, 11783, 12866
788, 2727, 2922, 2923, 11567, 11568, 9953
1795, 2112, 3909, 7813, 8590, 9450
356, 357, 1188, 1412, 2161, 3979, 5693, 6254, 6255, 6256, 6257, 6258, 10258
4310, 5455, 7996, 11216, 11593