5258, 11999, 12821
144, 2636, 2637, 4149, 4995
1169, 7039, 7583, 12515, 13223
472, 3763
2337, 2338, 4099, 4858, 6822, 7189, 9203, 12275
2427, 3321, 9076, 10375, 11689
2163, 10966, 11248
1416, 1530, 2518, 2717, 4707, 5248, 6309, 6479, 8421, 9599, 12259
210, 2262, 2263, 4034, 4035, 4037, 4039, 4040, 5363, 12157, 12159, 12687
9403
46, 96, 612, 682, 1748, 8319, 9058, 9975, 10161, 10554, 10993, 13131
9292, 10864, 11885
286, 4129, 4409, 4501, 5209, 7690, 8156, 10159, 10759, 11701, 11914, 12618
318, 2730, 2897, 6728, 6729
1135, 2189, 3290, 5823
1218, 2261, 2262, 2263, 4034, 4035, 4038, 4039, 5363, 12085, 12157, 12161
1676, 1844, 4159, 4160, 5991, 7025, 7461, 8069, 10543, 10833, 10885, 13097
3044, 5134, 5251, 8605, 9394, 10223
3086, 8099, 10791
3952, 4807, 6360, 7652, 8660, 10672, 12649
4939, 8628, 9967
1145, 3780, 4758, 5551, 7091, 8058, 8595, 12335, 13172
160, 1273, 1321, 2694, 3173, 3776, 4080, 5792, 7350, 7519, 7574, 10907
626, 2114, 6049, 8702
5254, 5345
2294, 3847, 3939, 6301, 6377, 7122, 11668, 12565, 12976
2737, 2738
1721, 2103
858, 4222, 4611, 5779, 6025, 7421, 8406, 8803, 10265, 10834, 10917, 12639
4517, 6407, 8311
2855, 4447, 4464
2530, 4002, 4676, 5908, 6303, 11707, 12679
915, 1231, 5909, 6190, 11798
2485, 5444, 7208, 7480, 11169
343, 8133, 8455
281, 771, 772, 1381, 1934, 3162, 11527, 13178
868, 1267, 1559, 2621, 3193, 4717, 5331, 8100, 11338, 11583, 12184, 12810
5484, 5730, 8362, 8556, 10786, 12062, 12073, 12193
633, 1916, 5220, 6421
854, 2233, 2819, 3602
56, 364, 2862, 3600, 5429, 5497, 6701, 6762, 7234, 7847, 7860, 10135
98, 652, 2695, 2696, 4928, 12443
206, 1733, 4613, 4859, 5030, 7361, 7525, 10909, 11627, 12172, 12265, 12455
3877, 5028, 5226, 5643, 6219, 7330, 7761, 9873
2848, 7186, 8358, 8593, 13154
1217, 2060, 12612
190, 2421, 2916, 4902, 6233, 6806, 7734, 8904, 9907, 10826, 12033, 13457
1357, 3181, 5719, 8270, 12846
2278, 5535, 9367, 11465
2169, 2411, 2615, 3531, 4755, 4775, 5561, 6775, 7048, 7422, 8006, 13188
1136, 3910, 13198
1211, 1342, 1831, 2999, 3179, 3783, 7106, 7420, 7472, 9107, 9664, 12691
7742, 7743, 7744, 11139
1142, 1372, 2153, 2392, 9007, 11917
245, 2502, 2931, 3621, 5826, 7736, 9273, 9818, 11052, 11144, 12602
2835, 8322, 11232
1305, 3266, 3267, 4272, 5729, 6307, 7957, 8556, 8557, 11021, 12073, 12750
836, 1237, 2246, 3720, 4424, 4898, 6593, 10116, 11071, 11633, 12249, 12453
778, 872, 3932, 6884, 10607
2611, 2923, 3456, 3457, 3784, 4161, 4162, 6489, 13289, 13326, 13366
47, 745, 1926, 2292, 3534, 8030
2159, 4522, 5956, 6995, 8552, 9178, 9339, 11378, 11440
2106, 2683, 4280, 6270, 7372, 9859, 10026, 10852, 11651, 12187, 12299, 12476
3230, 3426, 3721, 5425
1483, 5834, 6491, 6639, 9268, 11149, 11152, 11746
387, 5967, 11272, 12398
3660, 4961, 5552, 6119, 6121, 7771, 10711, 11595
1521, 2698, 10172
3022, 5453, 6207
1007, 6221, 7903, 8570, 9595, 11765
1033, 2642, 4223, 5359, 7003, 10881, 11376
787, 10506, 11102, 12749, 13089, 13106
107, 3904, 5493, 5503, 7281, 7646, 7883, 7886, 9814, 11385, 12415, 12851
260, 3018, 3335, 4713, 5526, 5737, 6933, 7607, 7955, 12039
6700, 8673, 11390
1467, 2276, 3512, 3669, 4227, 4344, 4921, 5032, 6811, 7802, 10340, 11528
360, 1045, 2616, 5300, 8893, 9920, 10889, 11062, 11899, 11991, 12842, 13043
181, 3475, 4808, 5492, 8222
171, 4826, 6659, 8712, 9936, 11072, 11847, 12310, 12753, 12767, 13029
286, 1179, 4129, 4409, 4501, 5209, 8029, 8107, 8156, 10159, 10759, 11701
1899, 4952
1154, 10565, 11434, 12095
2038, 4264, 4853, 8086, 8861, 9879, 11027
756, 1462, 2395, 6077, 6474, 7469, 9508, 10597, 10637
217, 1531, 1646, 2816, 3307, 3539, 5042, 5906, 7203, 7915, 11314, 13118
386, 541, 597, 1011, 1731, 2124, 3174, 3805, 3905, 6217, 6776, 10633
3462, 11647
628, 6252, 8220, 9958, 11154, 11364, 12317
3024, 6095, 10255, 10867, 12481
2137, 6796, 9435
19, 1914, 6726, 11879, 12620, 12621, 12950
71, 1295, 1414, 2231, 2402, 2792, 3831, 4330, 5285, 5875, 9099, 11446
155, 2914, 5531, 10476, 10957, 12514
858, 4222, 5779, 6025, 7421, 8406, 9996, 10834, 10917, 12639
630, 1508, 1706, 2298, 2345, 2477, 2490, 2786, 2847, 4423, 7135, 7831
417, 2396, 3671, 4520, 7842, 8314, 9221, 9767, 9839, 12746, 12906, 13055
13, 479, 2514, 2544, 3099, 3861, 4826, 5229, 6659, 11072, 11796, 12767
3653, 5836, 9657, 10540
156, 1128, 2993, 3233, 3703, 7216, 7773, 9022, 9668, 11051
2821, 12774
743, 845, 994, 6060, 7898, 12272, 12497, 12953
842, 1315, 2795, 6446, 10751
94, 2366, 3561, 8534, 9151, 9152
1408, 9667, 9669
2554, 4791, 4792, 6743, 9527
543, 1621, 3056, 3897, 5789, 6839, 7006, 9202, 10442, 12623
209, 572, 1121, 1173, 1542, 1922, 2841, 5763, 11621, 11811, 12015, 12557
360, 545, 1045, 2616, 5300, 8893, 9920, 10889, 11062, 11899, 11991, 12842
2046, 3556, 4678, 10028, 10873, 12319
1031, 2090, 2139, 2626, 2798, 3824, 3895, 4554, 5807, 6384, 6514, 7363
1828, 2019, 2341, 2923, 3457, 4161, 4162, 5878, 6489, 10633, 13289, 13366
4631, 4847, 5570, 9690
813, 1861, 6321, 11864
1208, 3628, 4795, 5897, 5964, 6450, 7989, 8655
3160
3866, 8093, 8331, 9563
3981
779, 4652, 9220, 10368
5271, 9197, 10335
2711, 3144, 6759, 10470, 11480, 13024, 13189
171, 6659, 8712, 9936, 11847, 12753, 13029
2658, 5982, 6073, 6365
1939, 6543, 7225, 7494, 7523, 8854, 13277
238, 419, 3041, 4740, 5180, 13293, 13309, 13402
1827, 1828, 2019, 2923, 4161, 4162, 5955, 6489, 13289, 13366
173, 1545, 1773, 4804, 4945, 5650, 9227, 10073, 12117, 12358, 13247
2906, 4054, 4667, 4993, 7231, 7764, 8463, 8638, 9124, 10213, 10896, 11453
9641, 9912, 10612
189, 9757
2460, 4586, 6589, 7851, 9782
4663, 7166, 11521, 11522
6122, 7991, 8306, 10675, 11717
9533, 9727, 11373
134, 434, 1494, 1666, 3429, 6682, 7754, 7796, 8495, 10983, 13103, 13117
656, 2384, 4978, 5626, 5627, 5628, 6417, 7311, 7718, 8364, 8366, 8559
1033, 2642, 4223, 5359, 7003, 7753, 10881, 11376
587, 588, 3636, 8051, 13458
686, 1505, 4058, 4332, 4333, 5580, 7978, 8640, 11295, 13045
2833, 4197, 7327, 7346, 7840, 10226, 10630, 11854
2185, 3217, 3218, 4793, 4922, 13265, 13317, 13324, 13330, 13355, 13361, 13362
379, 1215, 1642, 3409, 3542, 3991, 4799, 5576, 6924, 9798, 10386, 12903
244, 740, 1389, 2975, 4143, 6511, 6864, 9312, 10004
208, 581, 2066, 2496, 2800, 3565, 3635, 3929, 3971, 6199, 8753, 8873
2836, 7115, 11079
6400, 8191, 9969, 10994, 12840
602, 2274, 2363, 2686, 2687, 5562, 5808, 7917, 8811, 12762, 12818
560, 764, 2473, 3053, 3666, 5529, 5794, 12802, 13270
1504, 1510, 1574, 3185, 3231, 3476, 5100, 5583, 7794, 12430, 12782
10133, 12638, 12922
5611, 8014, 8015, 8195, 9252, 9503, 9520, 9521, 9522, 9523, 9538, 9819
2268, 5246, 5490, 5761, 6341, 6557, 11398, 11820, 12426, 12510
2837, 3434, 7793, 9167
2314, 7133, 7652, 8244, 9097, 10961, 11319, 11736
1437, 3291, 11090
464, 7265, 7785, 8894, 9945, 10041, 10275
1758, 3486, 4046, 4655, 7650, 11331, 11409, 12465, 13219
737, 852, 3285, 3473, 4098, 4702, 5737, 7149, 7275, 10438, 11484, 12411
1767, 4191, 6936
922, 2809, 4738, 5439, 5505, 5859, 6868, 10985, 11380, 12477, 12604, 12862
3551, 3553, 3554, 5758, 5959
379, 1215, 1642, 3409, 3542, 3991, 4799, 5576, 6296, 6924, 9798, 12903
1732, 11538, 11946
1286, 3215, 3311, 3312, 7283
775, 909, 1849, 2339, 2560, 4643, 6185, 7411, 9493, 9992, 11833, 12402
8015, 8195, 9503, 9520, 9521, 9522, 9523, 9819
377, 9909
168, 277, 1919, 5046, 8572, 9596, 11518, 11519, 12107, 12108
2959, 3169, 3750, 4366, 11540, 12084, 12493
5127
46, 96, 612, 1159, 1366, 1748, 6755, 7804, 8581, 9526, 10554, 13109
909, 1088, 6185, 8176, 9493, 9992, 10010, 12389
868, 1267, 1559, 5331, 6626, 7242, 8100, 11583, 11688, 12208, 12810, 13149
1658, 3082, 7362, 8019, 10332, 10913, 12508, 13112
102, 248, 1455, 10040, 12295
293, 1067, 2344, 10279
428, 5500, 7143
12600
10395
5133, 5727, 5855, 7813, 12009
1396, 1449, 1890, 3868, 4275, 4733, 5174, 5692, 5901, 8235, 10334, 11638
1821, 3102, 8330, 9111, 10441, 10466, 11715
1147, 1771, 8541, 9553, 10671, 12214, 13069
1821, 3102, 4849, 8330, 9111, 10441, 10466, 11715
1223, 3662, 4305, 6029
494, 884, 2505, 2744, 5735, 12496
4715, 7443, 9240, 10460, 12082
451, 836, 1237, 2246, 4424, 4898, 5797, 6593, 6950, 10116, 12453
2911, 3844, 5237
136, 7612, 8524
558, 4431, 7717, 10918, 11133, 11635, 12920, 13267
630, 1508, 1706, 2298, 2345, 2477, 2490, 2786, 7135, 7983, 10523, 12854
929, 1581, 3938, 4557, 6470, 8321, 10573
46, 612, 900, 1159, 1748, 3261, 5675, 6755, 7804, 9975, 10554, 10661
5622, 6240, 7648, 8308, 8853
1643, 3168, 3801, 3814, 4855, 6605, 7305, 9001, 9790, 10114, 12835, 13202
134, 434, 1494, 1666, 2244, 3429, 4317, 6682, 7754, 7796, 8495, 13103
3745, 4811, 11941
395, 788, 1398, 7572, 8221, 9647, 10579, 12337
7199, 10517, 10519, 10645, 13091, 13092
1620, 3917, 5644, 5796, 9883, 10567, 11770
5152, 5153, 5155, 5156, 5157, 6000
777, 1654, 2133, 2250, 3124, 4766, 4975, 6250, 6620, 6828, 10200, 12026
1741, 3293, 8300
81, 2194, 2362, 4597, 11920
6805, 9763, 10249, 11068, 11220
446, 1625, 3211, 3888, 4384, 6685, 6940, 9244, 10562
3275, 5390, 5476
96, 486, 682, 4435, 8319, 9058, 9147, 9432, 10161, 10632, 10993, 13050
890, 1438, 7061, 7791, 12957
523, 1191, 5460, 5521, 7667, 8599, 12400, 12422, 12908
177, 1278, 2569, 2588, 4069, 4165, 6058, 7239, 7792, 7971, 11024
2072, 2294, 3847, 3939, 6301, 6377, 7122, 11668, 12565, 12976
1370, 1917, 4112, 8025
479, 2514, 2544, 3861, 3989, 11796, 12692, 12767
4018, 4331, 4665, 6129, 9982, 13052
640, 1708, 1844, 2332, 4159, 5311, 5313, 5518, 5519, 8070, 10045, 10544
1331, 1833, 2459, 6235, 6821, 6836, 9709, 10208, 11876, 12449, 12619
429, 4303, 5146, 12053, 12388
363, 743, 845, 1430, 5592, 7898, 8054, 10199, 12272, 12497, 12674, 12953
454, 1737, 1989, 4392, 4441, 5506, 6583, 7428, 7672, 8918, 9054, 11717
23, 1124, 1755, 2341, 5584, 6792, 7683, 9405, 10383, 11282, 12110, 12505
8015, 8016, 8195, 9252, 9503, 9520, 9521, 9522, 9523, 9538, 9819
1737, 5506, 6122, 7991, 8306, 10675, 11717
851, 4278, 5977, 7273, 10628, 12811
460, 966, 975, 2273, 2438, 2671, 2840, 2857, 3168, 3607, 7144, 11277
1827, 1828, 2019, 2324, 3072, 4342, 5955, 6081, 13179, 13306, 13327
3083, 3516
66, 1124, 1755, 2341, 3107, 3378, 6792, 7739, 9405, 9974, 10383, 12110
64, 249, 432, 2590, 2977, 3295, 4304, 4518, 7375, 7992, 8214, 13130
282, 1949, 5756, 6041
479, 2514, 2544, 3861, 3989, 4826, 5229, 11072, 11796, 12692, 12767
642, 1375, 4453, 6253, 7738, 7849, 12433, 12870
495, 509, 2296, 3347, 5898, 10535, 10705, 12140
2167, 2943, 5957, 6771, 10033
1906, 5611, 8014, 8015, 8016, 9503, 9538, 9819
854, 2233, 2819
3912, 8631, 10096, 12454, 13227
12676, 12827
2748, 8490
4656, 5528, 6093, 11138
275, 1952, 2526, 3112, 4202, 8066, 8540, 9922, 10270, 10338, 12385, 13279
580, 829, 1374, 1781, 1883, 2372, 3067, 3145, 4583, 5211, 10534, 13143
3334, 7578, 10709
3020, 3021, 4899
4054, 4667, 4993, 7764, 8463, 8638, 9124, 10213, 10896
1171, 3483, 9123, 9937, 11164, 12988, 13283
91, 2274, 2363, 2686, 2687, 5562, 7917, 8416, 8811, 8812, 9755, 11570
6349, 8055, 10269, 12242, 12927, 13194
276, 1178, 2355, 3130, 3222, 4548, 4590, 6230, 8929, 8934, 10354, 11189
1334, 2102, 2304, 12423
4025, 6679, 7699, 12172, 12173, 12882
1267, 2621, 3193, 4717, 5331, 8100, 11338, 11583, 12184, 12810
479, 2514, 2544, 3861, 3989, 11796, 12692
3399, 6463
100, 1162, 5409, 11569, 13256
1376, 1970, 2703, 3180, 4217, 7364, 7952, 10075, 10427, 10968, 11297, 13223
1058, 1594, 2629, 11496
66, 1755, 3378, 3978, 4773, 6792, 10090, 10383, 10626, 11219, 11449, 12076
760, 2156, 2415, 3004, 4980, 5673, 7562, 8577, 8915, 10924, 11477, 12036
4581, 10057
985, 4862, 6412, 9830, 11514
5450, 7316, 7317, 11365
3536, 3654, 4587, 4625, 5721, 7445, 7446, 12707
950, 1018, 3149, 3863, 6256, 7233, 8921, 9309, 10163, 11624, 11628
1604, 1605, 3283, 3491, 10221
114, 3014, 4889, 5542, 5555, 10530, 10975, 12041, 12174, 12763
3515, 13312, 13352
1549, 3777, 4352, 6169, 9067, 10346, 11286, 11653, 12019, 12535
1298, 6687, 10306, 12059
2109
10321
1396, 1449, 1890, 4275, 4733, 5174, 5692, 5901, 8235, 9705, 10334, 11638
1808, 3548, 3550, 6535, 7588, 7797, 12216
3557, 4095, 5245, 7485, 7551, 8094, 8167, 10860, 10947, 11372, 11501, 13013
599, 600, 6277, 8088
3084, 5847, 8636, 9233, 9775
1403, 6587, 7057, 7058, 7059, 7060
7190, 7937, 9357, 12219, 13252
69, 188, 2954, 2955, 3314, 3570, 5734, 7855, 7856, 7859, 13264, 13278
446, 655, 1625, 3211, 3888, 6685, 6940, 9244, 10562, 10594, 11604, 12607
227, 2093, 3717, 12153, 13035
3320, 7665
931, 1546, 1837, 9689, 11153, 13153
6738, 10467
1033, 2642, 4223, 5359, 7003, 7753, 8397, 8607, 10881, 11035, 11376
3595, 10577, 11324, 11775, 12255
1451, 2525, 3959, 5912, 7432, 10432
4439
1008, 1195, 1201, 1384, 2806, 4694, 10336, 11186
372, 1056, 1402, 1440, 7244, 12008, 12747
460, 966, 975, 2273, 2438, 2671, 2840, 2857, 3168, 3607, 4962, 5931
323, 6032, 8765, 8879, 9078, 10109, 10110
1790, 1987, 2774, 3103, 3281, 4110, 5119, 6390, 8603, 9978, 11290, 12266
214, 1138, 1221, 1813, 1842, 3375, 3487, 3983, 4410, 5126, 5586, 13080
3795, 7018, 11245
319, 738, 984, 4234, 6532, 7038, 8615, 8616, 8646, 9546, 11002, 11515
227, 2711, 3144, 6759, 10470, 13024, 13189
1169, 1376, 2703, 7039, 7583, 12515, 13223
125, 570, 1380, 1397, 1859, 2430, 3110, 6812, 9853, 10120, 11043, 13271
5343, 8079, 9884
6573, 7154, 8267
3148, 12632
4615, 7528, 8103, 8104
820, 871, 9462, 9904, 11162
1415, 3555, 6105, 6366, 9903
13, 3099, 3367, 4476, 4714, 5284, 7270, 7460, 7629
190, 2421, 2916, 4902, 6233, 6806, 8884, 8904, 9907, 10826, 12033, 13457
138, 2539, 2540, 3116, 3883, 4712, 5861, 7752, 7892, 10817, 12267, 12703
4880, 6493, 6907, 13276
5508
2314, 6360, 7133, 7652, 8244, 9097, 10961, 11319, 11736
3397, 3849, 4012, 5704, 7846, 7970
2356, 2779, 3622, 4478, 7964, 10819, 10820, 10821, 10990
1906, 5611, 8014, 8015, 8016, 9503, 9520, 9521, 9522, 9523, 9538, 9819
1403, 7057, 7058, 7059, 7060
269, 2222, 10574, 12717
227, 2093, 2711, 3717, 8510, 12153, 13035
623, 1224, 3338, 4786, 6513, 9246, 11412, 11505, 12003, 12403, 12731, 12991
245, 2502, 2931, 3621, 5826, 7736, 9273, 9818, 11144, 12602
134, 434, 1494, 1666, 2244, 4317, 6682, 7754, 7796, 10983, 13103, 13117
3385, 6914, 7885, 8815, 11757
877, 8328, 8937, 11713
3205, 4063, 7632, 8245, 10181, 11034, 11587, 13100, 13273
3970, 5455, 5621
11146
206, 1733, 4025, 4613, 5030, 6679, 7699, 12172, 12173, 12265, 12882
883, 2259, 2612, 8293, 9103, 10123, 12132
7753, 8397, 8607, 10881, 11035, 11376
275, 1952, 2526, 3112, 4202, 8066, 8540, 9744, 9922, 10338, 11160, 12385
2562, 7369, 7370, 7497, 7498, 7501, 7502, 8472, 8737, 9080, 9084, 11706
402, 1523, 2076, 4042, 4650, 6829, 8324, 11648, 12507, 12823
1321, 3173, 3776, 4080, 4284, 5792, 7350, 7935, 8641, 9998, 10907, 11366
928, 1989, 2295, 3085, 3404, 3677, 4441, 5317, 6583, 7428, 9054, 12899
2608, 6625
7521, 7522, 11605
1240, 1622, 4769, 5987, 9517, 12133, 12614
1626, 8649, 11938, 12027
5574, 6148, 6151, 6155, 6158, 6159, 6160, 6161, 7694, 8973, 11780, 12863
6195, 10009
1728, 2028, 2214, 2319, 2610, 3212, 4645, 7037, 9146, 9345, 10608, 10725
146, 574, 2436, 3702, 3746, 8163, 8439, 11987, 12301, 12586
775, 2117, 2560, 4643, 5950, 7411, 8158, 8786, 10545, 10653, 12402
66, 1124, 3107, 3978, 5231, 6348, 7683, 8422, 10626, 10660, 12110, 12505
1084, 1193, 4555, 5391, 7228, 7576, 8683, 9029, 12262
578, 9204, 9269, 10450
138, 2539, 2540, 3116, 3498, 4712, 5861, 7752, 7892, 10817, 12267, 12703
227, 2093, 2711, 3717, 7027, 8510, 12153, 13189
1811, 2125, 3922, 7895, 8678, 9558
4208, 7119
1906, 5611, 8014, 8015, 8016, 9503, 9538
2834, 3364, 3870, 8909, 8910, 11264, 11613, 12343
93, 580, 629, 829, 1204, 1374, 1746, 1781, 1822, 2406, 2553, 2961
1313, 3709, 4903, 6203, 7240, 8381, 10337, 12120
479, 3861, 4826, 5229, 6659, 8712, 11072, 12310, 12767, 13029
1518, 2403, 2983, 3706, 5040, 5697, 8309, 8695, 9043, 9845, 10447, 12704
1302, 2327, 4472, 5047, 9082, 11334
830, 1030, 1325, 1777, 2030, 3613, 5223, 5279, 6454, 7997, 12483, 12501
594, 3822, 6223, 7817, 8895, 10042, 11813, 12406
1782, 1783, 10141
2185, 3217, 3218, 4793, 4922, 13265, 13324, 13330, 13355, 13361, 13362, 13363
525, 4992, 9796, 12989, 13230
706, 3660, 5552, 5890, 6118, 6119, 10711, 11595
1197, 1753, 2254, 4599, 6746, 9214, 9828, 11195, 12831, 12983
146, 574, 2436, 3746, 8439, 11830, 11987, 12301, 12586
1954, 4951, 5130, 5131, 5132, 5400, 10505, 11975
29, 1070, 1071, 1475, 2492, 4218, 7814, 8022, 8476, 11708, 12188, 13145
5905, 7624, 8004
928, 1737, 2295, 3085, 3677, 5317, 5454, 5610, 6017, 6583, 8259, 12899
614, 818, 956, 1346, 1999, 3522, 5105, 6262, 7810, 10439, 11597, 11645
1397, 3110, 3406, 4747, 6812, 8519, 9491, 9853, 11043, 11769, 13271
543, 684, 1621, 1863, 2121, 3897, 5714, 5777, 6740, 8135, 11547, 12338
2396, 4520, 7842, 8314, 9839, 12746, 12906, 13055
1953, 4593, 5852, 6091, 9137, 9310, 9676, 10023, 12551, 12568
268, 5418, 6391, 6458, 8693, 8891, 10117, 11761, 11783, 12462
163, 2391, 3470, 4440, 4607, 8057, 8785, 10631, 11542, 13433, 13435, 13461
557, 1354, 2531, 2532, 2533, 4235, 6967, 6968, 6969, 6970, 6971, 12771
1685, 2788, 7130, 7401, 7712, 12564
11088
614, 818, 904, 956, 1106, 5105, 5910, 6300, 7810, 8005, 10439, 11597
696, 2003, 2039, 3127, 6180, 7682, 8318, 12518
4103, 4221, 6480, 9254, 10355, 10430, 10434, 10662, 12479, 12578, 12770, 12919
3005, 11752, 12722
2005, 6175, 6176
3252, 3839, 7320
235, 2611, 3456, 3457, 3784, 4793, 4794, 6489, 13326, 13359
759, 4128, 11310
542, 1620, 3917, 3999, 5070, 5644, 5796, 9883, 10567, 11770
4542, 6944, 10837
4, 4014, 4337, 5870, 7272, 7607, 7630, 7662, 7955, 8869
8543, 8544, 8545
414, 415, 2351, 2352, 2354, 5215, 6442, 6714
7396, 10289, 10888
1126, 6002
2333, 3213, 4147, 7621, 8162
2148, 4379, 11059
677, 1243, 3270, 3832, 4567, 4943, 5362, 7256, 7257, 7511, 9184, 13402
713, 4638, 5607, 5775, 11346, 11581
8870
285, 9201, 9438
195, 4771
1697, 9171
358, 7052, 9270, 9480, 10422
1033, 2642, 4223, 5359, 7003, 7753, 8397, 10881, 11035, 11376
2337, 2338, 4099, 4858, 6822, 7189, 9203
3379, 7105, 9091
3902, 9198
155, 629, 1204, 1781, 1822, 2406, 3146, 8048, 9976, 10476, 10986, 11959
5990, 6618, 9177
3477, 9397
1449, 1890, 3304, 3868, 4275, 4733, 5037, 5174, 8031, 9705, 10334, 11638
1327, 2724, 3258, 6370, 8174, 9036, 10835, 12286, 12962
5098, 7923
8546, 10747
693, 4547, 7036, 9946, 11236, 11537
1997, 2461, 3732, 4592, 4876, 8404
2541, 6773
752, 892, 1578, 2182, 2197, 2237, 2654, 4016, 4277, 5104, 5987, 11825
1124, 1536, 1755, 2341, 2923, 3174, 6792, 7739, 9405, 10383, 12110, 13076
3947, 4184, 12947
1403, 6587, 7057, 7059, 7060
533, 1559, 4851, 5171, 5981, 6533, 6626, 7242, 7309, 9848, 10946, 11688
590, 2146, 2165, 2166, 10942, 12725, 13019
2856, 3329, 4469, 4639, 7628, 11418, 12585
2881, 6562, 13181
345, 708, 5513, 5601, 5606, 6602, 6871, 7031, 9939, 12874
131, 2678, 2679, 2685, 4649, 9035
10011, 11167
150, 466, 524, 591, 1075, 3634, 4280, 9859, 10026, 11651, 12187, 12303
147, 2720, 4383, 7245, 11228
1240, 4769, 9517
826, 2004, 2746, 4401, 5341, 7666, 8340, 10080, 10367, 10588, 11260, 11528
1353, 2648, 7450, 7503, 7549, 8050, 8697, 9847, 10449
2439, 2791, 4108, 6131, 7584, 8451, 8734, 9835, 10236, 10483
528, 1611, 12260
2846, 4875, 4982, 5114, 8831, 9241
917, 9895, 11094, 12273
115, 4127, 5245, 7485, 7551, 8094, 8167, 9060, 9190, 10947, 11372, 11501
1930, 5198, 5442, 8944, 12931, 13220
663, 3478, 3576, 3918, 7899, 8480, 9107, 9221, 9664, 9767, 11134, 12659
386, 1011, 1731, 1755, 2341, 2923, 4161, 5878, 6776, 10633, 13076, 13289
673, 1289, 3644
134, 434, 1666, 2244, 6682, 7754, 7796, 8495, 9721, 10983, 12088, 13103
1211, 1831, 2999, 3179, 7106, 7967, 8081, 8419, 12584, 12637, 12691, 12746
7518, 8440
128, 618, 4070, 4071, 4397, 4674, 4953, 6113, 6285, 7663, 9824, 10809
277, 9596, 11519, 12107, 12108
1535, 11502
217, 1333, 1531, 2086, 2451, 3539, 5042, 5556, 7203, 7915, 9199, 10635
961, 2152, 2706, 5281, 5782, 9081, 10831, 11140
4087, 12888
2328, 11451
1118, 4726, 4727, 11897
1502, 2015, 2027, 3575, 4210, 5082, 10663, 10785, 11231
1733, 4613, 5030, 5638, 5913, 7361, 9537, 10909, 12455
2210, 2519, 2559, 4626, 5335, 7155, 10693, 11183
11462, 11982
2756, 3328, 3923, 5062, 11056, 11288
630, 1508, 1706, 2298, 2345, 2477, 2490, 2786, 2847, 2851, 5515, 7135
158, 1343, 2489, 2904, 6903, 7587, 8526, 12844
356, 357, 1422, 3993, 4604, 5736, 6310, 6311, 6312, 6313, 6314, 10382
1078, 1711, 3568, 5230, 8801, 10560, 11702, 12480
85, 1901, 5413, 5743, 5810, 6579, 6580, 6925, 7433, 7591, 8554, 9170
66, 3107, 3378, 5231, 6348, 7683, 8422, 9974, 11219, 11449, 11626, 12110
1170, 2002, 2204, 3064, 4156, 5365, 5646, 6227, 6790, 8630, 12471, 12664
1240, 1622, 2237, 5987, 6834, 11221, 11825, 12133, 12614
38, 3262, 3848, 4030, 4481, 4973, 5625, 9515, 11428, 12054, 12503, 13165
7351, 7907
4879, 6563, 8148
215, 2667, 2773, 4179, 6891, 10150, 11510, 11800, 12023, 12137, 12353, 12938
682, 3997, 4435, 4882, 5433, 6004, 6906, 6942, 7357, 10440, 10794, 12955
468, 5276, 7126, 7214, 8771, 8871, 9352, 11474, 12487
124, 1868, 12237
2105, 2579, 6361, 6948, 11756, 12673
2393, 4948, 6052, 8280, 8716
168, 277, 1919, 5046, 8572, 11518, 12108
1827, 2324, 3072, 4342, 5955, 6081, 13179, 13306, 13327
706, 3660, 4961, 5552, 5890, 6118, 6119, 6121, 7771, 10711, 11595
1197, 1753, 2254, 2271, 3199, 4599, 8608, 9828, 11195, 11616, 12831, 12983
150, 466, 524, 591, 1075, 3634, 4280, 10026, 11651, 12187, 12303
235, 2185, 3218, 3784, 4793, 4794, 4922, 13265, 13317, 13324, 13330, 13361
10859
5811, 7393
146, 574, 2436, 3702, 3746, 8163, 8439, 8446, 9272, 11987
4155, 5512, 6848, 7901, 11339
814, 7568
5004, 9944
1013, 6167, 8729, 9871, 11174
1053, 2743, 3068, 13410, 13411, 13442, 13443
3471, 8044, 8138, 8690, 8774, 11690, 11753, 12305
815, 1694, 6997, 9489, 10499, 10777
594, 3360, 3822, 6223, 8470, 8895, 10042, 11813, 12406
238, 419, 4740, 5180, 13309, 13316
3890, 6600, 8120, 9008
13, 3099, 3367, 4476, 4714, 5229, 5284, 7270, 7460, 7629
479, 2514, 2544, 3861, 4826, 5229, 11072, 11796, 12692, 12767
1323, 10230, 12447
3144, 6759, 10470, 11480, 13024
2439, 2791, 3809, 4108, 6131, 7584, 8451, 8734, 9835, 10236, 10311, 10483
417, 663, 3478, 3576, 3671, 6347, 7899, 8314, 9221, 9767, 11134, 13002
11788, 12424
3735, 10703
5698, 6898, 7766, 7820, 8583, 11803, 12002, 13009
3764, 6683, 7921, 8588, 9640, 11471, 12416
993, 1187, 1607, 2796, 5615, 7537, 11979
1085, 1561, 4741, 5827, 6536, 8663, 8907, 9441, 11074
957, 1083, 9559
450, 1138, 3487, 3983, 4410, 5126, 5586, 10866, 11355, 13080
450, 3487, 4410, 5126, 5586, 10866, 11355, 13080
1583, 13428
4884, 8433, 9971, 11005, 11557
3300, 13372
3775, 3808, 4659, 11886
2481, 3656
4822, 5315, 7438, 8687
2742, 3302, 6143, 8242, 10604
5075, 5076, 6428, 11771
163, 1063, 6918, 11008, 13432, 13433
2180, 6323, 6960, 8589, 9317, 12915
208, 581, 2066, 2496, 3565, 3635, 3929, 3971, 4220, 6243, 8873, 13229
280, 1129, 11117, 12804
950, 5960, 6922, 8921, 9309, 12125, 12721, 13255
3877, 4045, 5028, 5226, 5643, 6219, 7330, 7761, 9873, 11177, 11763
687, 10542, 10726, 11203
1647, 2558, 3584, 4679, 4971, 7593, 7676, 8885, 12189, 12853
171, 4826, 6659, 8712, 9936, 11847, 12310, 12753, 13029
1069, 4632, 6069, 8095
775, 2117, 2560, 4643, 5950, 6185, 7411, 8158, 8786, 10545, 10653, 12402
630, 1508, 1706, 2298, 2345, 2477, 2490, 2786, 2847, 2851, 7135, 10384
199, 4348, 8065
895, 8575, 9156
4242, 6481, 6487, 11401, 11403, 11404, 11405, 11406
2185, 3217, 4922, 13265, 13294, 13298, 13324, 13330, 13355, 13361, 13362, 13365
9947, 10127, 10547
117, 169, 2123, 2814, 4596, 4654, 5265, 7430, 8648, 9708, 10291, 12859
826, 2004, 2746, 4401, 4957, 5059, 7666, 8297, 8340, 10080, 10323, 11260
2461, 3732, 4592, 4876, 8404
585, 999, 3416, 6273, 6695, 7755, 8323, 8935, 9349, 10954, 12378, 12498
372, 1056, 1402, 1440, 6386, 7088, 7244, 12008, 12747
2136, 9570, 10152
66, 3107, 3378, 8422, 9974, 10090, 10383, 11219, 11449, 11626, 12034, 12076
238, 419, 3041, 4740, 5180, 13293, 13309, 13316
1543, 2820, 11429, 11719
4334, 6211, 6212, 10182, 10183, 10184
252, 5791, 7839, 9671, 11992, 12994
158, 1343, 2489, 2904, 6903, 7587, 12844
116, 5173, 12491
268, 5418, 6391, 6458, 8269, 8693, 8891, 10117, 11761, 11783, 12462
11, 4123, 10944, 13086
1354, 1532, 2429, 2532, 2533, 2869, 2870, 4235, 6963, 6965, 9961, 11734
5295, 7053, 10812
1313, 3709, 4903, 7240, 10337, 12120
775, 909, 1088, 1849, 2339, 6185, 7411, 8176, 9493, 9992, 10010, 12389
81, 2194, 2362, 11920
614, 818, 904, 956, 5105, 5910, 6300, 7586, 7810, 8005, 8542, 10439
3693, 11930
5133, 5727, 5855, 12009
656, 2384, 4978, 5626, 5627, 5628, 6417, 7311, 7718, 8364, 8366, 9622
10, 767, 6380, 8742, 9914
4826, 6659, 8712, 9936, 11847, 12310, 12753, 13029
101, 284, 1786, 2089, 2285, 2863, 3834, 5093, 5799, 6132, 6275, 12444
3131, 8625, 12144, 12146, 12148
794, 796, 800, 4203, 4831, 5224, 5225, 8696, 9183, 11262, 11370, 11808
373, 913, 1420, 2040, 3569, 4205, 5325, 6265, 6838, 8868, 9940, 10469
830, 1030, 1325, 1777, 2030, 3613, 5223, 6454, 7997, 12483, 12501, 13382
2, 999, 3416, 6273, 6274, 6764, 8935, 9349, 10095, 11694, 12378, 12498
5133, 5855, 7813, 12009
1266, 1745, 11415, 12006, 12236
177, 1278, 1362, 2569, 4069, 4165, 5687, 5845, 6058, 6279, 7239
227, 7027, 8510
841, 1059, 1235, 10156, 11543, 11544