137 507 1074 1343 1761 1861 2037 2167 2341 2368 2445 2641 3033 3695 3857 3975 4385 4584 4763 4849 4922 4948 5078 5079 5080
146 837 2077 2085 2410 2698 3577
218 630 941 1170 1913 2786 2854 2872 3325 3479 3628 4331 4687 5182 5183
851 981 1035 1771 2755 2994 3377 3630 3768 3811 3966 4719
433 1031 1510 2434 2669 2736 2769 2983 3189 3990 4278
92 818 947 966 1458 1494 3328 3567 3763 5022
442 616 1283 1318 1583 2803 4042 4077 4191 4322 4376 4749 4980 5247 5248
101 332 766 1320 1464 1732 1965 2089 3340 4585
200 1440 2098 3159 3595 3772 3943 3967 4250
173 547 595 1009 1090 1142 1171 1295 1353 2568 3288 4248 4475 4608 4639 4888 4972
209 926 1136 1433 1687 1823 2613 2708 3193 3516 4292 4682 4686
1418 1906 2312 3418 3427 4290 4780
1635 2105 2652 2706 2714 2862
254 1063 2096 2236 2281 3145 3210 3634 4668 5116
542 1504 1898 2049 2202 2626 3434 3542 4566 4858 5098
681 1108 1277 1471 1568 1671 2297 2397 2480 2535 2921 3055 3091 3372 3729 3886 4071 4130 4224 4360 4871
496 506 549 790 963 1017 1073 1334 2425 2574 3309 3544 3739 3759 4017 4172 4195 4450 5044 5045
469 1315 1582 2181 3024 3845 3899 4054 4065
155 2654 3081 3104 3402 4190 4318 4809 4944 4963 5144
478 1714 2462 2530 2808 2817 3017 3043 3722 4991 5053
164 794 912 1312 2021
245 248 357 392 1736 1825 2609 2621 3093 4448
451 939 1427 1886 2244 2775 2989 3470 4380
110 729 1152 1215 2373 3172 3364 3728 5007
460 2635 2860 3312 3656 3740 3812 4098 4723
119 1339 1451 2856 3301 3834 4043 4270
128 1915 2070 2426 2915 3147 4330 4935
406 868 1025 1728 2427 2473 2496 2707 2861 3234 3460 3793 3903 4212 4394 4472 4494 4517 4978 5141 5142
1354 1362 1578 1683 1684 2773 2879
487 604 675 791 1204 1481 1798 2949 3173 3615 4213 4430 4604 4841 4857
236 470 878 1050 1200 1452 1468 1548 1710 2573 2883 2937 2977 3499 4589 4810 4967 5150 5151
23 1901 2398 3108 3716 4110 4495 4621
527 598 930 1267 2130 2385 2628 2656 3620 3973 4141 4560
95 1010 1404 2238 2455 3213 3545 3688 3767 4358
445 620 676 859 950 2701 2843 3285 3420 4246 4609 5214 5215
104 1109 1272 1306 1410 1792 1962 2349 2580 2911 3971 4022 4350 4489 4656 4739 4831 4912 5012 5013
391 607 1058 1208 1905 2564 2610 3323 3930 4866 4882 5237 5238
472 505 642 1342 2705 3072 3231 3381 3680 3809 4818
131 984 1547 1841 2121 3178 3682 4572 4977
427 2576 2787 2906 3028 4055 4456
463 1904 2087 2140 2315 2679 2750 2966 3200 3531 3663 4361 4569 4883 5203 5204
122 704 1094 1472 1725 4412 4773 5092
651 664 776 1053 1392 1555 1863 2340 2941 3522 3561 4151 4754 5243 5244
176 369 1298 3353 3515
409 919 1943 2396 2468 2637 2851 3244 3853 3864 4715
418 1093 2353 3124 4728 5136
77 1881 2467 4623 4879
490 628 762 1445 1932 2004 2590 2774 2777 2958 3535 3769 4010 4545
86 627 698 862 1517 1803 1807 3000 3797 4209 4272 4605
185 656 670 956 1551 1900 2133 2670 3030 3305 3606 4371 4769 5110 5111
499 1240 1849 3550 4636
724 1766 1944 2017 2068 2218 2276 2307 2432 2996 3044 3112 4104 4106 4429 4575 4933
706 2299 2416 2783 3445 3536 4115
1713 1876 1916 3443 3484 4683 4919 5011 5093
226 927 946 976 2261 2703 3006 4228 4317 4339 4892
400 717 1020 1474 1588 1616 1746 3384 3843 4514 4712 4726 4803 5108 5109
59 1552 2842 3673 3700 3758 5020
645 1056 1617 1899 1957 2129 2700 2857 3186 3819 4275 4955
32 906 1128 1328 1538 2588 2673 2956 3075 3111 3321 3981 4147 4325 4650
545 1214 1923 1936 2145 2976 4374 5091
68 2127 2262 2638 3657 3659 3959 5224
382 1226 2908 3239 3476 3720 3972 4067 4359 4392 4532 4535 4751 5048 5049
212 481 1561 1750 4038 4675 4735
454 1001 1721 2110 2678 2827 2831 3165 3504
140 449 1158 3892 4372 5043
113 1733 2007 2866 4097 4357 4541 4876
149 713 1493 1716 2776 2815 3034 3880 4148 4787 4825 4995
73 548 744 872 1111 2807 3233 4852 4951
273 355 1019 1039 1622 2369 2420 2596 2662 3333 3405 3431 3438 3616 3737 4335 4393 4417 4860
394 747 849 2175 2302 3376 3677 4237 4428 4602 4928 4994
53 633 786 812 1527 1740 2390 3985 5211
367 1057 1444 1988 3126 3698 4987 5178
403 583 1526 1589 2019 2328 2406 2501 3383 3638 4521 4523 4544 4546 4630 4854 4878
62 809 1931 2343
608 1067 1156 1512 2112 2987 3459 3660 4704
35 663 932 1630 2623 2645 3556 3672 4025 4328 4579 4940
606 1393 1414 1925 2422 2523 3292 4061 4085 4265 5207
650 1012 1169 1629 2155 2179 3366 3633 4598 4709
182 349
44 1891 1954 3175 3683 4734 5208
17 579 696 1229 1960 3137 4812 4847 4894
358 1257 1443 1604 3462 3582 3713 4811 4846
430 594 644 730 781 1021 1316 1394 1569 1642 2321 2611 3099 3151 3820 4036 4286 4309 4492 4501 4533 4599 4638 4832 5198 5199 5200
26 1986 2412 2981 3485 4705
125 253 285 514 949 1314 2847 3380 4045 5147
304 1719 1734 2348 2484 2629 2784 3856 4583 4659 4700 4989
1442 1865 2046 2801 2818 2952 3236 4401 4505 4960
340 526 593 711 1380 2062 2421 2886 3442 3618 3954 4185 4283 4504
205 421 1110 1372 1384 1681 3225 3480 3870 4120 4140 4651 5209 5210
869 1667 2290 2442 2999 3101 3249 4084 4320 4377 4750
89 555 719 821 2439 2510 2563 2895 3100 3439 3441 3489 3859 4439
286 1217 1502 1618 1966 2104 2492 2519 3106 3825 3976 4194 4486
295 360 2760 2781 3160 3331 5164
117 448 856 1055 1096 3135 3566 3755 4837 4996
601 621 1241 2109 2762 2881 2899 3009 3181 3188 3829 4189 4647 4949
116 690 1359 1877 2359 2444 2618 3732 3917 4843 5008
439 617 977 2253 2758 2764 3983 4822
412 1652 1717 1767 2234 2625 2967 3448 4319 4498 4669
1228 1895 1995 2152 2431 2506 2551 2595 2865 2880 3079 3252 4024 4348
71 191 221 538 732 2393 3036 3071 4554 4698 5067
107 657 715 1282 1656 2721 2833 3375 4072 4249 5107
313 953 1523 2990 3313 3649 4166 4901
385 665 740 1141 1145 1731 1951 2666 2903 3290 3306 3471 3667 4586 4592
158 1072 1349 1942 2149 2802 2814 3590 4449 4808
782 908 986 1296 1752 1927 2193 2327 2384 2742 3168 3868 4167 4253 4713 5009 5010
307 1210 2419 3655 4619 4663 4775 4918 4973
571 2052 2075 2792 3626 4875
66 74 659 777 1225 1435 2069 2497 2743 3077 3240 3607 3703 4131 4337 4446 4466 4738
397 970 1866 2527 3374
56 1982 2147 2631 2873 2988 3052 3202 3562 4419 4557 4642 5041 5042 5196 5197
262 1718 1815 2257 4129 4937
543 1579 1920 2415 2615 3029
370 844 931 1024 1890 2556 2719 4291 4786 4851
29 1143 1974 2478 2517 2684 3734 4308 4341
343 550 677 1167 1544 1711 2059 2173 2485 2824 2975 3279 3611 3913 4207 4214 4770
38 1144 1908 2229 2285 2287 2289 3277 3425 3469 3916 4006
213 297 379 1274 1455 1511 1612 2008 3041 3397 5096
352 437 535 587 2935
619 1251 2640 2997 3692 4615 5195
801 1193 1478 1503 1778 1870 2437 3329 3371 3982 4534 4646 5005 5006
679 1297 2316 2540 2846 2877 3205 3241 3337 4168 4427 4691 4938
654 891 1006 1244 1675 2269 2526 2771 3230 3815 4424 4964
325 1032 1238 1567 1668 1826 1857 1874 2433 2619 2957 2968 3513 3679 3836 3962 4155 4805
361 489 973 1488 1570 2667 2728 4706 4758 5134 5229
20 854 1054 2081 2471 2896 3814 4717 5187
502 798 1030 1326 4670 4853
803 944 1261 1473 1483 1550 2001 2201 2630 2643 2722 3315 3449 4081 4176 5068 5069
235 2256 2413 3343
289 754 1173 1519 1967 2709 2717 2845 3666 3686 3785 3830 3940 4232 4707 4961 5084 5085
316 727 1089 1201 2058 2572 3501 3707 5057
65 1013 1126 1260 1632 2045 2117 3490 3596 3908 4635 4725 4890 5112 5113
271 592 1174 1188 1405 1662 2702 3346 3541 3757 4126 4887 4990 5089 5090
280 870 1046 1412 1599 2454 2680 3385 3529 4710 4756 4783 4950 5131 5132
5 522 896 1051 1350 1563 1663 1703 2296 2469 2659 2754 2919 2978 3164 3182 3221 3275 3303 3317 3326 4346 4745 4902 4958 5188 5189 5190
319 982 1600 1816 2875 3102 3994 4342 4872
184 597 1426 2460 3113 3530 4005 4174 4384 4897
193 618 1529 2539 2859 3134 3547 3689
265 836 934 1159 2169 2443 2853 3146 3393 3477 3605 3778 4161 4850
301 509 515 899 903 961 1172 1299 1379 1383 1416 1723 2157 2278 2423 2566 3107 3132 3699 4057 4362 4731 4797
480 2258 2279 2493 4461 4952
175 1103 1113 1421 1657 1739 1788 1828 1838 2023 2548 2561 2805 3678 3761 3770 3849 3858 4047 4830
256 610 1508 1532 2579 4018
337 1535 2228 2688 3015 3488 3953
399 834 1518 2153 2211 3039 3612 5254
283 2537 2841 2973 4029 4703 4757 5139
436 569 721 752 1065 1437 2032 4235 4482 4997
388 498 917 2887 4137
166 1862 2457 2720 3705 4027 4242 4760 4925
511 561 662 1016 2099 2634 3517 3571 4296
1079 1308 1375 1806 2546 2734 3802 4066 4284
14 1233 1269 3392 3589 3776 4239 4690 4782
328 952 3212 4105 5101
739 929 3497 4836
11 220 292 503 1207 1268 1439 1831 2969 3027 4816
16 167 229 482 580 840 1286 1382 1650 2464 3062 3262 3563 3938 4829 4983
202 1775 2293 3163 3412 4007 4946
238 1186 2934 3619 3624 3731 3951 4511 4627 4702
772 811 1153 1830 2034 2221 2518 2587 2992 3014 3083 3103 3422 4050 4127 4744 4880
277 861 1078 2472 2569
72 474 556 613 1029 1975 2031 2060 2166 2782 2979 3311 3915 4626
483 902 1185 1280 1506 1623 1953 2092 2534 2614 3478 3486 3743 4405
641 1005 1042 1246 1429 1654 2005 2039 3117 3136 4474
612 1401 1705 1786 2458 2746 3073 3088 3141 3483 3520 3914 3919 3978 4596 4772 5070 5071
151 1549 1678 2323
154 223 985 997 1041 1340 1593 1699 2411 2452 3318 3647
250 544 591 1011 1704 2292 5127
55 232 3671 4059 4665
259 3947
708 2547 2809 2893 3247 3882 4238 4477 4924
124 638 1243 2542 2955 3194 3281 3508 3885 4040
447 684 743 796 1018 1137 2605 2677 3344 3970
133 810 1052 2578 2840 3105 3300 3466 3496 3681 4766 5235 5236
106 350 1470 1651 1848 2118 2738 3254 4582 5037
1175 2204 2567 4716 4742
214 758 1038 1190 2190 2219 2417 2725 3042 3152 3284 3350 3670 3719 4718 4895
420 1130 2245 2592 3851 4204 4462 4688
652 1147 3220 3458 3558 3888 4536 4708
160 1227 2964 3552 3875 4153 4396 4519 5060
2383 4701
178 637 897 2816 4556 4628 4839 5076
456 687 1323 1423 1864 2101 3011 3156 3389 3494 4420 4903
792 2056 2252 2322 4282 4673
563 1712 3143 3263 4196 4692
967 1619 2681
196 686 900 1100 1292 1659 1674 2064 2159 2382 2604 3295 3363 3519 3727 3999 4087 4664 4827
241 839 867 881 1176 1271 1336 1804 1992 2345 2789 2820 2830 3444 3474 3992 4074
263 268 712 1279 1352 1747 2266 3319 3435 5128
2185 2575 3821 4078 4425 4869 4896 5030
441 710 901 1068 1449 1763 2036 2103 3065 3157 3949 4463 5160 5161 5252 5253
84 181 873 1907 2286 4121 4804 4911 4969
163 529 788 817 1695 2024 2907
322 477 660 895 999 1801 2554 2785 3752 4988
172 429 661 898 1335 1516 1903 2414 2560 3359 3394 4114 4423
345 387 3430 3905 4727
2025 2203 2311 2466 2920 3198 3617 3714 3775 4387
459 936 1648 1854 3357 3704 3961 4254 4305 4452 5065 5066
432 1926 3598 3766 3965 4345 4779 4941
118 294 1933 4821
468 756 1390 1425 2305 2617 4012 4247 4480
127 807 991 1155 1364 1528 1691 2378 3265 4124 4273 4737
136 983 1023 2030 2194 2275 2400 2446 2598 2639 2894 3183 3912 4060 4075 4156 5165 5166
199 829 1912 2066 2213 3018 3602 3765 4433 4570 4801 5222 5223
208 615 3289 3639 3684 4002 4170
217 699 1438 1773 1784 3087 3889 3922 4132 4513
414 512 1885 2255 3122 3557 4201 4225 4269
100 709 806 1602 2306 2522 3064 3131 3724 4790
1317 2230 2319 3467 3658 3661 3887 4363 4965
914 1485 1584 2735 3059 3332 4041 5218
413 928 1124 1850 2570 2798
82 923 2350 2515 3423 4929
144 495 568 1730 1827 3235 3568 4142 4693
91 731 996 1958 2102 2120 2263 2380 3149 3747 4135 4221 4300 4813 5184 5185
190 669 920 1479 1955 3360 3879 4193
396 3048 3196 3415 4459 4538 4577 5225
820 2495 2900 3197 4301 4814 5191
405 1495 2930 3046 3351 5255
64 443 855 1376 3082 3979 4241 4259 5052
880 1235 1524 1644 2154 2409 2834 3944 4013 4086 4182
951 992 1466 2051 2113 2855 3001 3010 4177
486 763 1381 1456 2223 3584 3693 4662
145 1338 1498 2713 2751 3349 3609 3777 4264 4432
784 860 1182 1776 1964 2407 2591 2608 2931 3012 4612 4657
685 1066 1991 3287 3509
426 438 584 894 1036 1168 1253 1341 1388 1840 2119 2337 2447 2642 3054 3089 3417 3503 3840 4323 4352 4573
3032 3051 3691 5162
2260 2795 2804 2940 4416 4936 5216
58 467 539 888 1129 1597 1999 3335 4752 4828
408 705 734 1132 1304 1605 1814 2172 2250 2932 3008 3487 3750 3865 4009 4116 4479 4819 4982 5081 5082
67 863 2170 3116 3365 3760 4594 4984
751 2491 3654 4150
139 2545 3174 4485 4540
194 723 1325 1537 1772 1868 3952 4058 4458 4834 5230
381 971 1463 1525 1576 1591 1596 2251 3038 3314 4266 4306 4741 4768
8 40 741 1754 2531 2597 2622 2914 3451 3891 4083 4861 5256 5257
354 1741 2971 4985
390 1248 1677 1872 2479 2835 3161 3226 3433 3570 3592 3744 3789 4548 4649 4981
49 1234 1770 2199 2354 3362 4096 4119 4233 5167
98 787 1764 2632 4091 4522 4934
130 298 1048 1457 3436 4183 4263
336 560 625 1533 1937 2107 2182 2693 3170 3276 4411 4660 4920
4 974 1309 1424 1738 2009 2582 2593 2985 3918 4886
257 1219 2248 2372 4593 4765
1367 2040 2151 2367 2890 3963 4088 4107
372 557 797 1273 1941 2273 2671 3271 3386 3745 3928 4103 5125 5126
658 1939 3004
148 1363 1400 1611 1774 2012 2538 3144 3294 3395 3446 4293 4942
395 462 1120 2858 4052
121 1062 1209 1293 2344 2660 3948 4799
157 1166 1224 1347 2222 2897 3613 3669 3964 4001 4465 4667 4788 5249 5250
22 736 882 1107 1573 2094 2665 2980 4100 4113 4146 4230 5120 5121
189 363 2636 2796 3749 4379
435 2379 3403 4685 4748
31 565 1008 1022 1135 1810 3067 3399 4000 4460 4552
444 1197 2274 2683 2838 2972 3114 3125 3872
378 417 830 2000 2298 2364 2377 4080 4211 4823
103 134 1751 2697 3330 3823 4144 5056 5221
76 314 1685 1929 2470 2543 3827 4624
112 647 755 1255 1289 1331 1357 1700 1835 2494 2689 2741 2813 3291 4109 4143
682 775 1541 1871 1949 2358 2668 4039 4516
94 318 857 1355 3591 4258 4694
691 692 1195 1294 1928 2043 2082 2948 3138 3248 3554 3871 3910 4844 4913
1069 1082 1092 2351 2672 3286 3896 4026 4082 4179 4267 4453 4957
1106 1319 1694 1708 1822 1893 2161 2355 2674 2739 3455 3495 3862 3926 4512
97 1924 2084 2200 3974 5073
312 540 574 694 1004 2448 2963 3097 3955 4073 4355 4543
7 546 553 1486 1624 2231 2440 3148 4203 4240
348 578 631 1184 1686 1894 1963 2163 2405 2503 2676 2686 2737 2780 3238 3432 3498 3878 3945 4199 4391
393 531 2135 5122
79 570 725 1365 1697 1707 1742 1805 2984 3457 3475 3578 3852 3939 4236 4313 4415 4600 4666 5031 5032
402 875 1500 1509 1853 2716 3355 3931 4455 4550 4859 4870
88 2016 2889 3751 4186 4784
156 1259 1436 1585 2164 4076 4095 5021
288 303 425 624 841 1910 2183 2264 3831 4496
375 737 1162 1800 1812 2710 2993 3463 3828 4620 4923
411 558 938 1102 1151 1242 1484 1540 1702 1794 1802 2061 2490 2888 3401 3523 3924 3927 4580 4962
70 323 666 1037 1189 1192 1313 1664 2088 2507 2549 3022 3191 3255 3391 3921 4138 4399 4531 4603 4974
384 590 789 911 979 1287 1559 1843 1945 2086 2095 2206 2724 2744 2863 2891 3665 4260 5212 5213
43 309 889 1099 3195 3339 3781 3795 4559
52 368 1467 1875 2246 2811 3783 4652 5163 5258
249 1187 1521 2158 2812 3223 3525 4169 4294 4507 4508 4542 4720 5219 5220
244 276 1250 1415 1497 1614 1779 1834 2123 2329 3267 4367 4369 4578
258 1377 2917
1112 1625 2006 2867 2910 3273 3621 3890 4499 4796
267 1465 1855 1918 2718 2874 4431 4795 4800 4908 5186
785 1087 1123 1434 1501 1757 2692 2729 2837 3361 3600 3842 4090 4576 4848 4917 5158 5159
25 2389 2589 3733 4567 4968
339 1003 1781 2524 2627 3668 3708 4157 4245 4314
290 366 815 1138 2429 4382
34 838 1134 1378 2139 2386 2731 2844 4500 4845
240 765 1371 1680 2217 2504
321 1461 1973 2011 2913 2933 2954 3253 3754 3950 4611
61 749 1222 1256 1729 1867 1897 1972 1998 2226 3787 3977 4653 4714 5058 5059
10 864 1133 1150 1513 1765 2270 2408 3675 4833
957 1115 1179 1356 1780 2174 2283 3559 3748 4421 4553
46 225 532 1223 1448 1613 1637 1795 2727 3341 3640 4162 4307 4561
306 649 707 2352 4023
37 424 995 1575 2026 2053 2227 2584 4188 4862
180 519 688 1735 2695 4251
333 609 728 800 922 998 1755 2233 2715 3063 3242 3902 3925 4378 4395
1 3025 3866 5149
342 523 577 904 1655 1883 2418 2649 4632
47 207 274 2126 3779 4208 4998
216 639 779 847 1097 1441 1487 1745 2552 2616 2633 3016 3074 3162 3958 4178 4198 4299 4413 4778 4959 5154 5155 5156
2224 2521 2918 3035 3636 4035 4289 4333 4338 4404
324 1560 1574 1938 3171 3532 3539 3631 4889 4914
1043 1514 2336 2749 4471 4491 4655 4915 5259
198 1247 1522 1615 2565 2961 3533 3540 3601 4835 5217
270 551 1856 2029 2041 2067 2675 3130 3272 3482 5018
252 4976
279 1952 2028 2108 2939 4680 4855 4865
1930 2334 2962 3527 3651 4053 4689
19 554 588 835 1399 1460 2171 2188 2525 2571 2839 2852 2876 3507 4340 4891 4971
28 2325 4020 4815
234 843 2097 2267 2512 3217 4403 4648 4711
261 1431 2505 3575 5251
525 994 1888 2375 2562 2647 2878 3120 3169 3565 4366
315 1122 1557 1836 1858 2237 2848 3572 4953
600 1344 2284 2965 3050 3632 3850 4759 4863
174 243 1633 1753 2090 2869 3877 4175 4447 5118
488 674 774 845 2156 2528 3176 3454 3933 5023
147 968 2320 2868 3095 3715 3735
497 1070 1539 3873 4563
183 701 1290 1821 2071 2357 2424 3085 3674 3788 4807
1300 2027 2658 2757 3841 4243
255 866 2536 2733 3068 4658
228 720 1049 1084 3166 3232 3409 4031
264 1033 1131 1213 1258 1968 2184 3056 3203 3218 3222 3369 3712 3730 4044 4218
461 1083 1324 2235 4139 4280 4993
833 945 980 1669 1869 2487 2788 2909 3603 3608 3844 4192 4381 4426 4753 4785 4970
1086 1198 3373 4222 4281 4383 5157
129 905 910 1160 1737 2022 2197 2586 2696 2765 3800 3894 4497 4696
479 1562 4094 4268 4502 4932
452 822 1101 1121 1146 1220 1626 1797 2013 3031 3356 3690 3711 4966 5231 5232
138 520 1327 1586 2753 2942 3053 3155 3593 3653 3818 4539 4931 4992 5050 5051
210 334 886 2870 2970 4926
1601 2150 2212 2365 3379 4537
230 291 622 1768 2606 2650 3837 5206
1081 1148 1249 1301 1385 1543 1791 2160 2550 2982 3066 3110 3257 4028 4397 4442 5024 5025
1206 1571 1580 1660 1981 2268 2363 2558 2864 3259 4205 4332 4435 5245 5246
237 596 1104 1212 1480 1636 2272 2338 3246
246 326 640 1698 2187 2477 2559 2882 3320 3390 3548 3993 4049 4730 5016 5017 5094 5095 5176 5177
192 1237 1275 1330 1374 1603 1628 2048 2314 4312 4464 5233 5234
201 602 672 778 877 978 1014 1311 1403 1647 1661 1715 2124 2189 2761 2832 2885 3258 3316 3396 3832 3935 4524 4671
517 689 748 816 990 1007 1061 1196 1417 1811 1851 1987 2465 2533 3177 3400 3481 3932 4277 4510 4606 4644
60 2055 2254 2335 3623 3807 4234 4321 4370
186 742 924 3127 3293 3352 3514 3706 3799 4015 4063 4261 4625 5114 5115
575 1696 2035 2288 2822 3278 4454 4520 5171
222 1034 1045 2699 3057 3154 3652 4444 5153
87 524 582 605 2078 2346 2850 3934 3987 4187 4777
943 2239 2376 2763 4386 4437
83 96 1980 2740 2945 3702 4134 4595 4798 4986 5239
501 1114 1610 1673 2165 2247 2943 2986 3208 3502 3644 3794 3898 4641 4672 5123 5124
168 1044 1125 1391 1556 2178 3187 3192 3586 3746 3813 4262 4302 4347 4490 4930
13 177 453 874 2176 2511
383 1530 1572 1787 1846 2892 3946
1064 2712 2748 3115 3512 4128 4681
335 464 3622
150 761 933 2180 3098 5119
473 559 975 1203 1430 1917 2072 2192 2362 2823 2826 3049 3058 3206 3437 3897
159 1507 1892 3342 3538 3701 4220 4285
80 132 567 629 825 1397 2603 3625 3796 3911 4037 4089
141 915 1793 1859 3158 4079 5181
446 916 1554 2205 2766 3310 4011 5072
6 419 1432 2010 3784 4101 4679
105 884 1027 1161 1505 1809 2392 2438 2732 3694 4244 4588 5169 5170
455 492 767 890 1566 2806 3580 3860 4111 4295 4344 4436
401 428 1587 2361 3139 3461 3553 3614 3867 4633 5047
114 852 1407 1447 1839 2449 2599 3685 4590 4820 4904
123 187 510 3060 3447 3848 4610
195 500 892 1989 2360 2514 3128 3456 3528 3839 3869 4629 5033 5034
204 667 876 909 988 1422 1672 1837 2073 2195 3901 4200 4781 5179 5180
3219 3587 3642 4873 5075 5152
410 2370 3040 3080 3440 3564 3583 3989 4451 4695
69 211 795
78 120 648 1322 1726 1777 2300 2430 2745 3526 4102
491 2450 2690 3224 3648 4021
231 643 1091 1127 1302 1345 3150 3184 3214 3410 3957 4864 4909 5014 5015 5172 5173
1119 1408 1842 2387 2800 3338 3368 3906 4159 4219 4755
431 655 768 827 1264 1369 1409 1542 1790 1940 2132 2138 2482 2508 2651 2730 2901 3002 3756 3826 3920 4418 4724
404 1706 1819 2214 2516 4274 4551 4645
90 1348 3838 4793
63 533 2038 2063 2317 2339 2767 3268 3790 4256 4506 4697 5201 5202
99 1288 2435 2723 2947 3969 4303
219 386 913 1085 1117 1140 1607 2128 3078 3762
45 508 1496 2242 2704 2923 3543 4457 4481 4921 5046
3304 3549 4407 4916 4956 5097
54 989 1307 1520 1594 2091 2216 2356 2752 3023 3142 3510 4117 4527 4661 4762
341 965 1536 1722 1829 3491 4476 4562 5194
422 745 1832 1879 2624 3179 3243 3245 3472 3473 3791 3895 3929 4145 4152 4184 4197 4529 4905
171 1015 1889 2922 4884
377 759 1191 1221 1265 1653 2998 3299 3774 4581 5205
793 972 1040 1782 1947 2331 2391 2991
513 530 700 893 1026 1181 1990 2191 3998 4122 4899 5061 5062
485 1245 1845 3308 3741 4616
634 842 1059 1666 1748 2644 3816 4008 4979
81 1413 2520 2602 3119 4003 4069 4555 4591 4740 4906
494 1956 2020 2137 3881
611 733 964 1262 1406 2065 5019
153 227 1634 2080 2778 3907 4180
126 1368 1762 2793 3416 3863 4158 4215 4257 4324 4528
162 819 1285 1291 1346 1553 1758 1919 3167 3180 3980 3996 4840 4910
359 1977 3020 3726 4900
27 907 1676 2653 2944 3334 3426 3847 3923 4441 4699 4746 4806
646 1490 2177 2953 3419
440 808 828 1047 1165 2280 3185 3710 3806 3824 4231 4613
36 702 848 1194 1337 1534 2114 2313 2799 3256 3988 4364 4564
41 364 476 770 2309 3261
1679 2232 3207 3588 3909
1002 1263 1564 1645 1996 2513 2825 3084 3153 3274 3367 4443
108 562 626 693 954 1157 1817 2044 2295 2657 3045 3960 4631
458 760 1118 1428 2115 2374 2655 2950 3560 4004 4279 4310 4764 4893
1358 1475 1476 2694 3991 4149 4643 4732
771 846 1799 1847 1896 2015 3805 4776
9 746 1997 2141 4226 4353 4733
780 813 885 1028 1351 1459 1592 1882 2304 2395 2401 2759 3037 3398 3782 4064 4125 4375 4547 4558 4568 4676 4767 5038 5039 5040 5104 5105 5106
18 1813 3424 3581 3721 4774
346 389 457 697 5242
48 695 703 1976 2144 2342 2347 3697 3893 4493 4574 4634
362 783 1139 1608 2404 2925 3123 3429 3833
21 224 331 1088 1333 2474
57 678 1000 1581 1689 1693 1820 2402 2483 2661 3019 3086 3228 3297 3302 3408 3511 3835 3936 4206 4398 4824 4927
1303 1420 2050 2122 2168 2241 2453 2600 3322 4288
109 135 272 573 824 1993 2324
344 935 2093 2836 2912 3585
3 327 534 955 2456 3094 3414 3506 4014 4410
317 1785 1860 3407 3569 3822 4373 4389 4390 4470 4571 4842 5145 5146
353 541 1077 1080 1609 1796 1922 2014 2500 2905 3229 3327 3411 4316 4400 4434 4440 4622 4802 4817
12 764 1332 1639 2585 4227 4792 5168
718 722 1281 2797 3076 4678 5064 5133 5228
635 1961 2303 3428 3709 4907 5102
434 937 942 1199 1649 2196 2333 2388 2529 2620 2663 2849 2929 3387 3696 4315 4565 5174 5175
93 738 1163 1658 2612 3283 3296 4133 4877 4945 5135
102 516 858 969 1565 1760 1852 2301 2330 2488 2916 3013 3854 3941 4181
299 564 623 1818 2581 2601 2938 3627 3846 4173 4999 5000 5001
853 1640 2074 2162 3092 3736 4112 4468 4954 5074 5148 5240 5241
536 1373 2310 3370 4154 4255 4614 5117
115 308 1366 1970 2047 2125 4640
380 879 987 2002 3096 4062
330 416 636 1202 1211 1389 1477 3005 3190 3227 3298 5026 5027
75 1232 1577 2143 2366 2646 3378 4171 4484
281 572 1305 1606 1701 1985 2476 2790 2821 3215 3358 3803 4019 4654
581 614 832 962 1149 1682 1744 1756 2648 3021 3118 3537 3573 4939 5035 5036
30 2747 5002
142 371 871 1419 1643 1902 2106 2951 3637 3861 4518 4607
39 2225 3505 3808 4070 4409 4488
111 471 589 2687 3773 3956 4051 4056 4252 4469 5086
398 1515 1824 2131 2399 3500 3546 3855 4033 5063
407 537 958 1216 1971 2332 2509 2553 3003 3576 3723 4856 5028 5029
750 753 826 918 940 1105 1387 1402 1446 1833 2054 2198 2768 2924 3251 3336 3664 3676 4217 4601
15 1177 1310 1531 1844 1887 2076 3347 3645 5143
329 356 1690 3211 3555
2 585 1164 1984 2148 2428 2936 3717 3725 4229
42 1231 1595 2318 3047
1098 1396 1546 1688 1789 2142 2220 2928 3465 3594 4118 4761
865 1621 2489 2926 3204 3997 4791
24 415 1071 1239 2682 3070 3354 3450 4165
338 1278 1450 1884 2146 3345 3792 3968 4388 5192
33 576 716 726 1558 1873 2033 3464 3629
247 347 2371 2555 3129 3534
374 518 1361 1914 1978 2403 3406 3738 3798 4123 4343 4771 4975
51 1116 2486 2871 3421 3986 4016
769 1598 1631 1638 1641 2136 3209 3995 4722 4826
921 1252 1709 2209 2436 2532 3804 4311 4326
165 320 351 423 671 1386 2240 2265 2282 3250 3551 4677 4736
302 773 1154 1370 4163 4487 4618
3069 4164 4354 4525
203 850 1590 2215 2441 3133
376 799 831 4298 4422 4483 4515 5140
275 310 3521 4108 5103
282 284 1545 1646 1935 2791 3452 3579 4794 4868 5004
311 586 1095 2541 2779 2794 2927 4684
293 1983 2003 2042 2498 3140 3348 3764 3786 4092 4467
365 673 887 1205 1759 2271 2277 2394 2819 3201 3883 5087 5088
266 823 1411 1482 2475 2499 3493 3650 4034 4304 4408 4445 5226 5227
239 802 1266 1398 2974 3270 3646 3817 4223
566 2018 2691 3282 4210
493 1921 2884
179 1934 2079 2249 2481 2898 3216 5193
152 993 1453 1620 1627 2291 3874 5083
188 599 1236 1950 2583 2828 3280 3604
50 260 632 883 959 2463 2995 3007 3109 3771 4327 4365 4530
269 552 1720 3382 4160 4297 4329
475 1692 1808 2083 2134 2459 2904 3269 3984 4048 4789 4874 4885 4898 4943 5129 5130
484 2111 4509 4947 5100
170 757 1060 1499 1727 1749 5077
143 528 1076 1178 1360 1969 2243 2557 3090 4276 4674 4881 5137 5138
215 450 735 1270 1329 1489 2770 3801 3884 4046 4402
466 948 1284 2577 3904 4202 4349 4473 4526 4637
85 287 680 1230 2946 3388
161 3307 4093 4287 4729 5099
242 814 1670 1909 2208 3199 3468 3876 4867
251 373 668 805 925 1075 1218 1254 1959 1979 1994 2186 2451 2902 2960 3597 3641 3753 3780 4032 4356 4617
197 1946 2057 2116 2711 2829 3599 3742 4030 4351 4587
504 1911 2100 2544 2685 3324
206 683 1180 1743 1783 1878 2461 2810 3237 3260 3264
169 233 1948 2294
296 1183 1665 5003
278 603 804 1321 1454 1491 2207 3121 3413 3610 4216 4334 4336 4406 5054 5055
305 1469 2756 4068
0 465 960 3662 4503 4721
