851 981 1035 1771 2755 2994 3377 3630 3768 3811 3966 4719
433 1031 1510 2434 2669 2736 2769 2983 3189 3990 4278
92 818 947 966 1458 1494 3328 3567 3763 5022
101 332 766 1320 1464 1732 1965 2089 3340 4585
173 547 595 1009 1090 1142 1171 1295 1353 2568 3288 4248 4475 4608 4639 4888 4972
209 926 1136 1433 1687 1823 2613 2708 3193 3516 4292 4682 4686
1418 1906 2312 3418 3427 4290 4780
496 506 549 790 963 1017 1073 1334 2425 2574 3309 3544 3739 3759 4017 4172 4195 4450 5044 5045
164 794 912 1312 2021
245 248 357 392 1736 1825 2609 2621 3093 4448
451 939 1427 1886 2244 2775 2989 3470 4380
110 729 1152 1215 2373 3172 3364 3728 5007
487 604 675 791 1204 1481 1798 2949 3173 3615 4213 4430 4604 4841 4857
236 470 878 1050 1200 1452 1468 1548 1710 2573 2883 2937 2977 3499 4589 4810 4967 5150 5151
23 1901 2398 3108 3716 4110 4495 4621
95 1010 1404 2238 2455 3213 3545 3688 3767 4358
445 620 676 859 950 2701 2843 3285 3420 4246 4609 5214 5215
104 1109 1272 1306 1410 1792 1962 2349 2580 2911 3971 4022 4350 4489 4656 4739 4831 4912 5012 5013
391 607 1058 1208 1905 2564 2610 3323 3930 4866 4882 5237 5238
651 664 776 1053 1392 1555 1863 2340 2941 3522 3561 4151 4754 5243 5244
77 1881 2467 4623 4879
86 627 698 862 1517 1803 1807 3000 3797 4209 4272 4605
724 1766 1944 2017 2068 2218 2276 2307 2432 2996 3044 3112 4104 4106 4429 4575 4933
706 2299 2416 2783 3445 3536 4115
226 927 946 976 2261 2703 3006 4228 4317 4339 4892
645 1056 1617 1899 1957 2129 2700 2857 3186 3819 4275 4955
545 1214 1923 1936 2145 2976 4374 5091
382 1226 2908 3239 3476 3720 3972 4067 4359 4392 4532 4535 4751 5048 5049
212 481 1561 1750 4038 4675 4735
140 449 1158 3892 4372 5043
73 548 744 872 1111 2807 3233 4852 4951
273 355 1019 1039 1622 2369 2420 2596 2662 3333 3405 3431 3438 3616 3737 4335 4393 4417 4860
403 583 1526 1589 2019 2328 2406 2501 3383 3638 4521 4523 4544 4546 4630 4854 4878
62 809 1931 2343
35 663 932 1630 2623 2645 3556 3672 4025 4328 4579 4940
17 579 696 1229 1960 3137 4812 4847 4894
358 1257 1443 1604 3462 3582 3713 4811 4846
26 1986 2412 2981 3485 4705
125 253 285 514 949 1314 2847 3380 4045 5147
304 1719 1734 2348 2484 2629 2784 3856 4583 4659 4700 4989
1442 1865 2046 2801 2818 2952 3236 4401 4505 4960
340 526 593 711 1380 2062 2421 2886 3442 3618 3954 4185 4283 4504
869 1667 2290 2442 2999 3101 3249 4084 4320 4377 4750
295 360 2760 2781 3160 3331 5164
439 617 977 2253 2758 2764 3983 4822
71 191 221 538 732 2393 3036 3071 4554 4698 5067
107 657 715 1282 1656 2721 2833 3375 4072 4249 5107
158 1072 1349 1942 2149 2802 2814 3590 4449 4808
782 908 986 1296 1752 1927 2193 2327 2384 2742 3168 3868 4167 4253 4713 5009 5010
56 1982 2147 2631 2873 2988 3052 3202 3562 4419 4557 4642 5041 5042 5196 5197
262 1718 1815 2257 4129 4937
29 1143 1974 2478 2517 2684 3734 4308 4341
343 550 677 1167 1544 1711 2059 2173 2485 2824 2975 3279 3611 3913 4207 4214 4770
38 1144 1908 2229 2285 2287 2289 3277 3425 3469 3916 4006
619 1251 2640 2997 3692 4615 5195
361 489 973 1488 1570 2667 2728 4706 4758 5134 5229
502 798 1030 1326 4670 4853
235 2256 2413 3343
316 727 1089 1201 2058 2572 3501 3707 5057
65 1013 1126 1260 1632 2045 2117 3490 3596 3908 4635 4725 4890 5112 5113
280 870 1046 1412 1599 2454 2680 3385 3529 4710 4756 4783 4950 5131 5132
5 522 896 1051 1350 1563 1663 1703 2296 2469 2659 2754 2919 2978 3164 3182 3221 3275 3303 3317 3326 4346 4745 4902 4958 5188 5189 5190
265 836 934 1159 2169 2443 2853 3146 3393 3477 3605 3778 4161 4850
175 1103 1113 1421 1657 1739 1788 1828 1838 2023 2548 2561 2805 3678 3761 3770 3849 3858 4047 4830
337 1535 2228 2688 3015 3488 3953
283 2537 2841 2973 4029 4703 4757 5139
436 569 721 752 1065 1437 2032 4235 4482 4997
388 498 917 2887 4137
511 561 662 1016 2099 2634 3517 3571 4296
1079 1308 1375 1806 2546 2734 3802 4066 4284
328 952 3212 4105 5101
739 929 3497 4836
202 1775 2293 3163 3412 4007 4946
238 1186 2934 3619 3624 3731 3951 4511 4627 4702
72 474 556 613 1029 1975 2031 2060 2166 2782 2979 3311 3915 4626
483 902 1185 1280 1506 1623 1953 2092 2534 2614 3478 3486 3743 4405
612 1401 1705 1786 2458 2746 3073 3088 3141 3483 3520 3914 3919 3978 4596 4772 5070 5071
154 223 985 997 1041 1340 1593 1699 2411 2452 3318 3647
250 544 591 1011 1704 2292 5127
55 232 3671 4059 4665
259 3947
708 2547 2809 2893 3247 3882 4238 4477 4924
447 684 743 796 1018 1137 2605 2677 3344 3970
133 810 1052 2578 2840 3105 3300 3466 3496 3681 4766 5235 5236
420 1130 2245 2592 3851 4204 4462 4688
652 1147 3220 3458 3558 3888 4536 4708
178 637 897 2816 4556 4628 4839 5076
196 686 900 1100 1292 1659 1674 2064 2159 2382 2604 3295 3363 3519 3727 3999 4087 4664 4827
263 268 712 1279 1352 1747 2266 3319 3435 5128
322 477 660 895 999 1801 2554 2785 3752 4988
172 429 661 898 1335 1516 1903 2414 2560 3359 3394 4114 4423
345 387 3430 3905 4727
2025 2203 2311 2466 2920 3198 3617 3714 3775 4387
459 936 1648 1854 3357 3704 3961 4254 4305 4452 5065 5066
432 1926 3598 3766 3965 4345 4779 4941
468 756 1390 1425 2305 2617 4012 4247 4480
127 807 991 1155 1364 1528 1691 2378 3265 4124 4273 4737
208 615 3289 3639 3684 4002 4170
1317 2230 2319 3467 3658 3661 3887 4363 4965
82 923 2350 2515 3423 4929
91 731 996 1958 2102 2120 2263 2380 3149 3747 4135 4221 4300 4813 5184 5185
396 3048 3196 3415 4459 4538 4577 5225
64 443 855 1376 3082 3979 4241 4259 5052
880 1235 1524 1644 2154 2409 2834 3944 4013 4086 4182
951 992 1466 2051 2113 2855 3001 3010 4177
426 438 584 894 1036 1168 1253 1341 1388 1840 2119 2337 2447 2642 3054 3089 3417 3503 3840 4323 4352 4573
58 467 539 888 1129 1597 1999 3335 4752 4828
67 863 2170 3116 3365 3760 4594 4984
751 2491 3654 4150
139 2545 3174 4485 4540
194 723 1325 1537 1772 1868 3952 4058 4458 4834 5230
381 971 1463 1525 1576 1591 1596 2251 3038 3314 4266 4306 4741 4768
8 40 741 1754 2531 2597 2622 2914 3451 3891 4083 4861 5256 5257
98 787 1764 2632 4091 4522 4934
130 298 1048 1457 3436 4183 4263
395 462 1120 2858 4052
22 736 882 1107 1573 2094 2665 2980 4100 4113 4146 4230 5120 5121
444 1197 2274 2683 2838 2972 3114 3125 3872
378 417 830 2000 2298 2364 2377 4080 4211 4823
76 314 1685 1929 2470 2543 3827 4624
682 775 1541 1871 1949 2358 2668 4039 4516
94 318 857 1355 3591 4258 4694
393 531 2135 5122
402 875 1500 1509 1853 2716 3355 3931 4455 4550 4859 4870
88 2016 2889 3751 4186 4784
288 303 425 624 841 1910 2183 2264 3831 4496
375 737 1162 1800 1812 2710 2993 3463 3828 4620 4923
411 558 938 1102 1151 1242 1484 1540 1702 1794 1802 2061 2490 2888 3401 3523 3924 3927 4580 4962
384 590 789 911 979 1287 1559 1843 1945 2086 2095 2206 2724 2744 2863 2891 3665 4260 5212 5213
43 309 889 1099 3195 3339 3781 3795 4559
52 368 1467 1875 2246 2811 3783 4652 5163 5258
258 1377 2917
267 1465 1855 1918 2718 2874 4431 4795 4800 4908 5186
339 1003 1781 2524 2627 3668 3708 4157 4245 4314
290 366 815 1138 2429 4382
240 765 1371 1680 2217 2504
321 1461 1973 2011 2913 2933 2954 3253 3754 3950 4611
61 749 1222 1256 1729 1867 1897 1972 1998 2226 3787 3977 4653 4714 5058 5059
306 649 707 2352 4023
180 519 688 1735 2695 4251
1 3025 3866 5149
342 523 577 904 1655 1883 2418 2649 4632
47 207 274 2126 3779 4208 4998
216 639 779 847 1097 1441 1487 1745 2552 2616 2633 3016 3074 3162 3958 4178 4198 4299 4413 4778 4959 5154 5155 5156
2224 2521 2918 3035 3636 4035 4289 4333 4338 4404
324 1560 1574 1938 3171 3532 3539 3631 4889 4914
270 551 1856 2029 2041 2067 2675 3130 3272 3482 5018
279 1952 2028 2108 2939 4680 4855 4865
1930 2334 2962 3527 3651 4053 4689
19 554 588 835 1399 1460 2171 2188 2525 2571 2839 2852 2876 3507 4340 4891 4971
234 843 2097 2267 2512 3217 4403 4648 4711
315 1122 1557 1836 1858 2237 2848 3572 4953
600 1344 2284 2965 3050 3632 3850 4759 4863
174 243 1633 1753 2090 2869 3877 4175 4447 5118
488 674 774 845 2156 2528 3176 3454 3933 5023
147 968 2320 2868 3095 3715 3735
497 1070 1539 3873 4563
1300 2027 2658 2757 3841 4243
255 866 2536 2733 3068 4658
461 1083 1324 2235 4139 4280 4993
129 905 910 1160 1737 2022 2197 2586 2696 2765 3800 3894 4497 4696
479 1562 4094 4268 4502 4932
452 822 1101 1121 1146 1220 1626 1797 2013 3031 3356 3690 3711 4966 5231 5232
138 520 1327 1586 2753 2942 3053 3155 3593 3653 3818 4539 4931 4992 5050 5051
210 334 886 2870 2970 4926
246 326 640 1698 2187 2477 2559 2882 3320 3390 3548 3993 4049 4730 5016 5017 5094 5095 5176 5177
192 1237 1275 1330 1374 1603 1628 2048 2314 4312 4464 5233 5234
201 602 672 778 877 978 1014 1311 1403 1647 1661 1715 2124 2189 2761 2832 2885 3258 3316 3396 3832 3935 4524 4671
517 689 748 816 990 1007 1061 1196 1417 1811 1851 1987 2465 2533 3177 3400 3481 3932 4277 4510 4606 4644
186 742 924 3127 3293 3352 3514 3706 3799 4015 4063 4261 4625 5114 5115
87 524 582 605 2078 2346 2850 3934 3987 4187 4777
943 2239 2376 2763 4386 4437
83 96 1980 2740 2945 3702 4134 4595 4798 4986 5239
168 1044 1125 1391 1556 2178 3187 3192 3586 3746 3813 4262 4302 4347 4490 4930
383 1530 1572 1787 1846 2892 3946
150 761 933 2180 3098 5119
473 559 975 1203 1430 1917 2072 2192 2362 2823 2826 3049 3058 3206 3437 3897
80 132 567 629 825 1397 2603 3625 3796 3911 4037 4089
141 915 1793 1859 3158 4079 5181
446 916 1554 2205 2766 3310 4011 5072
455 492 767 890 1566 2806 3580 3860 4111 4295 4344 4436
401 428 1587 2361 3139 3461 3553 3614 3867 4633 5047
123 187 510 3060 3447 3848 4610
195 500 892 1989 2360 2514 3128 3456 3528 3839 3869 4629 5033 5034
3219 3587 3642 4873 5075 5152
69 211 795
231 643 1091 1127 1302 1345 3150 3184 3214 3410 3957 4864 4909 5014 5015 5172 5173
1119 1408 1842 2387 2800 3338 3368 3906 4159 4219 4755
404 1706 1819 2214 2516 4274 4551 4645
90 1348 3838 4793
219 386 913 1085 1117 1140 1607 2128 3078 3762
3304 3549 4407 4916 4956 5097
341 965 1536 1722 1829 3491 4476 4562 5194
422 745 1832 1879 2624 3179 3243 3245 3472 3473 3791 3895 3929 4145 4152 4184 4197 4529 4905
171 1015 1889 2922 4884
611 733 964 1262 1406 2065 5019
162 819 1285 1291 1346 1553 1758 1919 3167 3180 3980 3996 4840 4910
646 1490 2177 2953 3419
440 808 828 1047 1165 2280 3185 3710 3806 3824 4231 4613
41 364 476 770 2309 3261
1679 2232 3207 3588 3909
1002 1263 1564 1645 1996 2513 2825 3084 3153 3274 3367 4443
108 562 626 693 954 1157 1817 2044 2295 2657 3045 3960 4631
458 760 1118 1428 2115 2374 2655 2950 3560 4004 4279 4310 4764 4893
1358 1475 1476 2694 3991 4149 4643 4732
771 846 1799 1847 1896 2015 3805 4776
9 746 1997 2141 4226 4353 4733
780 813 885 1028 1351 1459 1592 1882 2304 2395 2401 2759 3037 3398 3782 4064 4125 4375 4547 4558 4568 4676 4767 5038 5039 5040 5104 5105 5106
18 1813 3424 3581 3721 4774
48 695 703 1976 2144 2342 2347 3697 3893 4493 4574 4634
21 224 331 1088 1333 2474
344 935 2093 2836 2912 3585
3 327 534 955 2456 3094 3414 3506 4014 4410
317 1785 1860 3407 3569 3822 4373 4389 4390 4470 4571 4842 5145 5146
434 937 942 1199 1649 2196 2333 2388 2529 2620 2663 2849 2929 3387 3696 4315 4565 5174 5175
93 738 1163 1658 2612 3283 3296 4133 4877 4945 5135
102 516 858 969 1565 1760 1852 2301 2330 2488 2916 3013 3854 3941 4181
853 1640 2074 2162 3092 3736 4112 4468 4954 5074 5148 5240 5241
536 1373 2310 3370 4154 4255 4614 5117
115 308 1366 1970 2047 2125 4640
380 879 987 2002 3096 4062
330 416 636 1202 1211 1389 1477 3005 3190 3227 3298 5026 5027
581 614 832 962 1149 1682 1744 1756 2648 3021 3118 3537 3573 4939 5035 5036
39 2225 3505 3808 4070 4409 4488
111 471 589 2687 3773 3956 4051 4056 4252 4469 5086
398 1515 1824 2131 2399 3500 3546 3855 4033 5063
15 1177 1310 1531 1844 1887 2076 3347 3645 5143
329 356 1690 3211 3555
2 585 1164 1984 2148 2428 2936 3717 3725 4229
42 1231 1595 2318 3047
1098 1396 1546 1688 1789 2142 2220 2928 3465 3594 4118 4761
865 1621 2489 2926 3204 3997 4791
24 415 1071 1239 2682 3070 3354 3450 4165
247 347 2371 2555 3129 3534
769 1598 1631 1638 1641 2136 3209 3995 4722 4826
921 1252 1709 2209 2436 2532 3804 4311 4326
302 773 1154 1370 4163 4487 4618
3069 4164 4354 4525
203 850 1590 2215 2441 3133
311 586 1095 2541 2779 2794 2927 4684
293 1983 2003 2042 2498 3140 3348 3764 3786 4092 4467
365 673 887 1205 1759 2271 2277 2394 2819 3201 3883 5087 5088
566 2018 2691 3282 4210
152 993 1453 1620 1627 2291 3874 5083
475 1692 1808 2083 2134 2459 2904 3269 3984 4048 4789 4874 4885 4898 4943 5129 5130
484 2111 4509 4947 5100
170 757 1060 1499 1727 1749 5077
215 450 735 1270 1329 1489 2770 3801 3884 4046 4402
466 948 1284 2577 3904 4202 4349 4473 4526 4637
161 3307 4093 4287 4729 5099
