218 630 941 1170 1913 2786 2854 2872 3325 3479 3628 4331 4687 5182 5183 5444 5445
851 981 1035 1771 2755 2994 3377 3630 3768 3811 3966 4719
433 1031 1510 2434 2669 2736 2769 2983 3189 3990 4278
92 818 947 966 1458 1494 3328 3567 3763 5022 5366 5508 5509
101 332 766 1320 1464 1732 1965 2089 3340 4585
200 1440 2098 3159 3595 3772 3943 3967 4250 5280 5361
681 1108 1277 1471 1568 1671 2297 2480 2535 2921 3055 3091 3372 3729 3886 4071 4130 4224 4360 4871
496 506 549 790 963 1017 1073 1334 2425 2574 3309 3739 3759 4017 4172 4195 5044 5045
155 2654 3081 3104 3402 4190 4318 4809 4944 4963 5144
110 729 1152 1215 2373 3172 3364 3728 5007
460 2635 2860 3312 3656 3740 3812 4098 4723
128 1915 2070 2426 2915 3147 4330 4935
868 1025 1728 2427 2473 2496 2707 2861 3234 3460 3793 4212 4394 4472 4494 4517 4978 5141 5142 5334 5335
487 604 675 791 1481 1798 2949 3173 3615 4213 4430 4604 4841 4857
527 598 930 1267 2130 2385 2628 2656 3620 3973 4141 4560 5273 5274
95 1010 1404 2238 2455 3213 3545 3688 3767 4358
445 620 676 859 950 2701 2843 3285 3420 4246 4609 5214 5215
104 1109 1306 1410 1792 1962 2349 2911 3971 4022 4350 4489 4656 4739 4831 5012 5013
391 607 1058 1208 1905 2564 2610 3323 3930 4866 4882 5237 5238 5336
472 505 642 1342 2705 3072 3231 3381 3680 3809 4818
427 2576 2787 2906 3028 4055 4456
463 1904 2087 2140 2315 2679 2750 2966 3200 3531 3663 4361 4569 4883 5203 5204 5379 5380
651 664 776 1053 1392 1555 1863 2340 2941 3522 3561 4151 4754 5243 5244 5486 5487
176 369 1298 3353 3515 5470
77 1881 2467 4623 4879 5375
86 627 698 862 1517 1803 1807 3000 3797 4209 4272 4605
499 1240 1849 3550 4636
706 2299 2416 2783 3445 3536 4115
226 927 946 976 2261 2703 3006 4228 4317 4339 4892 5330 5331
645 1056 1617 1899 1957 2129 2700 2857 3186 3819 4275 4955
32 906 1128 1328 1538 2588 2673 2956 3075 3111 3321 3981 4147 4325 4650 5298 5299
68 2127 2262 2638 3657 3659 3959 5224 5322
454 1001 1721 2110 2678 2827 2831 3165 3504 5479
273 355 1019 1039 1622 2369 2420 2596 2662 3333 3405 3431 3438 3616 3737 4335 4393 4417 4860
53 633 786 812 1527 1740 2390 3985 5211
403 583 1526 1589 2019 2328 2406 2501 3383 3638 4521 4523 4546 4630 4854 4878
606 1393 1414 1925 2422 2523 3292 4061 4085 5207
650 1012 1169 1629 2155 2179 3366 3633 4598 4709 5355 5422 5423
182 349
44 1891 1954 3175 3683 4734 5208
17 579 696 1229 1960 3137 4812 4847 4894
358 1257 1443 1604 3462 3582 3713 4811 4846
430 594 644 730 781 1021 1316 1394 1569 1642 2321 2611 3099 3151 3820 4036 4286 4309 4492 4501 4533 4638 4832 5198 5199
125 253 285 514 949 1314 2847 3380 4045 5147
304 1719 1734 2348 2484 2629 2784 3856 4583 4659 4700 4989 5296 5297
1442 1865 2046 2801 2818 2952 3236 4401 4505 4960 5424
340 526 593 711 1380 2062 2421 2886 3442 3618 3954 4185 4504 5548 5549
286 1217 1502 1618 1966 2104 2492 2519 3106 3825 3976 4194 4486
295 360 2760 2781 3160 3331 5164
116 690 1359 1877 2359 2444 2618 3732 3917 4843 5008
439 617 977 2253 2758 2764 3983 4822 5550
412 1652 1717 1767 2234 2625 2967 3448 4319 4498 4669
1228 1895 1995 2152 2431 2506 2551 2595 2865 2880 3079 3252 4024 4348
71 191 221 538 732 2393 3036 3071 4554 4698 5067
107 657 715 1282 1656 2721 2833 3375 4072 4249 5107 5526 5527
313 953 1523 2990 3313 3649 4166 4901 5260 5348
385 665 740 1141 1145 1731 1951 2666 2903 3290 3306 3471 3667 4586 4592
307 1210 2419 3655 4619 4663 4775 4918 4973 5323
56 1982 2147 2631 2873 2988 3052 3202 3562 4557 4642 5042 5196 5197
262 1718 1815 2257 4129 4937 5264
543 1579 1920 2415 2615 3029 5485
619 1251 2640 2997 3692 4615 5195
801 1193 1478 1503 1778 1870 2437 3329 3371 3982 4534 4646 5005 5006 5350 5351
20 854 1054 2081 2471 2896 3814 4717 5187
502 798 1030 1326 4670 4853
184 597 1426 2460 3113 3530 4005 4174 4384 4897
265 836 934 1159 2169 2443 2853 3146 3393 3477 3605 3778 4161 4850
436 569 721 752 1065 1437 2032 4235 4482 4997 5376 5460 5461
166 1862 2457 2720 3705 4027 4242 4760 4925
511 561 662 1016 2099 2634 3517 3571 4296
14 1233 1269 3392 3589 3776 4239 4690 4782
328 952 3212 4105 5101
16 167 229 482 580 840 1286 1382 1650 2464 3062 3262 3563 3938 4829 4983
202 1775 2293 3163 3412 4007 4946 5262
483 902 1185 1280 1506 1623 1953 2092 2534 2614 3478 3486 3743 4405
641 1005 1042 1246 1429 1654 2039 3117 3136 4474 5344 5345
612 1401 1705 1786 2458 2746 3073 3088 3141 3483 3520 3914 3919 3978 4596 4772 5070 5071
151 1549 1678 2323 5374 5523
250 544 591 1011 1704 2292 5127
55 232 3671 4059 4665
259 3947
708 2547 2809 2893 3247 3882 4238 4477 4924
447 684 743 796 1018 1137 2605 2677 3344 3970
1175 2204 2567 4716 4742 5491
2383 4701 5454
178 637 897 2816 4556 4628 4839 5076 5489
792 2056 2252 2322 4282 4673
967 1619 2681
196 686 900 1100 1292 1659 1674 2064 2159 2382 2604 3295 3363 3519 3727 3999 4087 4664 4827 5289 5290 5510 5511 5512
241 839 867 881 1176 1271 1336 1804 1992 2345 2789 2820 2830 3444 3474 3992 4074 5268 5269
2185 2575 3821 4078 4425 4869 4896 5030 5522
84 181 873 1907 2286 4121 4804 4911 4969
322 477 660 895 999 1801 2554 2785 3752 4988
172 429 661 898 1335 1516 1903 2414 2560 3359 3394 4114 4423 5402 5403
345 387 3430 3905 4727 5446 5513
2025 2203 2311 2466 2920 3198 3617 3714 3775 4387
459 936 1648 1854 3357 3704 3961 4254 4305 4452 5065 5066
127 807 991 1155 1364 1528 1691 2378 3265 4124 4273 4737
208 615 3289 3639 3684 4002 4170
100 709 806 1602 2306 2522 3064 3131 3724 4790
914 1485 1584 2735 3059 3332 4041 5218
91 731 996 1958 2102 2120 2263 2380 3149 3747 4135 4221 4300 4813 5184 5185 5514 5515
396 3048 3196 3415 4459 4538 4577 5225
405 1495 2930 3046 3351 5255
951 992 1466 2051 2113 2855 3001 3010 4177
486 763 1381 1456 2223 3584 3693 4662 5400
784 860 1182 1776 1964 2407 2591 2608 2931 3012 4612 4657
685 1066 1991 3287 3509
3032 3051 3691 5162
58 467 539 888 1129 1597 1999 3335 4752 4828 5363 5440 5441
139 2545 3174 4485 4540 5340 5556
194 723 1325 1537 1772 1868 3952 4058 4458 4834 5230
8 40 741 1754 2531 2597 2622 2914 3451 3891 4083 4861 5256 5257
354 1741 2971 4985
49 1234 1770 2199 2354 3362 4096 4119 4233 5167 5419
98 787 1764 2632 4091 4522 4934 5321 5401
130 298 1048 1457 3436 4183 4263
257 1219 2248 2372 4593 4765
1367 2040 2151 2367 2890 3963 4088 4107
372 557 797 1273 1941 2273 2671 3271 3386 3745 3928 5125 5126
148 1363 1400 1611 1774 2012 2538 3144 3294 3395 3446 4293 4942
395 462 1120 2858 4052
121 1062 1209 1293 2344 2660 3948 4799
22 736 882 1107 1573 2094 2665 2980 4100 4113 4146 4230 5120 5121
189 363 2636 2796 3749 4379
435 2379 3403 4685 4748 5346
31 565 1008 1022 1135 1810 3067 3399 4000 4460
378 417 830 2000 2298 2364 2377 4080 4211 4823 5261
76 314 1685 1929 2470 2543 3827 4624 5367
682 775 1541 1871 1949 2358 2668 4039 4516 5387
94 318 857 1355 3591 4258 4694 5520
691 692 1195 1294 1928 2043 2082 2948 3138 3248 3554 3871 3910 4844 4913
1069 1082 1092 2351 2672 3286 3896 4026 4082 4179 4267 4453 4957 5316 5317 5541 5542
97 1924 2084 2200 3974 5073
7 546 553 1486 1624 2231 2440 3148 4203 4240
348 578 631 1184 1686 1894 1963 2163 2405 2503 2676 2686 2737 2780 3238 3432 3498 3878 3945 4199 4391 5564 5565 5566
393 531 2135 5122
79 570 725 1365 1697 1707 1742 1805 2984 3457 3475 3578 3852 3939 4236 4313 4415 4600 4666 5031 5032
402 875 1500 1509 1853 3931 4455 4550 4859 4870
88 2016 2889 3751 4186 4784 5394
156 1259 1436 1585 2164 4076 4095 5021 5365
288 303 425 624 841 1910 2183 2264 3831 4496
375 737 1162 1800 1812 2710 2993 3463 3828 4620 4923 5404 5405 5546 5547
70 323 666 1037 1189 1192 1313 1664 2088 2507 2549 3022 3191 3255 3391 3921 4138 4399 4531 4603 4974
52 368 1467 1875 2246 2811 3783 4652 5163 5258
249 1187 1521 2158 2812 3223 3525 4169 4294 4507 4508 4542 4720 5219 5220 5538 5539
244 276 1250 1415 1497 1614 1779 1834 2123 2329 3267 4367 4369 4578
267 1465 1855 1918 2718 2874 4431 4795 4800 4908 5186
785 1087 1123 1434 1501 1757 2692 2729 2837 3361 3600 3842 4090 4576 4848 4917 5158 5159 5560 5561
25 2389 2589 3733 4567 4968
339 1003 1781 2524 2627 3668 3708 4157 4245 4314
46 225 532 1223 1448 1613 1637 1795 2727 3341 3640 4162 4307 4561
37 424 995 1575 2026 2053 2227 2584 4188 4862
180 519 688 1735 2695 4251
324 1560 1574 1938 3171 3532 3539 3631 4889 4914
270 551 1856 2029 2041 2067 2675 3130 3272 3482 5018 5506 5507
1930 2334 2962 3527 3651 4053 4689 5516
19 554 588 835 1399 1460 2171 2188 2525 2571 2839 2852 2876 3507 4340 4891 4971
28 2325 4020 4815 5384
234 843 2097 2267 2512 3217 4403 4648 4711
525 994 1888 2375 2562 2647 2878 3120 3169 3565 4366 5543 5544
315 1122 1557 1836 1858 2237 2848 3572 4953
600 1344 2284 2965 3050 3632 3850 4759 4863 5484
174 243 1633 1753 2090 2869 3877 4175 4447 5118 5311
497 1070 1539 3873 4563
183 701 1290 1821 2071 2357 2424 3085 3674 3788 4807
1300 2027 2658 2757 3841 4243
228 720 1049 1084 3166 3232 3409 4031
461 1083 1324 2235 4139 4280 4993
833 945 980 1669 1869 2487 2788 2909 3603 3844 4192 4381 4426 4753 4970 5292 5293
452 822 1101 1121 1146 1220 1626 1797 2013 3031 3356 3690 3711 4966 5231 5232 5327 5477 5478
210 334 886 2870 2970 4926 5443
1601 2150 2212 2365 3379 4537
1081 1148 1249 1301 1385 1543 1791 2160 2550 2982 3066 3110 3257 4028 4397 4442 5024 5025
1206 1571 1580 1660 1981 2268 2363 2558 2864 3259 4205 4332 4435 5245 5246
246 326 640 1698 2187 2477 2559 2882 3320 3390 3548 3993 4049 4730 5016 5017 5177
192 1237 1275 1330 1374 1603 1628 2314 4312 4464 5233 5234
201 602 672 778 877 978 1014 1311 1403 1647 1661 2189 2761 2832 3258 3316 3396 3832 3935 4524 4671 5391 5392 5393
517 689 748 816 990 1007 1061 1196 1417 1811 1851 1987 2465 2533 3177 3400 3481 3932 4277 4510 4606 4644
60 2055 2254 2335 3623 3807 4234 4321 4370
943 2239 2376 2763 4386 4437 5504
168 1044 1125 1391 1556 2178 3187 3192 3586 3746 3813 4302 4347 4490
13 177 453 874 2176 2511
150 761 933 2180 3098 5119
473 559 975 1203 1430 1917 2072 2192 2362 2823 2826 3049 3058 3206 3437 3897
6 419 1432 2010 3784 4101 4679
105 884 1027 1161 1505 1809 2392 2438 2732 3694 4244 4588 5169 5170 5271 5272
401 428 1587 2361 3139 3461 3553 3614 3867 4633 5047
114 852 1407 1447 1839 2449 2599 3685 4590 4820 4904 5358 5359
123 187 510 3060 3447 3848 4610
204 667 876 909 988 1422 1672 1837 2073 2195 3901 4200 4781 5179 5180 5438 5439
3219 3587 3642 4873 5075 5152 5339 5555
45 508 1496 2242 2704 2923 3543 4457 4481 4921 5046
54 989 1307 1520 1594 2091 2216 2356 2752 3023 3142 3510 4117 4527 4661 4762
341 965 1536 1722 1829 3491 4476 4562 5194
422 745 1832 1879 2624 3179 3243 3245 3472 3473 3791 3895 3929 4145 4152 4184 4197 4529 4905
171 1015 1889 2922 4884 5553
513 530 700 893 1026 1181 1990 2191 3998 4122 4899 5061 5062 5407 5408
485 1245 1845 3308 3741 4616 5385
81 1413 2520 2602 3119 4003 4069 4555 4591 4740 4906 5328 5329 5414 5415
611 733 964 1262 1406 2065 5019
359 1977 3020 3726 4900
27 907 1676 2653 2944 3334 3426 3847 3923 4441 4699 4746 4806 5312 5313 5468 5469
440 808 828 1047 1165 2280 3185 3710 3806 3824 4231 4613
36 702 848 1194 1337 1534 2114 2313 2799 3256 3988 4364 4564 5458 5459
1679 2232 3207 3588 3909
1358 1475 1476 2694 3991 4149 4643 4732 5386
780 813 885 1028 1351 1459 1592 1882 2304 2395 2401 2759 3037 3398 3782 4064 4125 4375 4547 4558 4568 4676 4767 5038 5039 5040 5104 5105 5106
18 1813 3424 3581 3721 4774 5265
346 389 457 697 5242
57 678 1000 1581 1689 1693 1820 2483 2661 3019 3228 3297 3302 3408 3511 3936 4206 4398 4824
1303 1420 2050 2122 2168 2241 2453 2600 3322 4288
109 135 272 573 824 1993 2324
353 541 1077 1080 1609 1796 1922 2014 2500 2905 3229 3327 3411 4316 4400 4434 4440 4622 4802 4817
12 764 1332 1639 2585 4227 4792 5168
718 722 1281 2797 3076 4678 5064 5133 5228 5412
635 1961 2303 3428 3709 4907 5102
102 516 858 969 1565 1760 1852 2301 2330 2488 2916 3013 3854 3941 4181 5524 5525
564 623 1818 2581 2601 2938 3627 3846 4999 5000 5001
536 1373 2310 3370 4154 4255 4614 5117 5466
330 416 636 1202 1211 1389 1477 3005 3190 3227 3298 5026 5027
75 1232 1577 2143 2366 2646 3378 4171 4484
581 614 832 962 1149 1682 1744 1756 2648 3021 3118 3537 3573 4939 5035 5036
39 2225 3505 3808 4070 4409 4488
398 1515 1824 2131 2399 3500 3546 3855 4033 5063
750 753 826 918 940 1105 1387 1402 1446 1833 2054 2198 2768 2924 3336 3664 3676 4601 5281 5282
329 356 1690 3211 3555
2 585 1164 1984 2148 2428 2936 3717 3725 4229 5349
42 1231 1595 2318 3047
24 415 1071 1239 2682 3070 3354 3450 4165
338 1278 1450 1884 2146 3345 3792 3968 4388 5192 5455
33 576 716 726 1558 1873 2033 3464 3629
247 347 2371 2555 3129 3534 5338 5416
374 518 1361 1914 1978 2403 3406 3738 3798 4123 4343 4771 4975 5456 5457
51 1116 2486 2871 3421 3986 4016
769 1598 1631 1638 1641 2136 3209 3995 4722 4826
165 320 351 423 671 1386 2240 2265 2282 3250 3551 4677
311 586 1095 2541 2779 2794 2927 4684 5545
365 673 887 1205 1759 2271 2277 2394 2819 3201 3883 5087 5088
566 2018 2691 3282 4210
152 993 1453 1620 1627 2291 3874 5083 5263 5493
475 1692 1808 2083 2134 2459 2904 3269 3984 4048 4789 4885 4898 5129 5130
143 528 1076 1178 1360 1969 2243 2557 3090 4276 4674 4881 5137 5138 5481 5482
85 287 680 1230 2946 3388 5318 5471
242 814 1670 1909 2208 3199 3468 3876 4867
504 1911 2100 2544 2685 3324 5488
206 683 1180 1743 1783 1878 2461 2810 3237 3260 3264
296 1183 1665 5003
278 603 804 1321 1454 1491 2207 3121 3413 3610 4216 4334 4336 4406 5054 5055
0 465 960 3662 4503 4721 5270 5425
