146 837 2071 2077 2085 2410 3718
101 766 2089 2387 2800 2926 3340 3997
200 672 702 978 1311 1440 1661 2761 2799 2885 3258 3316 3943 4671
542 1504 2626 3434 4858
469 895 999 1582 2785 4065
376 799 831 2422 4298 4422 4483 4515
119 1451 2841 2856 3301 3834 4043
216 779 1097 1441 1487 2552 2633 3016 3074 3162 3507 3958 4413 4584 4778 4959
406 868 1025 1728 2427 2473 2861 3146 3234 3460 4472 4494
1052 1354 1362 4766
236 470 878 1050 1200 1329 1452 1468 2230 2883 2977 3467 3499 4589
436 490 569 598 2385 2656 2741
445 620 859 950 2261 2843 3285 3420 4023 4609
984 1547 2121
463 1783 1904 2315 2679 2966 3531 3663 4361 4569
122 1094 1725
194 723 1325 1537 1772 1868 4201
77 1819 2467 4879
400 717 1020 1474 1588 1616 2526 3384 3843 4514 4726
59 1552 2110 2842 3673 3700
251 373 668 910 1617 2303 2857 2960
68 2127 3657 3959 4748
382 1226 1294 1629 2155 3476 3554 3720 3972 4392 4532 4598 4751
212 481 1750 4038 4675
1733 2795 2866 4097
53 633 812 1527 1740 2390 3985
367 1057 1444 3126 3698 4987
555 583 776 1526 1589 2019 2317 2328 2439 2501 2895 3383 3439 3859 4104 4439 4506 4521 4544 4854 4878
35 663 932 1630 2645 3556 3672 4579
8 741 1169 2622 3633
44 128 1891 1915 1954 2070 4111 4330 4344 4436
33 358 1257 1443 1604 2033 3462 3713 3748 4811 4846
430 594 644 730 781 1021 1206 1252 1316 1394 2321 3151 4309 4326
26 1986 2412
125 949 2847 3815 4045
1442 2046 2698 2801 2818
340 1380 2062 2788 2886 3433 3442 3618 3954 4185 4283
80 1187 1521 1667 2158 2812 3525 4067 4169 4294 4377 4507 4542
1082 1092 1618 2104 2519 2672 3286 3810 3896 3976 4026 4179 4453 4957
295 360 2760 2781
117 448 856 1055 3566 3861
601 621 1241 1466 1867 2109 2762 2881 2899 3009 3181 3188 4411 4647
116 690 2444 2618 4843 4897
617 977 2253 2758 2764 3983 4822
412 1652 1767 2625 2967 3448 4669
98 1764 2152 2506 2551 2594 2632 2880 3876 4091
313 519 953 1472 1523 2990 3649 4166 4901
322 1349 1942 2814 4449 4808
307 1210 3655 4715 4775 4918
1243 2792 2955 3194 3281 4040
66 659 777 1225 2069 2094 2497 2743 3077 3240 4446
262 1718 2257 4129
298 1579 2615 3029 3690
29 710 1143 1921 1974 2478 2517 4341
213 379 1274 2008 4655
352 437
1251 2997 4208
244 1250 1503 1778 1779 2437 3329 3371 3982 4336
226 545 927 1936 2143 2145 2976 4317 4892
521 891 1112 1314 2910 4424
20 897 1054 2081 2299 2471 4717
798 1030 4670 4853
2 803 944 1483 1734 2001 2201 2263 2380 2630 2722 3315 3449 3725 4747 4989
235 2413 3343
65 1013 1126 1260 1462 1632 2045 2117 3490 3596 3908 4725 4890
280 1046 1412 1599 2454 2520 2680 3385 3529 4710 4752 4756
5 846 1350 1563 1568 1703 2296 2469 2978 2994 3182 3221 3275 3317 3326 3729 4071 4902
319 982 1816 2875 3102 4074 4342 4872
193 618 2859 3134 3689 4735
265 836 934 1091 1159 2664 3026 3477 3957 4909
301 509 899 903 961 1172 1299 1416 1723 2157 2566 4362 4731
480 2279 2716 3355 4952
337 1535 4303
292 752 1065 1439 3027 4235 4997
388 498 917 2887 4137
166 2457 4380
14 1062 1089 1269 2344 3392 4239 4690 4782
1003 1303 2050 2168 2241 4288
202 1775 2293 3412 4946
238 915 1186 2934 3624 3951
277 1078 2569
151 1678 2323 4900
232 4059 4665
124 638 2542
447 684 743 796 1137 2605 2677 3031 4742
106 943 1470 1651 2239 2738 3254 4386 4437 4582
1681 2204 2415 2567 3870 4716
178 637 3264 4628 4839
687 1177 1323 1423 1864 2101 3156 4420
960 2056 4282
187 1619 2681
686 1100 1292 1659 1832 1879 3295 4087 4145
241 867 881 1271 1336 1804 1992 2789 2820 2830 3444 3474
962 1149 1279 1352 1420 1747 2336 2453 2600 3322
176 369 2185 3353 4078 4425 4869
181 623 873 2683 2938 3627 4121 4173 4804 4911
459 1648 1854 2456 3357 3704 3961 4410
664 1053 1392 1555 1863 2308 2340 2941 4345
1933 4202 4821
127 807 991 1155 1364 1528 1691 2378
175 829 1113 1912 2213 2561 2735 2805 3059 3455 3495 3616 3765 3770 3849 3858 4128
286 414 512 1217 1502 1885 1966 2492 3106 3122 3557 3825 4194 4269
709 806 1602 1941 2306 2522 3064 3745 4790
671 914 2240 2265
923 2350 3423 4929
91 731 996 1768 3747 4135 4221
190 920 1479 1955 3879 4193
820 2495 2900 3197 4094 4301 4502 4814 4932
73 872 992
160 338 486 1381 1456 1884 3345 3693 3968 4388 4519
154 784 860 936 985 1492 1593 1724 1776 1964 2407 2591 2608 2931 3012 4612 4657 4844
685 1066 1991 3287 3509
399 2153 3039 3691
408 1605 2172 2932 3487 3750 3865 4116 4479 4982
751 2491 4258
139 2545 3174 3584 4485 4540 4662
381 1463 1525 2049 2151 2649 3038 3314
354 1741 2971 4985
471 4051 4056
372 557 797 995 1575 2026 3271 3386
189 363 1590 2215 3749 4379 4421
103 134 1751 2697
112 647 930 1255 1289 1357 2494 2689 4072
682 775 1871 1949 2358 2636 3195 3802 4039
7 546 553 1486 2440 4203
348 403 578 631 724 1184 1686 1894 1944 1962 2163 2405 2406 2432 2503 2676 2686 3044 3112 3638 4256 4546 4630
88 2016 4223
288 303 774 841 2183 3176 3821 4896
411 558 1151 1242 1540 1702 1794 1802 2061 2490 4962
70 323 666 1189 1192 1313 1664 2088 2549 3191 3453 3921 4113 4138 4549 4603 4974
43 309 889 1099 2126 3339 3779 3781 3795 4434
52 2246 2811 3783
180 249 4508
25 2181 2389 2589 3733 4054 4968
339 973 1781 2524 2627 3668 4245 4382 4758
366 616 815 2122 4191 4322 4749
838 1134 1378 2139 2386 2731
749 1222 1256 1897 1972 1998 2226 3035 4653 4714
10 864 2270 3675
1171 1223 1613 1795 3075 3640 4248 4561
306 707 1577 1821 2352 4171
688 1735 2695 3755
47 207 274 4998
1417 1446 1811 2054 3932
264 425 624 1910 4035 4289
198 1247 1615 3533 3540 4511 4702 4835
270 551 2029 2675 3130 3482
252 258 2917 4976
554 588 835 1399 1460 1712 2171 2188 2485 2525 2571 2839 2852 3683 4178 4734 4971
28 2325 4815
843 2267 2512 3217 4711
1431 3575
315 1122 1197 1557 2848 3572 4953
282 284 600 2284 3050 3452 3579 3850 4863
174 1633 4175
674 2156 2528 3454
92 147 947 968 2868 3715 3735
183 701 1290 2357 3085 3788
156 1585 2658 3841 3941 4243
833 980 1235 1644 1669 1869 2154 2909 2937 3844 4192 4753 4785
129 543 1160 1737 1920 2586 2696 3418 3800 4183 4497 4696
479 1510 3798 3990 4268
275 334 2870 2970 3521 4926
219 386 1601 1607 1726 2128 2300 2430 4537
1081 1148 1249 1385 1757 1791 2160 2326 2982 3066 3110 3257 3699 4028 4397 4442 4848
165 320 714 2268 2363 3250 3551 3804 4435 4677 4736
237 596 1104 1150 1212 1480 1636 2272 2338 3246
246 326 1698 2187 2559 3548
192 1237 1275 1330 1374 1603 1628 1943 2314 2468 2726 3936
689 826 940 1061 1196 2465 2924 3481 4277 4510 4606 4644
60 563 2055 2335 3623 4234 4321 4340 4370
186 742 924 2723 3127 3293 3352 3706 3799 4063 4261 4625
575 1696 2035 2288 2822 3278 3397 3645 4454 4520
580 1069 1286 4082
168 1125 1391 2178 3183 3187 3192 3586 4060 4930
13 177 453 874 2176
473 657 755 975 1203 1917 2072 2844 3291 4143
159 1507 3342 3538 3701 4285
132 567 629 1397 2603 3625
123 510 3060 3447 3515 3848 4610
195 693 892 1817 2514 3045 3839
78 120 648 1777 2550 2745 3526 3541 4057
491 861 2450 2690 3224 3648 4021
231 643 1302 1345 3150 3214
332 1119 1320 1464 1732 1842 3368 4159 4219 4585 4755
431 522 655 768 827 896 1369 1542 1663 1790 2138 2482 2754 2901 2919 3002 3456 3528 3756 3826 3920 4418
90 1348 1848 2118
99 2435 2947
511 913 1117 1140 2099 2443 2853 3078 3393 3778 4161 4850
45 1496 2041 2242 2923 3272 3543 4457 4921
395 1120 3549 4407 4916 4956
341 1722 1829 2631 3491 4562
171 1015 1889 4884
377 1191 1221 1265 4552
494 706 1509 1853 2020 2137 2416
153 227 2778 3907 4180
126 1368 2793 3416 3863 4158 4215 4528
27 907 909 1676 3426
440 808 828 1261 1473 2243 3090 3185 3824 4081 4176 4368 4481
770 957 1115 1923 2174 4374 4631
449 2232 3588 3909
9 104 1997 2141 4489
18 3424 3721
346 389 457 697 2113 2855 3001
48 695 703 1674 1976 2144 2342 2347 3660
362 783 1139 1529 2404 2925 3833
21 224 331 1333 1865 2474 2952 3095 4590
57 678 1000 1581 1689 1820 2483 2661 3086 3297 3302 3511 3835 4824 4927
263 268 712 1490 2266 3435
317 967 1640 1860 3569 4312 4390 4571 4842
84 2129 3404 3428 4275
434 605 942 2211 2333 2529 2849 2929 3387 3987 4565
665 738 1141 1163 1481 2666 2949 3306 3389 3471 3494 3667 4133 4841 4945
299 564 1818 4020 4999
380 879 987 3096
679 1044 1232 1556 2316 2366 2540 3337 4938
572 1305 1985 2476 2790 3592 3803 4019
142 871 1042 1419 1643 1654 1902 2951 3117 3637
537 708 958 1216 2332 2509 2553 3003 3247 4477
51 1098 1116 1546 1653 1789 1810 2142 2220 2486 2617 2871 3421 3465 4012 4016
257 1219 1621 2248 3204 4791
24 415 884 1071 1239 1413 2392 2682 3354 3571 4165
938 1278 1450 3523 4580
374 518 1361 1914 1978 2136 2403 2706 3406 4123 4343 4771
6 419 1300 2757 3986 4000
248 921 1709 1825 2609
3 302 955 3414 3506 4014 4233
261 329 356 3069
769 1326 4722
1344 1646 1899 1907 1957 2286 2965 4955
586 1095 1824 1895 2131 2547 2779 2794 2878 3500 3546 4684
239 802 1266 1273 3817 4103
493 2365 2884
179 1934 2079 2249 2898 3216
269 1720 3382 4160 4297 4329
475 971 1576 1591 1692 1808 2083 2904 3269 4124 4768 4789 4874 4898
757 2425 3759
653 1270 2770 3658 3884 4402
466 1259 1358 1436 4136 4473 4526
287 2946
242 278 801 814 1036 1193 1670 1909 2431 3413 3610
925 1075 1218 1959 1979 1994 2022 2451 2765 3753 3894 4032 4356
197 2057 2116 2711 2829 3034 4030 4351 4587
1088 1911 2100
206 667 911 1878 2744 2943 3237
233 1948 2294
296 1183 1665
1080 1940 2014 2259 2500 2905
155 460 1170 1913 2635 2654 2786 2854 3081 3104 3123 3312 3402 3656 3812 4190 4723 4944
413 793 928 972 1040 1263 1520 1782 1947 2331 2391 2513 2570 2991 3084 3274 4117 4443 4762
