167906 288975 421279 442612 451312
231953 523128 518997
14960 353462 473895 232272 329263
522928 447268
179001
118948 209822 455700 482725 191846
302489 363427 363428
12147 73388 269070 439998
82995 156987 280502 236045
42888 217362 58675
4092 104191 341575 389644 413419
301834 353399 497007
58633 340186
219649 233695 337976 337981 444709 499056
99505 126694 133115 264885 522555
75000 156489 207684 278335 321867 388736
58989 219743 219746 219748 219755 398509 529963 543367
169543 219957 284749 346229 461219
76799 228369 228371 406903 526356
11799 11804 147132 449388 452567 533929
45157 304504
135652 152314 172487 220229 249463 340532 389009
138475 149247 149250
7916 86421 88597 126382 153577 188170 200838 214804 226320 251763 264382 266291 288764 370403 430441 476094 476822 535698 425892
65390 180936 214026 319423 367843 295115
25705 176603 288881 343798 402905 464872 231588
413095 413096 463313 463934 161006
66912 261575 219322
20182 20183 20185 20186 2770
261804 334721 358944 469808
136220 136222 267333 543483 406400 438775 540298 175072 177231 306263 402571 283378 127683
116154 291163 521598 531640
449093
10861 500504
23338 53654 74163 424802 450237 535531
68127 70872 224925 350881
28346 382295 493122
221215 230413 246114 270592 344634
54 135014 159866 178505 202793 242523 334058 370632 394570 442252 522777
68164 90017 164035 209103 221076 234757 344437 386267 395500
26093 291832 383968
10980 68852 384492 520171 262022
10481 274969 331646 437618 514322
41233 46638 93866 149190 154979
17348 47156 63867 303329 312849 351508 353748 361150
59586 60022 100707 119487 128025 143005 166165 166170 166173 167893 191264 191279 244171 307846 424622 424626 505371 505374 533174 68775 188036 269006 501967 505359 534471 256475
52177 342582 343803 357139 397652
39024 340358 346686 348122 382265 406622 461663
57001 121673 165419 387878 433912 458054 534457 234939
138094 164230 290174
88567 208899 317988 510762
231176 357878 372935
4891 154368 240949 346810 391006 434525 482090 540862
74497 243985 456156 494652 509251 535871 506413
42761 58894 102756 108405 172687 173342 329503 387236 426707 455994
21397 147833 193216 202424 285022 416667 421706 533455
144045 156667 194080 365781 367283 386697 445264 173236
100897 268935 276495 341825 448472 448478 448479
100394 173813 186430 396870 536290 428880
189330 199812 220034 382482 526388 186907
30623 76457 104494 136452 173156 308223 407878 431590 535009 410225
13507 52414 73606 77307 101960 114258 136805 162278 182520 326114 350260 362817 363913 365166 392538 411500 445249 472275
130722 203259 234035 341428 452316 463827 488085
190422 542889 542891 542893 543618 543619 543620 246920 257956
93424 473657 467308
55243 78826 103520 188784 274519 286707 293921 405928 440458 64882 293946
12742 242504 352232 372442 425543 428381 470671 485488 54178
64751 214829 250005 253000 308617 331600 392902
42284 52236 140949 165131 197609 353245 400218 500904
3069 81664 203243 333710 468467 492665 540757
14254 17479 19463 40144 64777 73725 217657 363008 487180 233388
157587 286107 479118
54237 139208 161829 215794 253322 269821 291619 387913 446679 507731 507736 507737 507750
113905 188421 205459 210414 258181 338280 339151 411938 432420 456517 499824 528406
5582 193375 213676 329508 339289 350684 374744 495203
35284 59771 109204 124094 149985 153287 222178 308746 329470 504430 408058
63076 67221 182616 249104 274294 354326 438866 463165 465766 484041
20676 60967 70797 114872 222386 228567 269750 350356 388751 509194
46750 134247 171553 223767 258658 306262 442607 458567 518137
248483 324474
15708 44578 60897 85733 110288 114293 114561 182337 184866 346617 372891 508820
230959 282607 363928 493355
62212 283926 311238 335193 480585 521499
21584 43288 113369 293968 318953 341763 343017 368792 392187 464182 524986
20761 37316 47014 76302 123563 234014 337603 463377 494258 512373 532301 348574 154417
2625 5338 6971 10997 14567 15554 27137 29201 38476 40318 47559 48359 52895 60779 63483 71292 73966 79227 85570 92920 98354 99335 105394 121262 123533 126713 129562 130619 147977 150430 153173 157915 162584 168608 173221 180642 184010 184707 188991 191745 217000 220148 245970 246810 248193 248492 254441 271345 272733 281663 315743 316031 319052 324898 327740 332123 351358 362223 371893 376352 377393 385756 392256 394033 395771 405648 412972 419830 423124 425261 433665 439553 444736 454538 467711 471591 476031 491586 492176 492399 493039 493381 497880 497950 504364 505559 522223 526588 531007 533484 533970 535723 433145 434007 21532 147760 186253 244947 258433 293867 355265 534192 344237 19877 42921 45769 525304 537524
11462 163294 209787 318299 319527 385265 416994 421463 430736 514230
40257 149459 302298 323354 391957 468596 532365 87944
26661 50066 86257 264346 375204 398286 494807 527642
94879 105993 201582 223642 239954 272973 355461 377006 395464 406110 536260
78535 165352 546303 547111 547342 547343
19614 215706 267299 483438
19622 30849 34477 140014 224056 367439 419643 463507 6854
61337 129710 154384 253676 261266 285631 370763 402042 519227
80308 112477 121302 139178 189107 190820 418406 129804 164015
7933 15292 16714 20070 73991 77749 102398 127074 165039 190124 196165 205831 257703 341768 366000 382206 433499 472771 481690 516440 251441
44426 47494 75576 204016 248069 279223 310859 433392 532459 536535
4005 97674 282981 319136 371558 391665 463620 474167 493578 496977 527275
334107 378674
2223 68284 114393 139407 244679 289508 328671 424392 479184 497568 527734 530164
68757 74320 104500 160383 316504 331116 340590 364773 388560 509547 513310
25301 174471 344202 344204 440423 440425
85960 100001 185031 334881
225413 250186 301853 404231 488254 60469 408235
90577 126741 153081 348218 359435 372359 471941
42868 167695 206343 273513 284791 298005 434044 453405 454097 488842 501075 501384 538160
134939 348821 415746 439139 457766
11773 48550 73233 133069 213093 238783 253868 281946 332097 368011 391925 501400 505764 519200 525564 273712
60937 101631 103133 153491 181126 284423 287808 303562 326990 334991 346114 462464 493507 538396
340825 77973 104619 138098 157451 200073 215235 272992 341906 396912 451406 475476 520641 540456 165935 47768 374113 224059
155539 267320 342293 462683 477039 491661 542743
40389 44825 49681 118929 127273 197822 220482 326525 401298 465054 489348 513780 522984 502143 123091 99573
38076 362908 388892 450893
6290 16051 20998 91627 186585 223416 277700 302104 342521 384625 417199 471109 495975 524273
24373 179036 200385 321887 331333 362479 402718 509637 527614 535503 61894 261360 501882
252628 463961 485383
203826 365198 503396 517526 517527 365196 516830 23490
46977 118922
89139 105230 129923 145106 200053 213860 266813 299825 300708 340706 461995 475011 521116 534520 539128
49230 360803 420228
22967 63725 260630 290530 331860 426567 454171 470571 491828 531263
175657 467601 530943
48448 112055 143671 161659 171979 277912 302342 302350 319569 351716 418605 503245 519124 346970 193333 269571 343601
16750 37384 60074 504753 530151
52832 78161 94146 99690 146709 159374 187702 234734 296855 297650 301723 304234 318902 333628 334780 352715 376728 400669 441673 449166 473141 498010 513131
46382 130396 132836 162294 202288 242229 256928 396952 423180 433045 436957 480264 505209 529090
198707 244909 299522 310196 318042 454182
237977 435552 481973
94800 302845
26015 238365 286350 343737 344307 348522 441053 535666
23051 122983 362571 458331
7651 34204 35242 62164 112685 179116 179914 235463 235864 238654 361420 388591 395097 404319 502010
192722 365437 312007
42080 48627 66647 155864 165125 177942 205662 225318 226635 328494 359726 364489 428164 428900 442766 473812 536067
241612 507575
34594 82034 95834 246655 254624 305721 306515 309474 313113 381894 388342 397777 399259 406858 412129 423031 434737 482990 374164 209646
42714 100259 198172 216202 230862 242628 345528 356182 359466 399876 511516 515102 531753
176 131232 201855 321841 347858 533157 132725
67554 67555 130970 162263 171940 199941 204174 204177 215668 540481 542439 542860 542948 543633 543634
18946 21193 74639 133887 151531 241574 297110 382408 426827 428152 445944 450706 505600 451372 345863
67412 87694 116840 199841 213022 235471 255529 261886 327390 338053 377548 522428 530854 540364
43606 50157 103921 134935 368947 447988 452260 517606 225654
36205 52427 62450 83103 91182 128125 157901 211039 233672 240238 258449 281286 309044 385739 402937
30515 109310 177056 315518 338994 364271 393490 417413 441237 460624 161270
41073 112127 154604 155103 257317 260946 424559 424569 468139 477281 539078 540627
10596 10598 10599 10609 10613 10627 59821 118088
10641 53936 78875 118863 182663 271001 353275 398993
4804 26284 49697 66802 84512 91726 123900 170107 266583 320914 354669 376458 417848 424287 486252 503239 518091 526735 532709 50459 416072
43572 154506 157140 238989 265976 283468 303403
56685 165139 309941 484369
405631 322302
19994 43938 57643 68489 82549 114756 149140 177851 206831 231528 300044 391504 493495 498882
38942 74213 99188 108584 167797 215664 234546 242551 266425 267735 287319 289921 337561 538964
1994 61102 73660 87268 107992 147842 169284 176914 186228 219888 246575 285201 296948 335091 389945 396216 432716 504371 520958 521909 537167 366131
276753 402482 455263 475285 477697 482546 56979
15661 42039 100918 136589 138913 269429 280767 287249 295524 329653 338217 349247 392498 393554 434865 438083 443522 502147 531783
4998 6165 29915 49151 83619 116597 173377 211010 268035 336727 338919 350246 371949 421174 426850 475281 503036 528451
19006 20353 36212 130580 147273 164738 184854 266542 267803 309698 357847 375611 414330 446541 462268 463325 465393 495135 517602 544044 544964
25094 30012 80153 117848 163200 184191 188313 205669 243289 255399 284366 298966 309970 315063 315407 345802 369899 441533 455520 526608 540443 13248 29563 33799 76557 92212 97018 115144 121638 129020 136963 144348 147835 150371 152841 175604 178031 194436 200642 243240 245523 247886 248030 250378 261348 267773 268353 272525 276604 284228 299402 300621 309672 313665 322472 333602 342279 378221 390333 405609 413512 419566 425548 426084 430159 434010 438643 449361 449928 458156 478024 498764 502904 506046 524866 528695 537720 21823 48542 49299 65581 84226 90055 90392 98418 115024 126184 161640 164490 200667 207311 211522 231590 232381 236502 252958 301724 318922 331673 342983 348796 365395 367123 372909 379854 399173 400256 414771 420643 421322 433362 436671 438641 444456 445274 457506 468534 481513 491430 494020 501204 514884 519197 531201 536302 3670 316153 534435
2246 40924 68704 74720 147766 199476 243994 260488 268943 338095 349653 408445 462002 464495 488231 517892 22826 126841 263014 287458
22753 47498 84217 136208 179179 214023 255722 262922 359500 378414 408658 512234 100084 530227 185150
33771 271638 523952
144403 491995
247514 290865 319325 404306 531490
25950 87423 128646 357272
12517 65503 139490 229173 418046 512945
180712 288126 304564 331974 356196 364176 380137 56946 133099
42687 161938 201570 201574 215112 216724 252984 277248 51882 143104 257863 260603 463234 81166
75600 101909 109197 128781 153991 235216 261771 278740 299942 300327 312433 329881 348662 487512 494261 531782 535205 535798 545002 56536 523664 226654 297896 525313
348108 372238 396166 415253 443821 492595 160798 233468 257621 281988 353931 522415
10734 60559 68871 86908 93789 109891 110039 257779 259228 324314 324599 350514 377757 391981 411757 443042 487194
6633 11593 27451 49271 102198 103808 124244 175208 222832 247631 247703 265673 346493 372073 401800 404226 444299 479041 482092 493075 504729 523382 404701 420400 27841
315631
41256 361696 361698
1585 148532 159036 300116 300117 300120 310216 335158 335159 335171 341594 351682 425066 425067 429655 488537 513170 532991
17999 60502 82648 139614 186839 273870 288281 331220 331221 331222 476590 543502
132457 191796 195043 200224 204353 204354 282391 300953 401574 415565 416429 446733 504361 538078 144502 200365 213201
262790 353463 428005 496686 266274 422490
79772 158573 174206 285723 366456 401351 401355 401357 401386 456694 483898 487550 548526
12746 122537 303521 303549 320702
8481 21046 77024 91252 95685 103400 216381 242686 246761 274946 281478 292120 423896 441658 450625 474757 480790 481279 498400 500282 506249 528442 284295 201586 344474
6936 24169 104066 218474 246022 265339 344497 437263 466104 523617 526436 399968
292085 368988 368990 369000 369002 476488 542678
107991 264452 313628 334579 361837 409409
81071 81128 118113 189653 189654 292331 480841
91773 237173 346293 462501
54269 129913 252501 503168 504163 512878
131442 233222 441855
26594 43658 91655 119305 130923 133904 138501 217696 219264 220277 238708 248185 279761 280410 283793 299828 313661 317384 350642 363273 373276 396297 414043 416134 423615 458612 463809 527812 57636 200956
68969 169028 218076 298135 429236 431350 482589 434288
216056 303541 366556 398182 420499
19043 59514 73765 143573 169293 192709 205568 229736 237027 255918 280211 359417 383743 390104 418481 450023 468033 490635
49061 360239
335314 366593 436141 522668
391269 526636
78497 84342 127711 207962 259116 277892 282665 327251 328525 352696 451489 2641 391377
14372 51145 53416 57683 91784 110102 133777 176731 224731 236879 249279 298612 314700 315898 316167 434104 461258 463515 477993 498667 511619 524663 102978 42283
5829 13732 48968 98588 118943 143608 145927 168570 174928 187370 193654 255303 255775 327145 334757 366418 377884 410943 419483 444875 498286 507155 539820 541959 410887 463844 150522
129718 172754 295873 506571
55674 109648 120923 120977 132830 137880 140689 143495 157659 173171 176204 181154 201249 202731 211279 283022 411093 419011 423566 453635 471834 485258 501192 3123 273113
41377 53293 70108 80392 135867 153075 155151 161949 181064 185580 214046 225457 311490 342317 347739 380326 392651 426115 432920 462465 544323
367144 410601 429007 448166
4365 59908 109351 124819 148039 157047 211726 213292 231545 289611 317169 324952 335295 349450 356399 409903 410732 448053 474908 493950 516340
129187 195341 214813 432745 19002 319626 106810
35651 60708 70392 107783 517993
15076 127991 128608 159862 160253 175090 180506 226152 250941 258812 275230 309623 309717 313922 335413 337884 345744 359616 383515 401020 414140 429766 457840
293336 413584
3085 22627 30644 64313 131647 250399 265247 276688 279372 282923 320460 324311 331025 334199 344070 348709 352910 368196 379064 394466 438736 443412 462049 463968 470625 512927
92465 145537 146955 161336 176985 230462 284155 284970 295130 321070 341967 345173 396551 401686 422027 430353 459353 467394 484357 529577 60683 121926
38006 62586 111985 153965 186509 275408 419797 524665 3236 62953 95142 146326 150611 197043 222379 305536 396806 436427 457678 464744 474918 505305
216758 301613 457714 492112
32892 78488 81957 94166 143368 187952 215497 256479 273064 279547 331930 345142 389343 391388 393538 421881 446997 470866 470946 495786 502084 505755
181730 409204 409202
38970 152778 462944 477570 533323
148918 287142 503858
6304 127782 431507 431508
3210 51116 69404 70500 120294 149495 151410 167246 187198 189904 192313 217748 239249 252800 254100 266891 283003 289126 300968 303345 310366 339968 340855 376771 383250 408158 416793 451947 453446 455248 455869 491365 542493
5453 78987 96792 132284 242538 501529
20839 81900 97607 123315 156093 182454 194704 233263 258046 290926 328302 347983 369001 389655 495549 506623 518711 521336 189841 504901 14311
117539 309574 341777 372557
76857 192190 224555 418493 282602
15270 66281 130135 144241 158407 171071 242712 362431 370106 373682 420969 447474 518949 519172 307057
95586 95587 123842 123844 123845 139010 197816 197817 197821 312064
87699 112327 229193 318193 348642 398148 521054 531309 87698
152001 197818 197814 207963
24221 31001 31598 71445 75184 84961 85979 128871 186391 213239 214485 231148 240723 259495 270262 283892 287345 305604 317951 320777 328691 344078 348225 351766 373549 385201 385257 420599 456448 467717 480390 492179 519355 523265 530309 534859
33775 34344 55884 68039 93187 98625 109736 111770 134429 145091 150045 176450 181537 185741 192523 208913 227118 228947 233940 239847 261341 271300 274085 300749 319133 333494 350452 377920 401870 403157 425786 430938 449042 466662 469062 477450 487125 174998 385730 18426
126397 268312 336038 376244 461964
33373 102751 226599 365061 280497
40443 85270 107054 144416 146481 155513 164014 180755 185174 194103 235411 236017 281125 289496 304639 334170 336162 346319 352500 392857 452292 459124 483247 493148 522191
159503 246476 248173 394804 12898 44502 358002 358004 358006 174631 272669
440525 468511
310063 360181 394975 223682
76908 97659 146773 170304 172383 224705 249269 262393 276506 544141 544719 544726 544727 544729 544730 544731 544732 544734 545209 545210 545730 545972 546017 546322 547009 547392 547393 547394 547411 547574 547600 547836 548188 548418 548445 544728 546255 222158 546016
80447 500105 520891
535228
55712 55719 108373 186838 325058 346881 470876 470886
79489 87493 178228 178231 345470 461202 490051 490063 536783 341051
83556 225562 288778 376757 448444 452315 520327
236462 318313 392318
12860 259691 273419 445499
51601 51603 51607 51609 51611 51613 51617 64252 89061 121756 176391 196124 210259 322613 322660 333585 372836 393071 394297 410156 426139 518347 51615 251189 51614 51621
3375 19319 40008 98725 105719 161231 185464 186328 208349 218069 348448 349314 373450 419909 468369 475012
183955 238496
153688 189151 199179 231860 231862 231865 238339 256663 260324 288738 347684 368721 398297 405970 407932 506485
198684 386738 392437 470404 304846
3120 9869 14992 101939 149432 150038 189398 203600 226912 236382 246768 276086 276847 300171 341761 362551 377304 436450 447700 460256 471688 504831 528926 80905 123297 434120 52665 64539 70232 71521 77320 78849 81392 82128 82823 91983 104504 104997 107230 112768 120326 137392 146209 153172 161157 178391 190266 218429 219484 219936 242549 253751 254204 266147 269579 281118 281961 284788 319065 321216 330541 335032 343112 343933 354348 375181 376939 399137 412242 450608 455158 457320 481242 483042 504277 518606 527391 538992 135519 29384 525219 65985 424159 95698 289784 196453 498016
331731 336391 395217
14012 164042 190637 221367 323614
477532 515304 338570
19835 41045 104898 110488 116452 159145 186229 219498 278766 296598 324908 347653 353224 407840 425169 439845 472922 507160 520774
91765 131554 210783 226898 234650 242071 463803 488316 524331 524962
2959 90731 145910 208358 225665
109595 114378 126430 126433 126441 132756 132763 246060 270524 545994 545995 546890 9526 16832 72915 72916 85375 85382 85383 95730 97140 105481 123183 185312 317458 321818 379869 446932 458383 461898 480478 480479 500861 500862 500865 500866 500867 532649 117287 123181
434 7100 15700 22475 32499 40152 41520 61879 86724 143401 148912 149899 150252 170956 191182 192770 198344 214614 214723 216117 219206 239063 239486 246371 247814 263674 282086 289413 334036 340967 349469 358286 360544 369105 386341 390209 392306 402463 406077 406340 409978 422178 423097 424320 427829 437613 450768 452412 460214 461666 475716 486011 514188
27423 47053 71686 71689 140141 157669 192596 215022 253721 276474 278502 285273 338869 346469 387683 387928 392657 405849 445736 469656 469658 483307 522171 542307 542308 542408 543045 543253 543652 543679 543680 543839
14073 44908 58975 58977 69337 81228 106100 113840 121514 150736 204991 211717 237111 255202 262774 276695 285798 289285 313954 326988 339225 352552 371573 396697 428546 430767 463576 465629 511063 519126 525489 525490
29759 39537 39538 39539 39540 39542 151456 151748 151751 176604 257397 536741 536742 542826 543731 543762 133617
19767 31348 51187 137338 216885 217970 225811 273670 430544 530090 540372 14981 69831 74852 113192 171689 199263 233859 362572 367645 389494 391528 504792 8533 11683 13850 22036 34011 42769 50574 56822 66284 73601 92249 98536 118315 140265 165124 170461 171214 172228 184612 208216 213303 224371 225637 237646 262995 268848 279185 303673 313078 316345 357203 360161 373473 380727 382881 392875 403958 414636 439593 440566 440606 453411 464863 501634 502786 503628 520005 541185 430615 524891 338338 534198 437216 368169 20763 448590 386234 234093 249514 376699 105238 347257 350418 217716
1639 94267 96981 142820 199217 224937 260638 512204 544934 547527 548255
169845 189478 212992 322928 369074
17651 27941 223909 223912 338888 395199
281058 447090 461414 370840
4 15547 16050 75286 87858 170796 186092 268004 286286 316471 332453 408108 408434 432891 448284 452235 456977
92185 111312 185837 188895 200591 208936 247407 265543 271882 331338 379522 517885 531049 166893 222530 85720 135953
13316 43038 48207 63557 72771 83887 265608 304374 329339 346289 358439 370367 418122 454959 477225 529494 354442 182274
45879 125304 345903
70878 169175 194234 206785 221525 239740 241200 433880 464218 476921 501773 526687
4109 216089 338212 350856 426263
237774 363864 531441 543408
136446 288831 346486 397143 444825 474594 498843 527558
126799 155064 506531 533255 211466
64498 342953 115521
62919 111580 212352 248013 335458 396966
152840 161205 171167 299566 381447 505203
37848 323988 539229
109437 320622 443826
116690 247247 328962 433697 482834 193828
56618 166948 273463 456543 498058 47006
6899 37829 70409 244754 336593
12217 46365 282787 361395 422700 448660
30398 33251 52500 59285 64879 67572 70522 75780 77701 84839 92472 93356 95427 104553 120615 127199 141618 149809 151849 152407 182201 182923 186022 202986 204966 205838 208714 217871 221281 225233 229209 230262 246180 252719 261562 263093 272957 273775 275237 276567 277617 287582 289953 298254 301761 309411 313307 314250 314719 318212 318538 329078 330328 335183 345901 377247 383087 390680 401268 401798 409356 416162 419862 423864 433190 434830 443332 458993 496201 502212 504199 512729 522378 527792 535477 541122 541690 543516 80756 4328 12959 18041 21786 29354 30093 30688 30962 35067 35308 38671 42473 45561 46508 49424 51902 52511 52785 59532 59613 59912 60211 71187 74895 79870 83510 83906 84285 84693 85871 98199 99026 104481 108259 108892 109222 115533 116096 119359 122517 123159 123953 137050 138024 141635 145797 153979 154202 166566 172218 176184 179698 181025 181492 182435 185822 186386 186575 190765 193240 196008 197919 198973 199759 203272 204126 205676 209480 211967 217346 219603 222414 226541 230788 231620 236947 244578 250046 252125 258382 265066 268123 272735 273209 279830 280255 293587 294393 295177 296111 310851 313006 317146 317367 321619 325052 326211 326849 326874 340331 361524 365309 365354 366654 370416 370979 371029 373756 373799 374874 379102 384330 385399 392463 393031 394703 394886 396502 399572 401449 402379 403034 404948 414657 423306 426835 427507 428993 430314 432229 435398 440989 446298 447224 448214 449985 451488 451931 460073 462210 470004 475666 476448 478676 482986 484561 489905 491667 495476 497867 500473 503684 504412 504784 511278 511689 518306 519686 521655 523046 530647 536482 539292
21262 53638 57369 66395 76927 77064 81327 112595 140717 171830 175149 177452 195822 216818 293214 297837 316428 334722 369567 391404 439992 452553 467578 500843 514134
210464 235705 271023 276501 336961 471385 234839
120070 444034 33959
30600 279287 339180 342724 415141 425574 481907 515124 496284
161487 520439
13436 205388
68136 168437 274280 350351 388282 471342 427997
294612 403288 403291 477527 540506
55637 58670 73810 185383 212225 242680 289741 368252 404060 415676 437455 463509 488077 488851 519580 531535 542645
73329 98270 118840 235847 284992 372995 176683
29307 114686 114687 114690 121125 168111 200054 264496 309062 313734 349470 412804 499423 531122 537219 109138 212232 294323 312685 417416 464198 464199 464205 464207 536006 269382 322945 501206
96430 285988 396980 401172 441099 491737 497585 498957 8203
187138 238935 241623 336468 362231 426133 120488 179726 226709 468205 484171
49502 79444 156874 156876 173793 244533 269011 430740
192636 397137
275375 394915
66081 79786 89597 107736 198484 273096 282498 353324 353333 355197 406398 444215 520291
73912 73929 73933 73934 73938 152543 153391 220460 274305 283470 394046 428193 428498 445204 469094 469095 469135 469140 478116 489415 489424 493980 536410 13905 439554 322297 446022 32446 73927 74795 162362 376511 453478 485510
50957 253794 286274 376122 496093 142680 325101 351669 459635 465905 476197 505195
55017 158534 339500 469396 66413 155096 300910 318079 318090 407868 425656 518217 407872
211006 452195
123654 477606 481910
149339 233610 330933 334880 373181 376748 460712 522043 42046
66078 131037 240998 241019 299583 413492
241707 351881 357744 386269 480500 490791
268964 520163 511685 283114
60606 60607 60643 101201 205643 480375 517741 328528
136748 178971 370178 386623 495490
22116 269590 343987
11074 105139 201095 221647 347908 381506 388324
381352 456223
3687 28710 44808 53023 61099 61731 65322 70588 86570 90138 110478 114768 123064 124215 135174 139398 149454 166072 191118 236828 240484 256888 262758 281266 341923 348763 357623 358052 425157 431000 433199 440397 493626 517372 521815 533797 537458 485042 50083 507862 416895
136925 161707 208815 435762 447387 465201 471356 412081 298734
11963 57073 91212 194821 239536 273700 285513 305014 307290 319526 332498 362096 392146 415432 448464 483965 515129
32975 38714 175966 257175 267496 326382 336242 346393 405645 477297 522364 18722
47117 71691 94320 96612 99883 145706 187493 199701 209501 234500 312334 360517 362851 373067 400235 438664
521 70004 127332 148870 169697 173687 174097 210373 233313 235362 292843 330506 356349 401127 404185 513756
60085 73898 100724 124498 138799 139160 184310 191337 191817 210828 213761 238807 244836 261169 270535 313616 326840 339854 377346 408250 416373 456402 471242 484992 507158 525995 528449 532279 543268
315279 339336 363574
111722 122613 122622 138325 147105 181666 223046 249702 362176
90938 214452 244240 246173 336770 391524 537816
51246 161307 476208 107722
166202 382445 386562 406338 457915 467177
35725 43137 133308 239463 307276 312046 423981 321783
14011 19088 65997 107706 107709 107716 107776 122553 135151 135539 196367 211235 226384 234872 243825 285418 311950 312017 324629 342254 456222 521994
50774 62962 102093 112326 293362 391145 396595 414633 521099
354352 387855 402261 402264 402267 426231 434494 510899 84727 121208 143359 168278 168280 379539 379541 379547 379549 540100
38926 161318 172595 308654 315446 376908 430858 517813 531212
207944 207946 234920 303698 383708 399461 530882 210166
308767 308768 308769 380019
43424 130445 199656 354269 1200 51113 80433 87071 89970 142400 152589 164387 167882 189124 226140 256580 279755 317090 330293 342871 354088 354565 423673 463745 474381 531792 409881 224252 197137
50739 82953 148423 369409 369455 451280 453071 477597 502452 514143 534712
22545 49608 117583 141177 311003 436233 479546 92955
253126 286521
457372 126810
54847 492247 82457
8469 16793 83901 97023 150274 264024 287686 339985 373941 445520 450013 468775 529047 533897 170809 283610
12346 98663 180078 373724 429812 538597
29103 55457 65312 84639 85900 109242 110457 114761 122965 140945 150359 154377 164602 232317 272804 275458 317034 319392 371964 383679 395887 407219 422634 488010 508669 537703 543414 61091 75169 299812
68641 140683 350932
1163 15433 36150 134714 184634 247771 263773 280696 345468 406080 482044 177961 272470
19323 86563 292001 517847 517859
227369 286151
27959
293948 446392 508971 176776
16710 20571 90704 116757 191382 238369 407908
92025 168180 484280 511844
320365 365096 345483
26767 26769 32688 63369 63371 77328 77339 112824 112825 112827 122005 122007 152199 187294 187297 195054 287916 346709 444048 444051 458949 458950 483106 483126 504543 522078 70071
100695 109591 110816 402779 402784 490295
385314 181409
224420 320163 338515
20297 23130 24614 26617 27657 41404 42131 61016 69255 73088 81150 98011 101561 112788 135071 135956 136696 137370 140470 140620 162935 174384 182254 191740 203088 204147 204274 220860 223593 244374 249943 251415 263822 264454 279196 281767 288913 294082 297017 301693 308995 314034 314189 320915 321449 324586 328079 337678 337991 338223 342319 345602 347320 357724 369646 369677 377046 380885 405524 412826 414226 415843 430553 435149 436557 448131 458021 490680 496424 511245 516611 517663 523930 526828 2849 3460 4825 56436 58350 70287 71772 124082 147607 149819 186065 215184 238836 294495 305967 313182 318012 325027 341087 352323 362720 372872 457476 464888 474959 527901
48394 537472 254829 45104
162905 182183 253596 268719 449139 487654 487656 87702
22044 51893 76847 77458 79412 110946 126072 134417 175837 202849 211862 329352 349908 362180 449531 473521 218050
221789 433711 437733
10711 70709 73196 143147 168084 200962 201617 210144 215148 248505 276648 293920 313563 339079 371116 373238 418827 428857 452678 465744 487986 497754 523753 527849 320805 280988 81205 399339
31894 31895 103798 298986 341236 371692 375274 419250 419253 419254 467419 472622 497706 519348
72226 175144 185626 233084 246160 268827 295134 337917 411027 440817
16595 207304
11880 56773 295064 344141 484610 497899 501518 509570 520413
406965 537922
1105 2511 48716 48720 48721 87932 88789 111172 132270 132274 136209 136211 165101 165389 168752 213186 239736 270233 274159 304562 342327 359267 452077 467217 502037 502827 512492 532594 533977 539584 543788 415737 316307 48718 303322
491421 517791
18129 32753 53014 59093 93642 102545 114137 127218 133133 158005 158869 183057 196192 235570 270219 292178 318094 330924 409083 431773 476415 510869 543434
1164 7775 10872 12275 18396 21859 22108 22750 33972 40150 40368 41947 44417 46734 49011 49251 49404 52705 53201 58209 62816 75422 76174 78548 83365 84360 95124 96246 98598 100800 102786 103920 107337 116893 118972 123137 126263 126867 128604 135305 143180 147613 151478 153222 154922 154972 167320 169941 176655 181589 188168 193701 193968 199136 210491 210965 212190 215982 221015 232111 240177 240649 241902 245981 250555 251857 269278 286552 288210 290254 298981 312191 318316 337899 344787 355126 362412 364079 364368 386317 389994 395337 403712 407916 407983 408514 415696 415813 426901 432507 432520 439603 443438 462564 464824 466954 475193 480112 480777 489123 493163 493231 493702 493977 501189 505072 507622 511805 513605 515541 517097 522764 524164 531157 531766 531905 537583 538291 544328 544343 547472 505586
5208 50077 76957 99684 117261 126278 162503 180614 187418 201745 219094 222799 252836 310403 324951 328880 334802 343412 386468 396443 399903 410172 420903 434233 436556 446004 454321 458374 462544 464994 469968 489414 167382 390464 25930 362616 223919 338450 440723
5747 7083 26901 87846 104062 143271 146623 181922 239992 278593 390656 503505 492497 156757
457072 457085
213828 455453
51369 56285 85822 112416 119568 151659 177145 178246 260312 274440 290612 290613 302808 310160 401230 450130 324231 370011
496855 496857
207523 383169 399151 399156 399158 509512 28873 332530 365064 451370
85046 119819 172824 201863 248716 263268 345974 538606 538610
195526
50647 338877 357762
58392 387080 408944
416394 252738
22153 22154 243593 544099 544101 546671 547406 243595 131663
29335 29345 29348 250725 312657 312658 312660 312722 371821 395795 396983 409386 423649 487499 542733
21403 89742 270559 397210 415121 450338 515427
31020 49744 133331 533555
286624 331605 294926
436832 436873 509314 509537
6557 11352 67614 67617 67618 67619 134561 392622 437058 471348 474245
541172
51981 342981 223189
289084
249827 251872 436129 416357
99360 253776 272131 365606 393022 393326 438945 459852 487879 515854 519117 537610
74666 450482 88974
133283 221229 284087 294372 437004 437009 437010 60508
44628 84532 96511 169922 181142 224444 236237 273391 285348 339497 363723 394650 408706 439165 467157 483628 491454 230093
490377 535855 288072
18326 27384 126054 128420 142745 198600 236452 284448 294605 421796 421837 421843 421853 421854 421856 484442 534825
5912 10634 154396 171724 184624 187693 192194 256469 316824 341397 346359 375557 432330 474939 474942 474945 474946
31838 83592 100652 109663 166158 166162 166225 321740 352955 400798 424637 532258
135954 160749 289020 317290 522414 530719
35237 51400 67936 92834 349561 496149 471280
8285 80361 336577 346464 430590 520037 336579
688 15749 17934 19252 81909 116912 122874 127128 135006 144083 145886 162598 166494 169466 170410 201679 203632 217427 232501 241305 265874 290331 294162 302782 305636 306218 355903 388799 408181 414051 416089 443830 464056 506695 512458 517843 527583 534307 548285 46650 84370 173625 119385 71210
31061 275568 416985 433420 459621 485312
176255 532724 67976 299422 484708 106407
73891 110743 128583 188720 300598 324597 335299 370973 442446 444336
34799 34802 58848 345624 516523 520546
27890 48131 52064 55386 55388 57383 165463 219781 238491 389895 405178 483076 538129 41336 99182
13635 60236 312520 407374 473351 502353 520897
113592 127960 377832 456621
198903 204686 445938 526129
53560 64572 65000 68257 71640 81499 84239 102941 137824 145911 145932 150243 166867 194836 200952 233632 237442 276649 310305 319620 324456 325553 326762 357095 372675 384360 390782 421764 423381 427308 459129 487636 491070 509448 519807 533527 541584 355542 200801 271422 526060
101 12525 41105 81019 124786 136798 149285 152118 161590 186707 270951 368140 384513 466129 489538 538851
398328 422104 426714 430272 454223 536575
14599 32239 73054 101295 113773 171491 200196 227747 243469 337503 387972 404752 443897 459971 492349 497338 361091
133087 296346
26714 36062 103651 465335 478810 507789
3954 106506 206340 250469 264361 274975 279552 290541 299296 345253 369293 485231 498869 510212 283824 288817
99435 150183 392423
315316
173149 268606
21270 84409 262923 412703 462023
206842 541656
33374 119112 349932
43657 62080 80682 163046 224484 267959 377023 473474 473755 530348 534978 344889 73333 86144 136793 155031 173539 178628 209292 246858 271319 295861 301702 316385 352393 377293 484405
149139 149143 149144 149145 171543
69059 94571 197418 444527
34532 57289 83996 124086 157352 223296 239501 239502 239504 269138 277283 294717 311956 353763 353767 353768 358579 368291 393680 429215 434163 448930 467710
209225 256705 322648 348165 538888 527653
117069 223212
454021
124476 511862 511816
230731 255527 278776 303218 405971
7557 33603 75311 85219 92811 96207 117368 142827 162776 206674 280523 290394 308901 343097 366745 414409 422934 426267 515051 518671
139413 146125 155108 177753 298861 503551
325045 325048 328245 369720 373310 421283 502726
393535
178203 230382 349175 459127 478862
272098 329071 381137 434278 482499 487438 512302 513830 103425
16644 21173 196875 243839 315660 323571 455142 90445
112786 112792 235293 347667
423664 427876 278308
84016 164427 244635 258534 296540 418557
174240 275479 410489 510102 172861
278731 317254 341322 341344 341352 128544
32514 107918 131925 178224 326818 392394 415761
48933 98546 134759 142299 143575 164231 189331 215588 305173 306231 370940 420948 432354 465092 208995 324827
80429 86199 87073 138399 191707 262286 364200 387987 404725 489673
12382 150444 216938 290148 324252 325240 384227 526724 437177
214558 280574 370607 428574 496793 496834
68582 337833 360107
60593 209590 503639
199497 287016
4406 19471 157089 178108 220801 226561 234224 277277 386376 430041 453999 455469 535391 194407 408420 409317 494662 32702 54892 186535 202203 230643 249831 317331 403188 464736 484963 522622
87769 118077 122815 167100 210348 214773 274196 340409 412316 445673 478705 540608 148649
62812 124033 134231 156993 159159 160934 184126 184173 245826 292384 294762 334969 370049 378854 412901 488583 543459
168501 175869 537116
64191 222382 464708 517861
280181 345827 393849 417695 441552 490177 516170 33175 57659 72183 268866 487659
272379 524965 530490
195027 233306 246031 362905
73067 77947 389999
141160 166105 213112 484517 509475
48445 62000 90315 139540 158287 168553 168555 174935 186990 203274 214187 232163 283031 290071 297405 302333 306688 312934 328685 351686 364541 384433 408237 463162 470264 496096 499025 515701 518975 521507 526889 531261 531276 249936
21053 78534 95177 109927 155380 237103 263493 348315 420886 466235 490239 509466
12086 112046
27896 72864 127182 272921 286203 310578 347332 472806 522858
124773 222735 365448 489152 464568
159172 462347 474241
85206 177301 432414 538158 54424
12902 25476 25478 81346 103249 221601 221609 223808 247642 258835 261988 319151 335964 344218 383707 408412 441718 458212 468887 496832 526824 536622 538751 538752 138993 172808 442764 383716 134195 310323 197806 496269 422195
57444 67586 68955 269644 296579 303297 303361 321472 336267 337201 348167 398838 409526 409527 409529 409534 409535 409540 466141 481062 494459 509802 520403 524067 539656 271979
35590 223414 265210 273232 347999 357619 400151 420455 521061 522339 126549
26567 138036 162823 169502 209923 530596 199799
140741 273675 305809 336994 349664
116407 438364
15010 35072 341185 348996 394023
226605 468003 529460
122814 170619 249819 426274 515081 9477 17400 49986 61025 66324 74491 82276 91487 97983 106873 120511 120721 143750 165323 166089 169637 177767 182173 185964 195109 209840 216658 232429 242337 243136 249536 257304 257520 257906 262051 264490 266865 270721 275325 276496 278127 280033 298491 313625 315789 322361 340503 342923 347869 352727 356114 367135 367905 376753 383714 387589 395015 398530 414963 415603 438812 443480 446885 450302 481362 485236 511033 511383 520757 522605 529014 533768 542594 82113 133754 265293
852 2556 2613 2917 49336 70350 90820 103626 150211 160859 170622 196298 218600 222789 224305 292251 329483 330153 358490 367698 407147 409740 420580 424145 444965 448512 513011 517958 524313
123128 447338
28959 60856 274952 379960 486260
356426 356431 356447 382035 405911
39366 168827 209002 505531
182679 215409 109175 275648
24662 43435 43439 65780 75851 98042 109195 122538 130635 214433 214441 254723 267623 280853 282965 282967 283195 350170 361086 365599 366969 373230 403170 443596 494728 528029 62113 251941
69805 81384
24076 38185 69456 89973 91601 95977 105027 108628 116177 120959 154244 168624 193691 208626 233933 297278 336083 454029 514297 528522 535600 543534 517019 446826 272795 104372
49820 111022 124602 128633 165511 186703 203827 217231 236861 361112 371295 376053 415235 427438 486082 518426 528254
47347 53681 230120 282318
204315 394557
7531 37268 60979 88632 106415 146668 241954 246032 253204 303306 320470 332256 333279 344512 398287 464143 477136 506006 519914
14445 18504 86503 127075 127341 127388 129787 231715 278417 291894 309263 309414 328428 343680 364895 367850 369811 392363 411761 452947 458122 470372 486582 498224 501516 526689 533905 537097 471071
162739 179026 424078 429428 510004 510005 510016
80680 422374 450180 475986
30322 161427
52577 120769 214106 242626 442789 442796 479816 486799
259399 349244 421963
11663 352260 356500 542038 418139
298731
107781 529629 337195
75155 87113 87126 87127 87129 243105 276395 330371 362229
8826 47863 113270 214715 235278 250423 269766 333303 340053 350004 397977 436165 436170 436171 475168 540486 506952 167731 4965
111650 224387 264562 290301 331618 355806 380405 444646 531144
139762 485348
37475 198566 295160 313191 471388
144025 260220 290798 290869 335744
14979 170045 245730 496722 519269
274146 422043 457203
208408 320944 369146 489640 537841 169642
188202 208523 456247 522092
4464 190377 193030 229447 379369 403309 422198 494068 511456 522935 7923 47375 50651 68214 72090 75316 93106 105321 142439 145710 145912 167436 196138 222381 224414 237499 249165 262203 271676 296406 297160 329897 335880 351614 353214 395631 399100 406877 423205 430505 446578 447126 454489 459882 467567 488489 490905 499869 534791
14038 82894 124281 124283 130050 245958 245961 245966 325421 336426 364774 429855 325416 196422
21544 48549 135434 172825 172827 192962 331740 331741 331743 336383
144151 208740 239067 243438 276109 328728 367291 486875
229556 342774 407638
19778 69991 80880 111814 117075 126017 162714 174023 178367 202699 237543 270302 294787 319959 342978 362454 407678 416640 417607 425882 429837 522719 536549 38836 153118 45422 250038
44696 80221 80563 94663 102383 113628 118792 135637 149946 169816 175456 191821 192404 193928 203312 232737 236746 251381 256375 262671 270973 293015 300191 317425 336113 341467 347180 352371 372978 441304 477925 478411 482512 485589 495931 510576 512529 514773 518097 534011 543929 234154 503337 456390 536881 257513 323079
42128 134868 158917 190509 212517 364015 380892 435607 471818 66766
31054 277519 482225 527073 538805
61988 161587 173589 186785 201513 201515 282755 328420 445524 469573 109820
100920 170945 266632 311601 361337 367186 389896 405823 413692 461863 509960 210439 313239 361444 521270 317591 433118 487032 492193 537553 79592
77445 190019 300785
142773 186966 378063
35213 42560 521750
34813 132051 241624 292183 329439 330260 388653 414719
198496 339508 422982
124945 124948 537905 542915 542955
284931 364317 364353 388131 388132 388133 388134 397878
88664 92707 146527 380684 122021 147259 171677 183214 199855 232462 240874 248217 250953 277503 315368 322320 331184 358887 389997 392518 392680 410695 424074 437941 480619 504513 515526 518791 530846 2411 9649 10064 10384 13768 15289 17023 21628 29098 30597 37375 45782 50999 54949 58915 61963 69201 72043 72662 75366 79662 84708 88581 93401 100344 101280 101974 105539 110557 124196 125825 128438 135843 142595 145542 151824 152237 154141 160661 161912 164140 164812 165040 168149 169162 170940 178260 178529 180067 182543 186111 196737 204136 205597 206591 207828 208097 210341 211919 218533 223555 229451 239629 240213 242887 243864 250213 254038 264194 265316 270651 280180 282747 284484 285643 288779 295118 298214 299682 301756 302476 310707 312723 318944 323558 324619 324936 327139 328570 340570 343602 347666 347774 348664 350551 351020 351405 351827 352294 354111 364755 368631 371620 379439 381294 384688 390438 394879 397827 399824 407014 408212 412348 412976 415742 427671 428277 428543 434715 434917 436894 440729 440865 442025 447487 450500 453375 453437 458888 463500 466304 466832 471583 471620 472444 475566 478992 482373 482982 483647 485254 489239 490115 492555 494286 503909 505814 507975 508516 512055 516354 521723 524460 527680 529823 530304 536296 539156 539353 539578 540798 540836 543463 543565 33563 46279 46639 47912 95344 120579 127536 144321 148541 233761 256238 262114 272828 288862 290088 295664 296790 305053 306531 308531 312209 331170 338475 407401 411849 418521 441252 453326 505613 505914 518323 520574 527948 539948
32026 101413 170001 185169 231450 265216 386984 441937 523179 93020 156266 180908 387160 390045 395309 425633 437619 445783 460244 484370 491208 526859 533815 539236 172006 473103 76087 268517 425999
8324 9244 9246 9247 9252 9253 9254 9277 9282 9284 10034 10035 38972 38974 38977 38978 38981 38982 49756 51393 84392 106093 106103 544170 1637 1640 261662 544403 546316 546317 546961 546964 30679
34120 184680 219207 293154 300584 300590 451794 519084 33551
89208 113863 138405 138406 148515 206475 209238 229807 284437 311830 420387 160397
8287 13998 16240 18134 38783 59151 147916 182078 222180 244192 247042 343725 434815 466190 468048 508080
45548 215266 249771 360314 468231 532208 147931
45393 59578 288004 290031 476189
33957 100071 221632 410532 434764
61195 81858 150077 183631 226183 306986 352756 366700 419305 508809
101218 236362 302431
2991 8183 18668 121944 271884 347926 370447 488148
52092 94727 130724 196150 320332
448 2117 28123 52713 56684 75848 80796 114138 121361 130042 131874 154321 158327 170021 203546 260305 271148 333085 334420 338709 362528 366149 389968 392186 396362 410087 449691 455467 467401 471848 485055 491851 519832 520877 525658 529820 544416 547506 11915 15922 36802 40326 66017 70230 79419 79705 81790 89918 95258 98343 104350 106397 110425 111550 131043 135409 146401 149579 154146 155663 162974 175213 183231 189882 209915 216697 228082 254963 259788 286536 301483 310488 325745 327922 344483 349627 354715 389791 397448 397575 403346 403540 413490 416018 416364 421373 433792 463529 477664 485524 498651 499716 524779 535908 41015 152512 375133 394515 482169 504629
95025 96570 145667 145796 173982 190037 220940 241881 245861 251270 323234 323839 343273 388820 439926 491704 514938 520043 544881 17709 29420 31816 54426 54592 62052 68266 77207 89482 99737 110845 113814 148667 153667 154531 155547 183335 192753 237412 255998 266875 267488 282030 291353 302934 323681 327230 332625 334949 362794 385452 387927 399472 406316 421055 430917 447132 449271 470241 471504 478239 490663 492019 493688 513584 518779 522052 523122 526279 534183 543383
13679 14299 30348 31488 34250 34937 47550 65296 72727 78028 83362 96479 97661 119495 122267 139317 141005 163486 164157 170387 177466 187476 199961 209080 213786 241304 290337 292080 321742 360322 362275 371991 378689 396135 413248 435810 443747 475188 478514 503446 510530 521184 521217 530270 539784 544322 38822
55107 168754 380082
46515 47075 116731 299453 332834 457735 478539 529871
5457 15489 27651 31953 60667 203359 270273 310937 316207 344438 354742 369475 373680 444683 496329 323165 24669 26602 69077 75123 224389 309081 311683 335655 377116 389413 450091
16383 201221 403163
12904 18493 49830 67416 68152 161796 182190 221490 233927 246279 248522 260643 265479 400566 401575 418739 422194 450464 457079 540769 287304
253947 469529 512330 515626 9668 38967 68765 69644 95845 162406 175766 179813 184412 222692 238822 288516 352628 368443 380516 395540 397776 438576 442479 320612
97682 168784 180137 262713 431971 407994
33094 52657 74972 244920 261409 327959 344354 367949 406869 471115 483451 503043
35446 37555 109756 165812 290573 328028 331903 518053 519887 537844 542138
196547 208712 414323 465309 508745
31150 31152 203415 241701 354193 364760 378207 402117 464252
126223 131652 163166 234758 309704 417203 468065 492552
66653 82400 113380 223285 321616 331718 370317 535681 385591
52588 74313 206374 395623 425893 426065 541515 541516
3373 13472 13475 50948 54958 339002 393765 520150
55591 121097 169552 395215 428101
141498 162722 287495
1965 1978 4704 8934 37874 68131 158734 158906 167220 229030 239165 247783 353741 362545 384540 534698
22700 175581 198253 488040 380734
6372 182335 316666 450071
69001 146269 292617 358440 468203 539633 539640
64741 542528 155318
29702 46220 54207 79265 79273 79274 81591 155786 197391 202367 249355 251263 251991 259996 279902 353346 395041 485641 523107
69314 94208 107729 463487
