1307, 1570, 1653, 1730, 1983, 2039, 2482, 3489, 4011, 10081, 10129, 13187, 9346, 7730, 7353, 9213
1205, 3621, 4771, 5864, 5931, 6405, 8583
1105, 2852
35, 2279, 2343, 3410, 4774, 6216, 12300, 13367, 13379, 5424
1140, 1369, 2146, 2387, 8928, 11829
311, 802, 8285, 12045, 13115
2251, 5721, 11370
7972, 10475, 12634
568, 894, 3792, 4240, 4244, 5884, 6954, 9546, 9957, 11767, 12243, 13186, 6765, 3098, 5913, 10952
1, 3230, 3824, 4286, 5806, 7926, 8913, 9441, 10635, 12639, 4870
31, 1070, 1071, 2487, 4783, 6288, 7749, 7953, 8402, 11620, 12104, 13059, 1469, 2522, 12793, 3377
1822, 2014, 2337, 2911, 3447, 4150, 4151, 5844, 6444, 10540, 13204, 13282, 1745, 13241
592, 3817, 7752, 8817, 9941, 11723, 12315
550, 6422, 8215
567, 1118, 2037, 5137, 6105, 8616, 12848
1208, 1825, 2992, 3167, 7052, 7412, 7900, 8015, 8347, 12547, 12600, 12658, 9570, 3778, 2391, 1756
400, 1516, 2072, 4032, 4629, 6782, 8251, 11556, 12416, 12734
340, 825, 3096, 3535, 5998, 6387, 10027, 10189, 10305, 10408, 11001, 12165, 11470
4226, 6436, 6442, 11310, 11312, 11313, 11314, 11315
1689, 2315, 4224, 6072, 7615, 9531, 11267, 12303, 12381
1731, 3283, 8230
1416, 9264, 9785
3040, 3722, 12171, 12951
96, 483, 679, 4411, 7296, 8977, 9066, 9342, 9603, 10055, 10539, 10800, 10341, 5972, 8699, 3989
4252, 7283, 9632, 9718, 10550, 13149
1082, 3014, 8272
3051, 4999, 7456, 7465, 7967, 10292, 13256, 3595
50, 1207, 3093, 3831, 4505, 4722, 7031, 8654, 10102, 11154
628, 1500, 1696, 2294, 2341, 2470, 2484, 2777, 2836, 2840, 6417, 7080, 6248, 6823, 4399
544, 1049, 2296, 2806, 3639, 4651, 4772, 5314, 5890, 6411, 8045, 12688, 12197, 1282, 6872, 12638
28, 1231, 1956, 3121, 3398, 3663, 4031, 5447, 6660, 7837, 8180, 8484, 2101, 6137, 4784, 8503
3566, 6845, 12101
732, 11357
914, 1224, 5876, 6147, 10210, 11709
415, 4826, 9644
8670, 11608
1709, 3585, 6500, 7700, 8422, 9850
2997, 12633
5071, 7854, 6636
5123, 5124, 5126, 5127, 5128, 5968
2998, 12292
1643, 3749, 9243, 12122
1385, 3973, 7342, 11622
95, 716, 3204, 3386, 4726, 4846, 7598, 8109, 12265, 13176
734, 983, 4218, 6488, 6754, 6987, 8542, 8543, 8574, 9455, 10001, 10911, 320
6126, 6172, 7835, 9853, 10459, 10882, 11580, 1883, 9745, 7747
790, 792, 793, 795, 4544, 4808, 5199, 5200, 6619, 7625, 9101, 11279, 796, 8262, 3360
261, 3486, 6250, 12359, 139, 725
824, 912, 3851, 4377, 5319, 6566, 7604, 8265, 9976, 10264, 11168, 11433, 8227, 4851, 4930, 6667
527, 3534, 4636, 4861, 6786, 9973, 10080, 12956
6275, 6349, 8468, 10250, 11920
738, 2616, 3390, 4314, 5681, 6169, 6321, 7027, 7049, 10758, 11418, 12005, 4902, 4146, 5457, 4582
999, 3582, 5609, 7850, 7948, 8974, 9045, 11047, 12605
3003, 5361, 8764, 11741
2278, 2649, 4288, 5296, 5997, 6408, 7664, 8461, 8918, 9192, 10799, 11351
6484, 12705, 12859
791, 793, 794, 796, 797, 1304, 3304, 4057, 4395, 4396, 6796, 8406, 792, 11170, 4544, 1685
123, 1861, 6552, 12155
1971, 1972, 2834, 4554, 4555, 6977, 11533
1280, 1702, 1996, 2219, 2530, 2574, 3676, 9012, 9558, 10146, 10982, 12809, 9068, 7957, 1924, 2007
362, 739, 842, 1426, 5565, 7831, 7988, 10095, 12188, 12406, 12585, 12864, 992
2237, 4437, 6388, 10626, 11041, 11358, 12653, 772, 11623, 9261
3963, 5430, 5594
2130, 6751, 9345
8516
6152, 9907, 12806
264, 12006
3388, 3901, 6854
4034, 6896, 10067, 10643, 10857
4313, 6167, 6168, 10077, 10078, 10079
1267, 2287, 3126, 4708, 7607
747, 6637, 8188, 9317, 9892, 10376, 11813, 12384
1133, 2980, 3904, 13113
16, 1695, 3562, 4184, 4193, 5040, 5606, 5644, 6989, 8544, 9665, 12337, 4085
180, 304, 830, 995, 2478, 4093, 4243, 4658, 5186, 6828, 7565, 9947, 3717, 11407, 10368, 10566
6188, 8355, 10090
431, 2445, 6576, 9275, 9988, 10167, 12043
1743, 2248, 4578, 6703, 9130, 9733, 11102, 12897, 1196, 12742
428, 622, 1521, 1522, 2113, 6351, 8031, 12588, 12900
1146, 2178, 3793, 4050, 4210, 4880, 6740, 7803, 8416, 11981, 12383, 12892, 8736, 5145, 12587, 5578
4944, 6525, 6610, 7099, 8198
17, 605, 1910, 5846, 8241, 4765, 12769
133, 432, 1657, 2238, 3417, 4298, 7690, 7731, 8423, 9628, 10891, 13018, 6639, 1486
1167, 8632
5947, 6490, 6587, 6766, 7659, 8164, 9336, 9903, 12703, 12804, 5830
3078, 6632, 7534, 8134, 8135, 8136
650, 1733, 4617, 5165, 6629, 8069, 8287, 9273, 9281, 10720, 11270, 13270, 11271, 13207, 6793
9909, 10530, 11075
12572
2901, 3421, 4041, 4042, 9111, 9113, 9112, 13143, 9114, 2055
1313, 2144, 2711, 3284, 6840, 8447, 9272, 9948
2794, 10541
4393, 6009, 6560, 7139, 10184, 10597, 11097, 11683, 12609, 12724, 8969, 9308
2344, 2915, 3288, 5830, 5944, 6377, 7336, 7919, 9688, 12703, 13078, 12804, 4812
268, 1668, 9215, 12535
530, 2447, 2708, 4403, 5787, 6022, 6881, 7153, 8401, 10371, 12255, 12284, 10387, 9311, 10206, 8663
128, 269, 925, 1543, 2234, 3123, 5889, 7493, 8399, 10120, 12149, 12957, 12743, 7893, 11951, 3786
6072, 7615, 11267, 12303, 12381, 9531
591, 759, 1728, 2059, 4470, 5114, 6190, 6440, 7804, 8217, 8329, 12853, 8419
986, 8664, 8665
328, 446, 930, 1012, 1454, 2513, 4345, 6671, 8923, 9449, 10225, 10454, 11582
1545, 3363, 4367, 8276, 8498, 9999, 11454, 8594, 6336
2133, 5005, 7553, 12271
3030, 11066
4046, 4229, 13062
533, 3531, 5871, 6170, 8225, 12979, 7326
2613, 11788, 12259, 2646
2729, 2730, 2731
8800, 9823, 10278, 10778
3387, 6418
38, 110, 1174, 1179, 3959, 9039, 9397, 9704, 12812
4978, 5221, 9843
3440, 6201, 6947, 6949, 7980
843, 2314, 5909, 7276, 7332, 7427, 9164, 9725, 10429, 11583
1264, 5375, 8186
1258, 1735, 11324, 11918, 12153
2620, 4383, 5175
4911, 8556, 9865
2153, 4498, 5922, 6945, 8481, 9096, 9250, 11287, 11347
62, 1142, 1473, 1726, 2074, 3677, 4055, 4428, 10032, 10384, 11228, 11814, 9476, 10932, 10395
3051, 4999, 7465, 7967, 10292, 13256, 3595
403, 646, 1931, 2370, 4409, 4534, 5915, 5962, 10180, 11831, 11951, 11956, 9374, 10407
5861, 9352, 12745
1084, 1192, 4533, 5366, 7170, 7513, 8611, 8950, 12178
478, 2999, 3518, 4098, 5779, 6100, 7810, 8522, 8597, 8603, 11485, 12166, 1860
403, 646, 1931, 2370, 4409, 4534, 5915, 5962, 9421, 10180, 11951, 11956, 11831, 10407, 10839, 10562
1394, 3098, 3394, 4724, 6765, 8448, 9401, 9758, 10952, 11679, 13186, 1851, 11767, 10015, 9546
279, 1148, 1863, 10200
1115, 1311, 5532, 6714
7569, 8794, 9344
4672, 10723, 12449
324, 5996, 8691, 8802, 8996, 10005, 10006
525, 1309, 1402, 1597, 1879, 3370, 4255, 4699, 5213, 6996, 7091, 11224, 12344, 7506, 10576, 4215
1006, 1528, 11409
1039, 1507, 1962, 3913, 5414, 6379, 8244, 9058, 11367, 11373, 12855, 12998, 8434
441, 701, 761, 1335, 1654, 2154, 2677, 3420, 6710, 7769, 10808, 12606, 8692, 6360, 3735, 3708
45, 1485, 2109, 3536, 4247, 5906, 7076, 9485, 12569, 12602, 12665, 13064, 5285, 4464, 6790
3015, 6060, 10149, 12390
441, 701, 761, 1335, 1654, 2154, 2407, 2677, 3684, 6710, 7769, 10808, 11283, 8692, 4392, 7951
1911, 9313
278, 1127, 11027, 12716
1297, 3263, 3264, 4212, 6365, 13254
2171, 3587, 5539, 10483, 11231, 11686, 12172
3648, 4737, 4985
2197
1878, 2354, 3511, 4102, 5973, 6259, 6584, 13304, 13309, 13310, 13340, 13352, 13305
1762, 1903, 9330
62, 163, 1726, 4600, 6465, 6493, 6702, 7710, 10395, 10692, 11800, 13022, 7578, 5294, 10932, 10032
810, 1853, 6274, 11775
1760, 8669, 11081, 11238, 11669, 12136
5573, 12652
146, 2710, 4359, 7186, 11136
2443, 2750, 4128, 4800, 5834, 9283, 9677, 10673, 11038, 11818, 11939, 5483, 380, 776, 1761
2227, 3051, 3595, 4999, 7465, 7967, 10292, 13256, 3389, 851, 7456, 1626
4296, 10143, 12257, 12258, 12260, 10289
1836, 3752, 4977, 6623, 7646, 9300
5523, 8179, 9750
376, 1211, 1632, 3397, 3533, 3984, 4775, 5549, 6877, 9703, 10283, 12815, 9434
2633, 7616, 10671
6651, 7246
301, 1772, 4291, 6404, 10577
128, 269, 692, 1121, 3123, 3893, 4333, 7578, 9033, 10120, 11841, 12973, 5889, 9374, 12957, 2370
2593, 6308, 7445, 7937, 8667
615, 4241, 5563, 6892, 8208, 9639, 11163
495, 2665, 2796, 5272, 6634, 8308, 10178, 10573, 12186, 12562, 3813, 7069, 2528
4001, 9175, 9254, 9714, 10994, 11215
3896, 9116
1724, 1945, 2865, 2959, 3310, 8921, 8995, 9496, 10864, 12278, 12286, 12514, 4637, 1072, 8, 10240
319, 2721, 2886, 6685, 6686
1481, 2137, 3509, 7612, 9539, 5894, 11451, 896, 5796
7033, 7455, 9650, 9651, 11459, 13158
2660, 5131, 11131
903, 4758, 7048, 7430, 11317
11055, 12868, 12891
3373, 6869, 7818, 8741, 11667
1147, 2703, 3434, 3872, 4140, 6616, 7204, 7205, 7592, 8417, 10009, 12087, 4641, 8201
1964, 2246, 3645, 3707, 4460, 6038, 6586, 7561, 7840, 9618, 9791, 13011, 2603, 4387
531, 1977, 2181, 2910, 2991, 4472, 4929, 9542, 9868, 11216, 11839, 12741, 9829
1436, 1883, 3354, 4949, 6126, 6172, 7747, 8394, 9853, 10882, 11580, 7835, 1336
1108, 3781, 5943, 6580, 6793, 8069, 10720, 13206, 13207, 13238, 13244, 13266, 8287, 9273
1030, 2631, 4208, 5336, 6952, 7689, 10791, 11285, 10944, 8323
806, 1408, 1742, 6397, 6669, 8269, 9416, 9995, 10615, 11704, 11766, 12391
2422, 2439, 2526, 2858, 4219, 4862, 6913, 6916, 6918, 6919, 6920, 6923, 6917, 2659, 4639, 11646
129, 4556, 6624, 8723, 8724, 9642, 11938, 11983, 12453
274, 1177, 1692, 2351, 3119, 3212, 4404, 4569, 5800, 6186, 8852, 8858, 11096
1493, 3104, 3703, 6063, 6233, 6803, 8915, 9621, 12502
2194, 5150, 5854, 5899, 8023, 9359, 13082
707, 3638, 3642, 3643, 4242, 13055, 13056, 13225, 13272, 13273, 6151, 954
5667, 6851, 7701, 7755, 8512, 11714, 11914, 12925
816, 1576, 1582, 3379, 6164, 6983, 8300, 9720, 10313, 11894, 12597
5276, 5613, 8048, 8049, 10690, 11984
1063, 1430, 1682, 2556, 2752, 2912, 6593, 6903, 7762, 10268, 11182, 12276, 9502, 12498, 6095
191, 1953, 8016, 8286, 10319, 12525
2679, 3435, 4445, 5072, 7082, 7645, 12695
608, 609, 1979, 2490, 5330, 5394, 6180, 7355, 8224, 11003, 11256, 13054, 9773, 3206, 11926, 7582
2174, 6276, 6911, 8519, 9231, 12826
1613, 5823, 6522, 8194, 8772, 9683, 11658
332, 1213, 1832, 3314, 3869, 7177, 9212, 10536, 12282
1058, 1585, 2617, 11403
4391, 5028, 6227, 7070
598, 5017, 6141, 7666, 8325, 13111
92, 2093, 5677, 8345, 8572, 8589, 10386, 12599, 1498, 10333
1466, 2646, 3225, 4232, 5342, 5902, 6030, 7030, 9368, 11032, 11510, 7869, 12161, 9406
773, 1021, 3751, 4632, 5622, 6206, 7123, 9142, 9830, 10096, 11887, 12269, 3217, 1765, 2244, 5934
98, 649, 2683, 2684, 4900, 12351
1124, 5970, 12154
81, 2187, 2358, 4576, 11832, 11032
1897, 2057, 2885, 4918, 5431, 13175, 8271
984, 4838, 6367, 11420
10185, 10797
664, 2009
285, 9119, 9348
1729, 1981, 6076, 6421, 7629, 9053, 10842, 3853
20, 1909, 6683, 11790, 12530, 12531, 12861
1675, 2779, 7075, 7340, 7651, 12474
1217, 3655, 4285, 5993
227, 228, 711, 712, 713, 3953
174, 1270, 1357, 2561, 4059, 4154, 5657, 5810, 6024, 6234, 7179
916, 9793, 11004, 12189
339, 1460, 1679, 2739, 3503, 4211, 4988, 6566, 8914, 9976, 10236, 11168, 6667, 4377, 7532, 824
785, 1885, 4143, 7660, 12204
5783, 12196
7689, 8323, 8534, 10791, 10944, 11285, 4208, 6952, 1030
3661, 3680, 10703, 11260, 11261, 11262, 11473, 11856, 13047, 6749
699, 1440, 2077, 4374, 4469, 4478, 6494, 9210, 9396, 9496, 9641, 12592, 7027, 3310, 7943, 12278
816, 1576, 1582, 6164, 6983, 8300, 9720, 10313, 11894, 12597, 3379
1496, 1502, 1565, 2481, 3174, 3222, 3465, 3474, 5556, 7729, 12338, 12695, 8453
1729, 1981, 6076, 6421, 9053, 7629
243, 2496, 2919, 3614, 5791, 7672, 8211, 9186, 9723, 11053, 11269, 12510, 10962
68, 1122, 1745, 2337, 3095, 3365, 6747, 7675, 9315, 9872, 10280, 12027, 6303, 2911, 8350, 11992
7290, 7839, 12916
947, 8107, 8296, 8324, 9172, 9721, 11059
3138, 5602, 10623
558, 6111, 6112, 6113, 8876, 8878, 8884, 8891, 8895, 8896, 8898, 8899, 6120, 6117, 11867, 6115
1949, 4125, 4923, 5101, 5102, 5103, 5376, 10410, 11889
299, 6337
1803, 2119, 3916, 7828, 8606, 9467
700, 884, 1560, 2516, 2878, 3299, 5271, 6344, 6474, 6691, 6708, 12112
14, 476, 2508, 2537, 3087, 3856, 4803, 5204, 5482, 10981, 11707, 12680, 7567, 1586, 6617, 3982
689, 2078, 2663, 2773, 2952, 6563, 7526, 9738, 10106, 13077, 7586, 1578, 3616
680, 1060, 1293, 2172, 2774, 2955, 3341, 5758, 10177, 11847, 12964, 13070, 12426, 10583, 1579, 4586
7460, 8459, 11513
94, 3552, 8463, 9070, 9071, 2362
1338, 2003, 11817
5411, 7601, 8063
867, 5383, 6322, 6509, 8321, 8571, 9582, 12620
31, 1070, 1469, 2522, 3377, 6288, 7749, 8402, 11620, 12104, 12793, 13059, 2487, 4783, 4204, 7953
606, 714, 1950, 4414, 4519, 4939, 5832, 7343, 7470, 7475, 8268, 12744, 10948, 6099
128, 269, 925, 1543, 2370, 3123, 3893, 5889, 6080, 9033, 9374, 11951, 12743, 12957, 8944, 8673
935, 3308, 7602
769, 2920, 3315, 7243, 7587, 7859, 8557, 9472, 9829, 10895, 11237, 11318, 4357
561, 1193, 2235, 2821, 3381, 7369, 10482
3569, 3571, 3572, 3573, 4130, 5067
1546, 5979, 6439, 10495
148, 3065, 10346, 10347
2957, 10761
1030, 2631, 4208, 5336, 6952, 7689, 8323, 8534, 10791, 11285, 10944
341, 1139, 1750, 6336, 7250, 7815, 8276, 8498, 8594, 8908, 11454, 12824, 9999
814, 2861, 8370
492, 506, 2292, 3334, 5865, 10440, 10612, 12056, 9100
613, 1398, 2917, 2964, 4942, 7145, 7410, 11585, 8932
5048, 5049, 6383, 11682
12, 4113, 10852, 13002
619, 2114, 3085, 8567
164, 3480, 3672, 8812, 12886
11860
441, 701, 761, 1335, 1654, 2154, 2677, 3708, 6124, 6710, 7769, 10808, 7902, 6360, 4623, 10062
11071
1069, 4611, 6035, 8028
790, 792, 1517, 4808, 5199, 5200, 7625, 8624, 9101, 11291, 11718, 12712, 796, 11279, 7050, 6619
6245, 7939, 8605, 11275
6561, 9450
115, 3548, 4117, 4700, 5220, 7425, 7489, 8099, 9107, 10855, 11074, 11408, 11281
1873, 5497, 5498, 9728, 12733
392, 784, 1395, 7509, 8152, 9554, 10485, 12249
2413, 3259, 4300, 6277, 9086, 9780, 12301
112, 3768, 4272, 5306, 5459, 5626, 6603, 9249, 9774, 10301, 10918, 13009, 485, 11876, 4665, 10947
3485, 5354, 6508, 12098
1804, 3362, 3451, 4405, 4959, 5540, 6098, 6224, 7662, 8746, 8777, 11202, 8160
1839, 2104, 2105, 2106, 2107, 5827, 6579, 8674
1085, 1552, 4501, 4718, 5792, 6492, 8591, 8829, 9351, 10983
1320, 2714, 3250, 6324, 8106, 8956, 10746, 12201, 12874
806, 1408, 1742, 6397, 9995, 11704, 9416, 8269, 10615
3729, 10610
503, 556, 673, 1288, 2255, 5100, 5561, 10296
3931, 12063
6044, 11137, 11648
1771, 4180, 7188, 9067, 9776, 12663, 4289
3689, 4146, 4879, 4902, 5275, 5457, 5859, 7027, 7058, 9396, 10758, 11890, 12592, 5681, 11436, 2788
1463, 5024, 12097
2213, 5687, 8277, 11089
13067
3120, 8552, 12060, 12062, 12064
6658, 8601, 11300
3099, 4689, 5161, 7594, 10375
5258, 10919, 11471
3351, 4517, 10357, 12266, 12267, 12324
6622, 10135, 10247
3790, 11153
107, 3898, 5466, 5475, 7221, 7583, 7816, 7819, 9719, 11295, 12325, 12762, 308, 5492, 7299, 11073
549, 1049, 1299, 2806, 4651, 4772, 5890, 6411, 6933, 8045, 12418, 12885, 2376, 3418, 2503, 1527
172, 2563, 7896, 8236, 11143, 7912
383, 537, 594, 1009, 1721, 2118, 3162, 3899, 6173, 6733, 7222, 10540, 5043, 10093, 3469, 3991
626, 6208, 8151, 9857, 11063, 11272, 12230
11579
3906, 8559, 9993, 12362, 13142
8648
343, 4928, 6598
612, 815, 902, 955, 3016, 5077, 5877, 6253, 7746, 7935, 10339, 11507, 4109, 1994, 6679, 1106
764, 765, 2501, 7118, 8133, 8937, 9015, 10021, 11222, 11345, 11945, 12505
41, 1544, 2634, 3011, 4119, 4385, 4476, 4899, 5183, 8771, 10053, 12425, 6214, 3588, 286, 7571
2226, 3478, 3515, 4248, 5538, 6763, 6784, 7627, 8254, 10091, 10309, 12825, 7046
3051, 3595, 4999, 7456, 7465, 7967, 10292, 13256, 2227
377, 1302, 1409, 2214, 2650, 3196, 5679, 5974, 6157, 7464, 7488, 12285, 1007, 11469, 4245, 10412
1931, 2398, 2540, 5219, 5956, 5962, 9421, 10932, 11831, 12615, 6465, 3677, 5915, 646
3940, 4171, 12858
991, 1186, 1598, 2785, 5588, 7476, 11893
121, 3700, 5767, 8299, 9349, 10425, 11557
583, 996, 3404, 6228, 6653, 7691, 8250, 8859, 9260, 10863, 12287, 12407, 6722
7138, 7308, 7309, 7440, 8398, 8666, 8998, 9003, 7437, 7438
2797, 3784, 3975, 4076, 5928, 6185, 6212, 11532, 11536, 11902, 12079, 12673, 928
3798, 4197, 6808, 8782, 9607, 9608, 9609, 9610, 11607, 11698, 13383, 1942
1866, 2907, 3009, 3315, 7243, 7253, 7587, 9829, 11002, 11237, 11318, 13134, 7859, 9472, 2910, 4929
143, 2625, 2626, 4139, 4970
1645, 2244, 4782, 4950, 5622, 6206, 6780, 7744, 9830, 10096, 10871, 11887, 1765, 4632
3647, 4566, 4605, 5690, 7385, 7386, 12617, 3527
1446, 2518, 3952, 5879, 7372, 10332
4762, 5869, 7129, 7349, 7555, 10924, 11759
441, 3558, 3684, 3708, 3735, 4392, 4623, 6360, 6710, 6959, 9280, 12606, 7902, 2407, 7769
491, 881, 2499, 2737, 5704, 12405
145, 573, 2429, 3694, 3740, 4420, 8095, 8367, 11900, 12215, 12494, 8374
811, 7505
112, 787, 3768, 4272, 5459, 5541, 5626, 6603, 9249, 9774, 10301, 12631, 13009, 4855
1392, 2916, 3981, 9278, 10406, 10997, 12983
729, 1869, 2514, 3269, 4170, 7307, 9757, 9817, 10348, 12999
144, 710, 2025, 2799, 4177, 8072, 8375, 8945, 10226, 11410, 12082, 12800, 5061, 6382, 10064
6220, 8740, 11487, 12163
1030, 2631, 4208, 5336, 6952, 7689, 8323, 8534, 10791, 10944, 11285
3323, 3577, 3578
305, 654, 1312, 2085, 4994, 8397, 8520, 9196
4084, 4993, 7626, 8857, 11753, 13083
7471, 8086, 8708
1466, 2646, 3225, 4232, 5342, 5902, 7030, 8866, 9368, 11032, 11510, 12259, 9406
3902, 4296, 10143, 10289, 12257, 12258, 12260
853, 2616, 2624, 2938, 4582, 5545, 6662, 7363, 7540, 7743, 8993, 9679, 4314, 4741, 5083, 11418
5154, 6677, 8912, 10269, 11924, 11927
1878, 2354, 4152, 5419, 5973, 6584, 13289, 13309, 13310, 13323, 13324, 13334, 13305, 13381, 13360, 13352
1351, 1923, 2494, 4527, 6541, 6834, 7013, 9702, 10588, 1568
23, 4807, 9916, 9917, 10713
9442, 9633, 11282
1791, 3661, 3680, 6749, 10703, 11259, 11260, 11261, 11473, 11749, 11856, 13047, 1799, 11262, 6536, 1795
1583, 2180, 2778, 3870, 3954, 5070, 5564, 9562, 8967, 5674, 10493, 2038
1278, 3205, 3300, 7223
779, 7652, 10732
48, 741, 1922, 2288, 3525, 7962
1091, 3118, 3887, 4857, 6144, 9510, 10122, 10381, 10502, 11517, 12141, 12816, 11500, 3171
703, 2222, 2780, 3454, 3669, 4668, 5878, 6236, 9084, 10205, 10547, 10817, 10305
3173, 4908, 9440
2741, 8418
5060, 10873
457, 965, 974, 1633, 2269, 2431, 2658, 2829, 2845, 3155, 3520, 9242, 4669, 5897, 3600, 7245
1660, 8043, 8627
5469, 6884, 8496, 9463, 10382
770, 2111, 2552, 4622, 5917, 7350, 8090, 8712, 10451, 10560, 12311, 6142
92, 1498, 2093, 2990, 3584, 5677, 8345, 8572, 8589, 10333, 10386, 12599
2143, 3531, 4466, 5871, 6170, 7010, 7326, 12979, 8517
928, 2449, 2797, 3137, 3857, 5928, 9224, 10057, 11902, 12079, 12666, 12673, 3784, 11532, 6212, 8844
495, 2665, 2796, 5272, 6634, 8308, 10178, 10573, 12562, 7069, 12186, 3813
377, 1302, 1409, 2214, 2650, 3196, 5679, 5974, 6157, 7464, 7488, 10412, 1007, 11469, 3101, 11972
1294, 2323, 4447, 4493, 5021, 9001, 11240
533, 3531, 4466, 5871, 6170, 7010, 8225, 12979, 7326, 8517
1878, 4102, 6259, 6584, 13289, 13329, 13334, 13340, 13364, 13368, 13370, 13381, 13373, 13382, 13304, 13309
4595, 7466, 8036, 8037
156, 2483, 2893, 6857, 7524, 8454, 12755, 3819
6275, 6349, 10250, 11920, 8468
5930, 6948, 7584, 9668, 12901
4946, 10974, 10976
2451, 2460, 2461, 9893
2842, 4927, 5047, 7235, 7403, 8982
3850, 9888, 9889, 11107, 11135
670, 1281, 3637
960, 2145, 2694, 5259, 5749, 8999, 10741, 11050
10998, 13110
122, 144, 710, 1171, 4177, 6382, 8020, 8375, 10064, 11410, 12082, 2025, 2799
4040, 11617, 12290
3871, 5002, 5201, 5615, 6175, 7696, 11085, 11673
833, 3714, 6546, 10980, 11541, 12167, 12361
1032, 7015, 7576, 8147, 8842, 9372, 11145, 12707
242, 736, 1386, 2716, 2966, 4133, 6467, 6817, 9226, 9902, 11538, 13003, 11603, 7428
1729, 1981, 6076, 6421, 7629, 9053, 10842
5947, 6490, 6766, 7161, 8164, 9336, 9903, 12804, 7659
1326, 3111, 6041, 12084, 12106, 12317
4136, 7940, 12012
47, 610, 898, 1158, 1738, 3253, 5645, 6712, 7740, 9873, 10460, 10568, 96, 6416, 10897, 10033
144, 710, 2025, 2799, 4177, 5061, 6382, 8072, 8375, 8945, 10226, 11410, 12082, 12800, 1171, 8020
2825, 7061, 10988
168, 4803, 6617, 8640, 9836, 10981, 11757, 12223, 12667, 12680, 12945, 5204, 476, 5482, 3856
262, 1669, 2648, 9367, 7695
233, 2600, 3446, 3447, 3779, 4769, 4770, 13275, 13277
339, 1460, 1679, 2272, 2739, 3503, 4211, 4323, 4988, 6566, 10236, 11168, 2641, 10595, 8265, 7532
461, 7206, 7720, 8816, 9844, 9940, 10170
2580, 2862, 5202, 6432, 7029, 11708, 11871, 12147, 12681
1878, 2354, 4102, 4152, 5419, 6259, 6584, 13289, 13309, 13323, 13324, 13334, 3511, 13329
1771, 4180, 4289, 5019, 7188, 7503, 9067, 9776, 12663, 8434
612, 815, 902, 955, 5077, 5877, 6547, 7746, 7935, 10339, 11507, 11548, 6342, 5141, 5436, 1994
5188, 7237, 8784, 9537, 10045
85, 1895, 5389, 5712, 5775, 6531, 6532, 6878, 7373, 7528, 8483, 9423, 5334, 9088, 9490, 9674
1123, 1766, 2403, 2409, 3378, 3746, 6609, 8047, 8315, 9087, 9110, 11964, 9525, 7982
7879, 8009, 9461
3493, 6649, 8014, 10059, 12008, 12822, 7413, 9734
4088, 4550, 5106, 7669, 8854, 8853
858, 1014
1961, 10101, 10828
855, 4207, 5746, 5990, 7360, 8332, 9894, 10745, 10826, 12549, 2425
1501, 6237, 12047
6072, 7615, 9531, 11267, 12303, 12381, 1689
1412, 3546, 6070, 6320, 9802
1406, 9573, 9575
3770, 3803, 4638, 11797
1816, 3220, 5301, 6097, 6638, 7266, 8426, 9826, 9966
414, 1883, 3354, 3837, 4949, 6126, 6302, 7747, 9745, 10459, 10882, 11580, 9675
1238, 3858, 11431
144, 710, 2025, 2799, 4177, 5061, 8072, 8375, 8945, 10226, 11410, 12800, 6382, 12082
10744, 10769
3527, 3647, 4566, 4605, 7385, 7386, 12617, 5690
524, 1602, 12177
595, 2196, 3001, 3895, 5499, 5907, 6445, 7225, 10733, 10810, 11773, 13174, 2543, 13150, 7596, 6788
1492, 2086, 2749, 4289, 4897, 5019, 5916, 6464, 7055, 7503, 8244, 8434, 1507
4761, 5398, 5505, 11321, 11412, 11915, 12312, 12643, 12682, 12810, 12905, 1218, 6469
657, 1010, 4394, 4697, 5277, 10590
612, 815, 902, 955, 1106, 5077, 5877, 6218, 7746, 7935, 11507, 12222, 6253, 4109, 5141
1144, 13071
5781, 6122, 6406, 6731, 12413
3072, 3507
45, 1485, 1780, 2109, 2594, 3581, 4464, 5285, 5906, 6790, 12116, 12569, 8775, 13064
719, 3863, 11276
10496, 10498, 12236
555, 4407, 7656, 10827, 11043, 11543, 12831, 13182
2357, 4066, 4328, 6271, 10353
612, 815, 955, 1340, 1994, 3513, 5077, 6218, 7746, 10339, 11507, 12565, 902, 4179, 6253, 5436
1871, 2915, 3288, 3617, 4222, 4812, 7447, 13078, 5944
585, 586, 3628, 7985, 13372
695, 2769, 2770, 4038, 4797, 6311, 6412, 7448, 8360, 9877, 12883, 13065, 2897
3543, 3545, 4174, 5727, 5926
3531, 4466, 7010, 8517, 12979, 8225, 7326, 5871
1355, 2052, 2627, 3374, 3702, 3957, 6495, 9197, 12220, 13250, 11712, 5585, 8946
628, 1500, 1696, 2294, 2341, 2470, 2484, 2777, 2836, 6417, 7080, 9335, 4127, 1479, 6842, 5709
297, 1396, 4677, 5742, 6524, 6799, 7265, 7298, 7899, 9370, 9938, 12370, 7590
1145, 1763, 8470, 9462, 10578, 12131, 12984, 7894
2428, 4602, 5132, 5720, 5866, 11306, 12725, 12927, 13245, 5053, 9069
499, 500, 501, 502
544, 1049, 2296, 2806, 4651, 4772, 5890, 6411, 6933, 7117, 8045, 12134, 9760, 11093, 2856, 6872
422, 901, 1452, 12126, 12844
309, 1581, 3345, 5514, 9997
34, 36, 6243, 13299, 13338, 13339, 13350, 13351, 13291, 731
5247, 6971, 7176, 7916, 10845, 12646, 12953
4888, 4912, 11296, 12618
2401, 3609, 9379
2099, 2569, 3103, 6316, 6899, 11666, 12584
1711, 2097
382, 665, 3812, 5395, 8590, 11019
414, 2391, 3664, 4496, 7778, 8242, 9137, 9675, 9745, 12658, 12818, 12972, 3467, 12917, 10882, 7832
1460, 3662, 3851, 4323, 4372, 4440, 4893, 5006, 6566, 6764, 7738, 9105, 6667, 912, 11168, 12327
3366, 7051, 9009
1269, 8174, 8209, 8563, 9526
743, 6608, 11563, 12763, 13107
81, 2187, 2358, 11832, 4576
1063, 1430, 2556, 2752, 2912, 6273, 6593, 6903, 7762, 10268, 11182, 12276, 9502, 12498
1889, 2007, 2219, 2725, 6065, 8494, 9866, 10938, 11539, 11587, 12767, 13116, 5286, 12715, 7579, 7844
560, 637, 972, 2761, 4473, 5051, 5317, 5808, 6050, 6423, 7084, 8598, 11173, 9982, 8646, 13219
1871, 2915, 3288, 3617, 4222, 4812, 7447, 13078, 7919
62, 1289, 3037, 3618, 4055, 4173, 5294, 7484, 7777, 8944, 9476, 11228, 9033, 2970, 2074, 11814
3777, 6129, 6813, 11499, 11987
707, 954, 3638, 3642, 3643, 4242, 13055, 13056, 13225, 13272, 13273, 951, 952, 6151, 13228
694
338, 353, 574, 1041, 1257, 2946, 7516, 7613, 8942, 9475, 11023, 11366, 2110, 7193, 8446, 11230
476, 3856, 4803, 5204, 5482, 6617, 8640, 10981, 12223, 12680, 12945, 9836
4206, 6435, 6544, 6743, 7021, 10252, 10330, 10334, 12388, 12488, 12830, 12856, 12683, 11574
304, 1282, 1848, 1921, 2045, 2856, 3717, 4093, 5760, 6027, 8732, 12379, 2958
5230, 5323
14, 1586, 3087, 3353, 4451, 4692, 5204, 5262, 7211, 7400, 7567, 12680
477, 1725, 2866, 3229, 4105, 4845, 4891, 5233, 9302, 9959, 12771, 12980, 3049, 5778, 3444, 19
544, 1049, 2296, 2806, 4651, 4772, 5890, 6411, 6933, 7117, 8045, 12885, 12197, 1282, 5314, 2856
3989, 4856, 5407, 6860, 6893, 7097, 7296, 8500, 8699, 8709, 9066, 9603, 10939, 11011, 8977, 10172
1170, 3472, 9042, 9837, 11072, 12902
124, 872, 1377, 1394, 1851, 2423, 4351, 8445, 8448, 10015, 5913, 11659, 10952, 3098
591, 1843, 2059, 4470, 5554, 6440, 6760, 8329, 8419, 10049, 11229, 11815, 7804, 740, 10964, 7619
8934
1780, 4074, 7958, 8775, 9325, 10374, 2594
2619, 5090, 7025, 7417, 9990, 11146, 11147, 11148, 11149, 13035
3440, 6201, 6947, 7980, 6949
558, 6111, 6112, 6117, 8876, 8878, 8882, 8884, 8886, 8889, 8895, 8898, 8899, 8879, 9594, 11867
3007, 3008, 13085, 13234, 13236
1367, 1913, 7956
577, 9121, 10352
1646, 1719, 5423, 8391, 8477
5321, 8013
13335, 13336, 13353, 13377
6386, 7993, 9031
592, 3817, 6179, 7752, 8817, 9941, 11723, 12315, 8396
2036, 2346, 11792
3266, 5365, 5450, 10902
476, 2508, 2537, 3856, 3982, 4803, 5204, 5482, 10981, 11707, 12601, 12680, 6617, 3087, 14
1729, 6076, 6421, 7629, 9053, 10842, 1981, 3853
700, 884, 1560, 2516, 2878, 3299, 4570, 5271, 6344, 6691, 6708, 12112
25, 58, 1157, 2140, 2685, 3260, 3262, 3979, 7254, 8169, 8609, 12052, 8843, 11217, 1156, 12936
817, 868, 9373, 9803, 11070
747, 6637, 9317, 9892, 10376, 11813, 12384, 8188
2819, 5478, 7334, 8149, 8958, 10165
3798, 6808, 8782, 11607, 11698, 9608
5950, 6039, 6319
4858, 8361, 9869, 10914, 11462
1023, 4023, 4952, 6518, 6779, 7093, 10409, 10906, 10921, 11732, 12026, 12034, 13091
568, 894, 3792, 4240, 4244, 5884, 6954, 9546, 9957, 11767, 12375, 13186, 11659, 7306, 12243
2262, 2839, 6389, 6994, 7905, 7931, 8600, 9716, 10310, 3948
5984, 6028, 10474
323, 6193, 6514, 10714
1583, 2180, 2778, 3870, 3954, 5070, 5564, 5674, 9562, 8967, 10493, 10051
3013, 5428, 6163
1360, 1867, 2896, 4082, 9460, 10253
851, 1626, 2227, 2808, 3389, 3595
27, 265, 549, 1176, 1282, 1527, 2503, 2856, 2958, 5575, 12030, 12418, 3678, 3026, 1165, 2045
1729, 1981, 3853, 6076, 6421, 7629, 10842, 10982, 9053
262, 1669, 9367, 2648
3821, 5905, 5953, 8584, 9445, 325
488, 735, 840, 3356, 5401, 8808, 10029, 11119
210, 801, 2131, 6755, 6879, 7016, 7517, 9193, 9581, 10231, 11688, 12671, 8948, 10559, 1948
781, 2094, 3424, 3565, 3597, 5191, 5264, 5940, 6711, 8855, 9708, 11060, 9630, 9247, 13, 4750
4200, 5522, 7405, 7406, 7684, 11341
3653, 4934, 5527, 5856, 6081, 6082, 6084, 7706, 10618, 11505, 704
1034, 3121, 4784, 8491, 3398
187, 9664
3331, 4161, 10647
10, 611, 2698, 4157, 4980, 13040
340, 825, 3669, 4269, 4668, 7126, 10027, 10189, 10305, 11470, 12078, 12165, 10811, 3096, 6387, 3535
1284, 4485, 8658, 11436, 3689
5329, 9198, 12758
1878, 4102, 5419, 6259, 13329, 13334, 13340, 13364, 13368, 13370, 13381, 13382, 3511, 13323, 2354
133, 432, 1657, 2238, 6639, 7690, 7731, 8423, 9628, 10891, 12004, 13018, 13032, 1486
2329, 3203, 4137, 7559, 8094, 6625
3230, 3824, 4286, 4870, 7926, 8913, 9441, 10635, 12639, 1, 5806
4764, 4914, 10724, 12288, 12728
1496, 1502, 1565, 3174, 3222, 3465, 5556, 7729, 12338, 12695, 5072
603, 634, 1677, 1838, 7327, 9062, 10824
693, 1998, 2034, 3116, 6138, 7621, 8246, 12427
426, 4283, 5116, 11967, 12297
4088, 4550, 5106, 7669, 8853, 8854
549, 1049, 1299, 2806, 4651, 4772, 5890, 6411, 6933, 8045, 11530, 12418, 2856, 2376, 265, 544
3422
2837, 7130, 8284, 8523, 13069
7759, 11078, 11949
25, 58, 1155, 2140, 2685, 3262, 5111, 6529, 7228, 7254, 8169, 12052, 3153
940, 3667, 11100, 11461, 12954
764, 765, 2501, 7118, 8133, 10019, 10020, 10021, 11222, 11345, 9015, 11945, 8937
612, 815, 955, 3513, 4179, 5077, 5141, 5877, 6218, 6841, 7746, 11507, 1340, 6547, 3516, 902
738, 2603, 3390, 4582, 5545, 6169, 7049, 7424, 7637, 8993, 10307, 11418, 10758
573, 8367, 11740, 12215, 12494, 11900, 145, 3740, 2429
1337, 2483, 2893, 3819, 6857, 7524, 12755, 156
783, 10411, 11012, 13005, 13021
525, 1309, 1402, 1597, 1879, 3370, 4255, 4699, 5213, 6996, 7091, 9357, 11224, 10576, 4215, 7506
1673, 4070, 5246, 7096, 10285, 10344, 11573
574, 1041, 2946, 5442, 6937, 7112, 7516, 10663, 11023, 11230, 8942, 353, 338
11, 762, 6335, 8702, 9813
2033, 4246, 4829, 8019, 8785, 9779, 10936
2379, 2929, 5599, 5600, 5601, 7251, 9529, 8488, 4953
383, 537, 1529, 2118, 3162, 3800, 3899, 4932, 6631, 7275, 10706, 13092, 3469
5487, 9968
389, 854, 8131, 8352, 9420
180, 830, 995, 2478, 4243, 4658, 5186, 9947, 10368, 10566, 11407, 13095, 7565
4565, 6542, 7787, 9686
27, 265, 549, 1176, 1282, 2503, 2958, 3678, 5575, 7401, 12289, 12418, 962, 566, 970, 2045
1671, 6681, 8769, 8770, 9025, 9588, 9735, 10153, 10815