4199, 7089
631, 1508, 1706, 2296, 2344, 2476, 2489, 2785, 2845, 4129, 4412, 7105, 7028
1652, 3751, 9277, 12137
3378, 6888, 7843, 8769, 11689
565, 640, 651, 974, 2767, 4486, 5060, 5325, 6441, 8647, 8672, 12603, 11199, 11202, 5825, 9376
71, 1189, 3613, 4111, 6998, 9771, 12712, 10085
2305, 3221, 4852, 5055, 6609, 8439, 7310, 8442, 8441, 4670
2017, 3765, 6693
1112, 1744, 2335, 2416, 3487, 4519, 5031, 7432, 8665, 9001, 9622, 10574, 4796, 8723
2327, 11384
880, 1163, 3100, 4543, 5336, 6228, 8284, 9671, 10184, 10979, 12662, 12676, 339
631, 1508, 1706, 2296, 2344, 2476, 2489, 2785, 2845, 6435, 7105, 9370, 261, 4523, 6842, 4585
161, 758, 1862, 2713, 3800, 5744, 6697, 8093, 9153, 9334, 12827, 12883, 12270, 5759, 11477, 9900
5749
7370, 8656, 9486
523, 2300, 3734, 5698, 6313, 8361, 10091, 11218, 1924, 2653
991, 3237, 3278, 4379, 4610, 6035, 6328, 6663, 7480, 7481, 7649, 7657, 7740, 1490, 8719, 3304
2332, 3209, 3383, 4139, 6628, 6643, 7584, 8008, 8122, 8345, 9138, 9561
5556, 6118, 6653, 7249, 9741
120, 628, 1202, 2215, 4103, 8534, 9065, 10032, 10183, 12102, 12773, 12955, 7648
2572, 3105, 4699, 5168, 7619, 10405
2360, 4069, 4338, 6290, 10384
215, 2663, 2772, 4170, 6863, 10081, 11441, 11732, 11956, 12070, 12284, 12869, 5540
3020, 6076, 10185, 12411
210, 2260, 2261, 4028, 4030, 4031, 4033, 12019, 12090, 12091, 12092, 12094, 4029, 336, 1863, 334
2846, 7154, 8315, 8550, 13086
3590, 10509, 11257, 11707, 12187
2037, 3951, 5877, 6191, 7091, 10044
6500, 12726, 12879
104, 2515, 8172, 9353, 9932
1940, 6515, 7191, 7461, 7487, 8808, 13207, 1848
1789, 2072, 4924, 8394, 10878
1119, 4714, 4715, 11831
4325, 4508, 5473, 5737, 5801, 8038, 8703, 10242, 11268, 11635
1361, 2635, 3379, 3706, 5597, 6513, 8975, 9229, 9515, 11733, 12237, 13263, 2057
2818, 11362, 11651
1074, 1447, 6887, 6950, 10523, 11453
8730, 11139, 11721
4808, 5301, 7404, 8643
1584, 1759, 1911, 2330, 3346, 3942, 4107, 9928, 11505, 12598, 12871, 13152, 3381
7497, 8114, 8737
2355, 2778, 3618, 4466, 7922, 10753, 10754, 10755, 10923
1033, 2639, 4214, 5345, 6975, 10814, 11309, 7714, 8562
516, 521, 4672, 7683, 8324, 8989, 12616, 8988
1137, 2186, 3286, 5805
217, 1531, 1645, 2814, 3302, 3533, 5024, 5889, 7170, 7872, 11247, 13051, 12206, 5344
5053, 5649, 5663, 6479, 6604, 8051, 11340
96, 720, 3210, 3391, 4736, 4855, 7623, 8137, 12285, 13191
6206, 8384, 10126
661, 1013, 4407, 4707, 5285, 10616
4043, 11637, 12312
1214, 1343, 1831, 2997, 3174, 3779, 7077, 7439, 7925, 8041, 9054, 9606, 11066, 8436
4531, 5003, 10983, 12632
821, 871, 9409, 9839, 11094
3906, 8586, 10029, 12384, 13158
994, 1190, 1606, 2794, 5600, 7502, 11912
3816, 11109, 11406
5872
51, 1664, 2770, 3348, 5878, 6929, 7826, 10188, 11525, 11961, 12801, 12866
563, 6126, 6128, 6133, 6134, 6136, 6137, 7660, 8911, 8912, 8913, 8921, 6129, 8918
151, 4061, 5501, 9382, 11478
523, 1924, 2653, 6313, 6790, 10091, 11790, 12257, 11218, 2300
4037, 6917, 10104, 10670, 10882
287, 1182, 4121, 4398, 4489, 5190, 7988, 8068, 8115, 10090, 10693, 11633, 7686, 8000, 7655, 5078
1468, 2649, 3665, 4333, 4385, 4453, 4904, 5014, 6781, 7047, 7761, 11538, 6586, 6685, 7558, 2274
5, 633, 9034, 10630, 10820, 11201, 12874, 12896
6676, 8629, 11324
631, 1508, 1706, 2296, 2344, 2476, 2489, 2845, 2849, 7028, 7105, 10456, 4129, 3915, 4523, 2869
11720, 12354
3227, 3419, 3719, 5409
4, 4326, 5852, 7238, 7593, 7624, 8822
112, 741, 925, 938, 2829, 4787, 5262, 7595, 7881, 8207, 12203, 12751, 12907
836, 2264, 2848, 3948, 6408, 7017, 7930, 7959, 10084, 10163, 10341, 12578, 9751, 8628
227, 2092, 2708, 3714, 8467, 12086, 12969, 6999, 13120
2304, 6952, 7313, 7336, 9778, 9895, 12573, 12810, 13156, 5627, 2894, 10043
259, 1323, 1930, 2859, 4395, 6478, 8487, 9589
292, 293, 3522, 10836, 10912, 12988
1898, 4936
1674, 1699, 2319, 4231, 4327, 5369, 7640, 8863, 9567, 10571, 12325, 9164, 237
585, 1131, 1599, 1626, 3139, 3255, 3339, 4813, 5068, 5191, 5671, 10429, 8855, 6008, 10173, 8835
1883, 2357, 3514, 4155, 5428, 6605, 13302, 13319, 13321, 13335, 13336, 13347, 13354, 13376, 13377, 13341
8830, 9858, 10309, 10801
894, 1800, 2228, 3311, 3774, 6434, 10070, 11129, 11356, 11522, 12046, 6886, 2205
2158, 4511, 5939, 6968, 8508, 9124, 9284, 11311, 11372
5567, 8609, 8997
5807, 8449, 8602, 9279, 11549, 11802
4922, 8583, 9902
5596, 7973, 7974, 8155, 9196, 9449, 9465, 9466, 9467, 9468, 9483, 9759
2879, 6534, 13113
634, 1917, 5201, 6395
3671, 3853, 4125, 9181, 12155
4205, 5533, 7433, 7434, 7709, 11366
2819, 12707
1429, 1954, 2073, 3295, 6072, 6318, 9257, 9617, 9959, 12499, 9083
1903, 7508
17, 608, 1915, 5863, 8272, 12790
94, 582, 831, 1207, 1746, 1782, 1822, 2405, 2599, 2958, 7952, 8007, 8225, 3141, 155, 10467
1501, 3110, 3707, 6079, 6251, 6822, 8944, 9657, 12524
415, 2350, 2351, 2353, 5196, 6416, 6690
3975
251, 253, 254, 255, 256, 257, 1453, 2842
5787, 5927, 7864, 8529, 12335, 12930
1202, 1616, 2215, 4103, 6375, 7648, 8534, 9065, 10032, 10183, 12773, 12955, 628, 2055, 12477
27, 267, 554, 1180, 1289, 1534, 2380, 2965, 5587, 8540, 9501, 12440, 2435, 458, 1418, 1191
2892
1083, 3019, 8303
5726, 8366, 13035
555, 6440, 8246
113, 3769, 4282, 5314, 5468, 5639, 6622, 9283, 9810, 9825, 10332, 10942, 4676, 11896, 10971, 13026
1504, 1510, 1572, 2486, 3181, 3228, 3470, 3479, 5568, 7753, 12360, 12715, 5082, 8481, 2096, 12562
2163, 2594, 6738, 8489, 8491, 12559
134, 435, 1494, 1666, 2241, 4307, 6657, 7715, 7755, 10916, 13036, 13050, 8451, 9664, 12022, 3422
816, 1694, 6969, 9435, 10432, 10711
217, 1186, 1334, 1531, 1645, 2814, 3302, 3533, 5024, 5889, 8831, 13051, 11247, 12206, 10568, 2085
7361, 10219, 10821
1671, 3374, 8421
10793
4991, 4992, 5651, 7267, 9231, 9602, 12895, 5043
4572, 9992
883, 2257, 2609, 8254, 9050, 10055, 12065
524, 1194, 5443, 5506, 7630, 8555, 12331, 12351, 12840
1276, 8204, 8240, 8590, 9562
1397, 2926, 3982, 9313, 10434, 11019, 13002
210, 2260, 2261, 4028, 4029, 4030, 4032, 4033, 5353, 11273, 12020, 12618, 2364, 5349, 4031, 6409
929, 1990, 2293, 3079, 3673, 4430, 5303, 6555, 6974, 7130, 7394, 9002, 455, 7367, 12456, 12831
5218, 7209, 11013, 11835
5720, 10488, 11576
276, 1702, 3126, 3218, 4417, 5817, 6204, 8887, 10282, 10541, 11122, 12283, 4581, 12387
2073, 2292, 3841, 3933, 6273, 6351, 7092, 11600, 12496, 12909, 6318
2641, 7641, 10697
585, 1131, 1599, 1626, 2771, 3139, 3339, 3396, 3934, 5068, 5671, 10173, 587, 4813, 1304, 1497
210, 1863, 2260, 2363, 2364, 2944, 4032, 5353, 6018, 6019, 6087, 12088, 11273, 12020, 5349, 334
9347
3039, 5115, 5234, 8560, 9339, 10154
2937, 4134, 5782, 5972, 6026, 7499, 7679, 7884, 8632, 9420, 10558, 12503, 4402, 3526
2105, 2680, 4271, 6243, 7337, 9798, 9962, 10786, 11583, 12119, 12230, 12406, 592, 4343, 3630
541, 6824, 8459, 8868, 9374, 10655, 10865, 11230, 11346, 13181, 13266, 4075
641, 1708, 1843, 2331, 4151, 5297, 5299, 5503, 5504, 8030, 9980, 10477, 10767, 13030, 4152, 8028
67, 502, 503, 504, 505
6919
1214, 1343, 1441, 1831, 2997, 3174, 4958, 5598, 5957, 9054, 9606, 12623, 9710, 7077, 11602
932, 1544, 1836, 9632, 11085, 13085
1808, 3543, 3545, 6508, 7551, 7756, 12148
2182, 3353, 4052, 4053, 4216, 5590, 6758, 7450, 8764, 9246, 9804, 11308, 11927
340, 1468, 1689, 2745, 3506, 4218, 4996, 6586, 8943, 10012, 10268, 11194, 3850, 2005, 4941, 914
6000, 6043, 10000, 10500
4995, 5009, 5045, 12711
1088, 2894, 5627, 6911, 6952, 7313, 7336, 9778, 10043, 12573, 12810, 13156, 9895
38, 111, 1178, 1183, 3960, 9067, 9433, 9739, 12832
2276, 5521, 9312, 11396
3288, 3873, 5011, 9898, 10494, 10787, 11200, 11335
3509, 13241, 13281
2865, 4615, 5036, 10974, 11598
1906, 5596, 7973, 7974, 7975, 9449, 9465, 9466, 9467, 9468, 9483, 9759, 8155, 9196
1660, 2173, 3937, 5021, 5323, 5647, 8262, 9278, 9505
1361, 2057, 2635, 3379, 3706, 5597, 6513, 8975, 9229, 11733, 12237, 13263, 3957, 9515
2754, 3322, 3917, 5044, 10988, 11221
2596, 8056, 12850
3280, 4303, 8935, 9289, 11910
7703, 7704, 7705, 11071
2734, 3908, 7349, 8898, 9915, 10471, 4915, 604
289, 8458, 8581, 13216
810, 1412, 1752, 6415, 6687, 8300, 9452, 10031, 10642, 11725, 11788, 12412
1297, 6662, 10235, 11992
431, 625, 1528, 1529, 2118, 6370, 8059, 12610, 12919
321, 1327, 5822, 8456, 8986, 10222, 10294, 11318, 11672
929, 1990, 2293, 3079, 3673, 4430, 5437, 5595, 6555, 7394, 8220, 9002, 12456, 4381, 3397, 12716
1817, 3050, 5123, 5316
789, 1890, 4146, 7685, 12221
6374, 8151, 9904, 10927, 12772
1765, 3503, 8087, 9981, 11125
3656, 4945, 5538, 5873, 6098, 6099, 6101, 7731, 10645, 11528, 706
5874
310, 1588, 3351, 5525, 10033
4899, 4923, 11320, 12641
1009, 1198, 1204, 1386, 2804, 4682, 10264, 11120, 1203
622, 2119, 3091, 8594
2305, 3364, 4670, 4852, 5055, 6609, 7310, 8439, 8441, 8442, 3221
516, 521, 4672, 7683, 8324, 8988, 8989, 12616
5383, 9017, 10102, 10803, 769, 9557
377, 9843
631, 1508, 1706, 2296, 2344, 2476, 2489, 2785, 2845, 2849, 6435, 7105, 7790
4052, 4053, 4504, 4891, 5590, 6002, 6758, 6951, 7110, 9804, 11130, 12511, 7827, 12913, 3794, 1150
146, 576, 2434, 3698, 3743, 8123, 8395, 8402, 9217, 11920, 12516
7219, 8493, 11953
1685, 2787, 7100, 7366, 7676, 12495
1092, 3125, 3887, 4867, 5819, 6160, 9545, 10158, 11541, 12156, 12836, 10410, 10528
1134, 1426, 8132
2086, 2417, 4447, 7977
2459, 3730, 4583, 4860, 8360
2752, 3071, 9106, 10992
4984, 9220, 9595, 9596, 9597, 12261
1108, 1387, 4016, 6536, 10990, 11978
3031, 3892, 4516, 7738, 7972, 9529, 10093, 10951, 11193, 10619
1861, 8499, 8500
417, 1888, 3360, 3959, 4958, 6143, 6321, 7770, 9779, 10486, 10907, 11602, 4342, 8423, 8273, 2395
2254, 11395
1888, 3360, 4342, 6143, 6189, 6321, 7770, 7860, 8423, 9889, 10486, 10907, 4958
1570, 5169, 6004, 6069, 7338, 7896, 9429
179, 839, 863, 1517, 2730, 4308, 4330, 5660, 5667, 8682, 9331, 9704, 12068, 9492, 5731
260, 3015, 4009, 4326, 4701, 5511, 5719, 6906, 7570, 7913, 11971, 11972, 7624
1009, 1198, 1203, 1204, 1818, 2804, 4682, 10264, 11120, 1386
5798, 6139, 6425, 6749, 12435
287, 4121, 4398, 4489, 5190, 7655, 8115, 10090, 10693, 11633, 11847, 12549, 3660, 2642, 5890, 7686
21, 59, 1716, 3846, 5371, 7847, 7858, 8623, 10085, 10181, 12341, 12469, 4111, 8844, 5261, 12712
47, 97, 613, 1162, 1748, 8278, 9006, 9910, 10092, 10487, 10594, 13042, 12984, 5658, 4424, 13064
387, 5950, 11206, 12329, 11906, 9865
2644, 2769, 2967, 3036, 3038, 3172, 3173, 5912, 6468, 13344, 13345, 13363, 4454, 11088, 3035
7998, 10501, 12656
1845, 2109, 2110, 2111, 2112, 5844, 6600, 8702
246, 1097, 1511, 2140, 3647, 5758, 5770, 7216, 7791, 8339, 9803, 11368, 2059, 9612, 5862, 6011
2574, 3736, 3936, 4347, 4451, 5659, 5672, 6711, 6928, 7957, 8463, 12635, 8309, 9427, 975
16, 1705, 3060, 4088, 4189, 4198, 5618, 5657, 7012, 8572, 9700, 12359, 5049
4506, 6381, 8270
490, 5186, 6382, 11615
343, 8411
192, 2329, 6831, 9547, 9638, 10634, 11828, 11962, 11999
3742, 4798, 11873
2530, 3996, 4665, 5891, 6275, 11639, 12611
942, 1610, 3670, 11126, 11486, 12971
468, 5260, 7096, 7180, 8726, 8824, 9297, 11405, 12418
2978, 11489, 11575
1219, 2061, 12543
120, 628, 1202, 1616, 2055, 2215, 2985, 8534, 9065, 10183, 11686, 12477, 12955, 4103
690, 1901, 2610, 6372, 7406, 8033, 9430, 11360, 11726
9765, 13103
1214, 1343, 1831, 2997, 3174, 3779, 7077, 7386, 7439, 9054, 9606, 12623, 3572, 1441, 12514, 3667
12608, 12759
11078, 12888
227, 2092, 2708, 3714, 6999, 8467, 12086, 13120, 6734, 12969
1057, 2056, 4095, 4353, 5421, 5677, 6814, 8119, 8742, 9817, 11818, 5543, 6532, 11239
393, 3032, 4664, 9563, 9921, 9923
375, 440, 487, 963, 1571, 1792, 5242, 8727, 11710
563, 6133, 6134, 7660, 8913, 8914, 8920, 8921, 8924, 9630, 11887, 11888, 8905, 8925, 6136, 6137
1321, 2150, 2720, 3290, 6859, 8475, 9307, 9984
3964, 5438, 5606
94, 630, 1377, 1746, 1782, 1882, 2405, 2552, 3062, 5379, 7418, 8225, 2371
3902, 4305, 10179, 10320, 12277, 12278, 12280
32, 7538, 8802, 9199, 10022, 10220, 11904, 12671
7867
1361, 2057, 2635, 3379, 3706, 3957, 5597, 6513, 8975, 9229, 12237, 13263, 9515
2669, 11156
1708, 1843, 2331, 3931, 5297, 5299, 5504, 6785, 8030, 8663, 9980, 10477, 5958, 5296, 9550, 10818
55, 731, 2252, 6474, 8422, 8448, 10466, 11349, 11439, 11844, 12856, 13143, 7706, 8964, 7293, 902
3066, 6145, 7097, 7430, 7883, 8089, 12485, 12718, 10636
210, 1863, 2260, 2261, 4029, 4030, 4032, 5353, 6018, 6409, 11273, 12092, 337, 12094, 6019, 6282
975, 3736, 3936, 4347, 5659, 5672, 6711, 6928, 7957, 8309, 8463, 12635, 11042, 11612, 9427, 10903
1396, 6615, 9667, 10965, 11435, 11491, 11595
1916, 9348
3274, 5467, 5712, 6910, 8319, 8512, 9552, 10720, 11413, 11995, 12007, 12125, 6279, 8513, 12684, 12789
1967, 10137, 10852, 11446
1345, 2009, 11839
900, 971, 1368, 3259, 5658, 6730, 7763, 8537, 9471, 10487, 11824, 13042, 6914, 9910, 613, 10594
3149, 4677, 6389, 8298
69, 87, 1385, 1714, 1747, 5175, 7305, 7579, 7740, 8719, 8993, 11008, 4379, 121, 8159, 1419
691, 731, 6474, 7737, 8422, 9134, 9178, 10466, 11844, 12174, 13143, 13145, 6686
286, 9147, 9383
3940, 4175, 12878
1361, 2057, 2635, 3379, 3957, 5597, 6513, 8975, 9229, 11733, 12237, 13263, 3706, 9515
1931, 5178, 5425, 8897, 12863, 13151
389, 4100, 5898, 11942, 12526
2407, 3040, 3187, 6338, 12651
683, 1062, 1300, 1586, 2176, 2781, 3347, 3992, 4597, 10211, 10609, 12448, 6712, 1492, 13087
1535, 11433
3078, 5829, 8591, 9177, 9716
3945, 4794, 6334, 7614, 8615, 10605, 12580
237, 941, 1674, 4231, 4327, 5369, 6901, 8466, 9164, 9506, 10571, 10666, 9567, 4432
2835, 3428, 7752, 9113
1546, 2496, 3790, 5975, 8434, 10672, 11713, 1201
1560, 5361, 11185, 12465
133, 1933, 2339, 3162, 5824
339, 3100, 5336, 8284, 10979, 12662, 12676
472, 3759
2230, 3518, 5551, 6780, 6802, 7652, 10127, 10340, 9653, 11048, 8285, 9532
3411, 7746, 8440, 11052, 11212, 11454, 12154
99, 653, 2692, 2693, 4911, 12373
1305, 3263, 3264, 4263, 5711, 6279, 7915, 8512, 8513, 10954, 12007, 12684, 9552, 5712, 5467
1999, 6103, 7312, 9033, 9328, 9568, 9599, 9901, 10153, 847, 2318, 9760
2147, 4368, 10991
2168, 2410, 2612, 3525, 4741, 4763, 5547, 6750, 7020, 7388, 7964, 13119, 3245, 10021, 979, 9877
1706, 2476, 2845, 2849, 5500, 6435, 7028, 7105, 7265, 8524, 8749, 9243, 3956, 4523, 4585, 2489
1149, 2561, 7085, 7919, 8497, 9018, 9497, 12146, 13003, 1772
2553, 4778, 4779, 6718, 9472
779, 4642, 9165, 10296
12417
158, 1344, 2488, 2903, 6876, 7550, 8482, 12776
638, 1006, 1690, 3262, 3304, 3373, 5315, 6317, 7212, 8335, 9721, 12426, 1385, 1979, 507, 4206
234, 355, 398, 1749, 3655, 3840, 3879, 5047, 5396, 7234, 9920, 13061, 10293, 11662, 7070, 8371
2395, 2997, 7077, 7801, 7925, 8376, 9779, 12514, 12568, 12680, 12838, 12989, 7439, 4509, 8041, 10907
1368, 3991, 4866, 5987, 6542, 6767, 6879, 6914, 7322, 8527, 10372, 10727, 10206, 9639, 10824, 8738
189, 9699
1677, 1846, 2142, 2398, 4156, 5997, 8380, 10256, 12231
136, 7575
4284, 5549, 8383, 11043, 11517
6238, 8768, 11512, 12178
506, 561, 676, 1295, 2258, 5110, 5573, 10327
10171, 10278
1853, 2421, 4042, 4116, 4967, 6745, 8371, 9252, 4334, 3410, 8233, 10525
627, 2113, 6029, 8657
683, 1062, 1300, 1724, 2962, 3347, 3992, 4597, 5775, 10211, 11867, 12448, 10609, 2781, 6159, 13087
731, 902, 1946, 2252, 7293, 7389, 7706, 8964, 10466, 11439, 11844, 12718, 12318, 13143, 1688, 9364
434, 2450, 5728, 6597, 9310, 10024, 10202, 12060
1305, 3263, 3264, 4263, 5711, 6279, 8513, 8734, 10954, 12684, 8736
3761, 7795, 9192, 10201, 10322, 10936, 11592, 12901, 13219
3656, 4945, 5538, 6099, 6101, 7731, 10645, 11528, 6098, 5873
55, 691, 2447, 4075, 4988, 8448, 9178, 11349, 11766, 12233, 13143, 13145, 11844, 12174, 11346, 10466
3864, 8861, 8862, 10668, 11103, 11545, 12274
5793, 7358, 11518
3583, 6616, 8744, 9282, 10345, 10543, 11794, 4626
417, 1888, 3360, 3837, 3959, 4958, 6143, 6321, 7770, 8423, 10907, 11602, 9779, 9166, 6189, 8273
2162, 10899, 11182
2541, 7909
1240, 4756, 9462, 12066
9478, 9669, 11306
631, 1508, 1706, 2296, 2344, 2476, 2489, 2845, 2849, 7105, 10456, 12558, 4412, 6842, 261, 5702
55, 1236, 2447, 3962, 4075, 4988, 8415, 9569, 11346, 11766, 12233, 13145, 13143, 6349, 6824
1842, 3754, 4986, 6641, 7671, 9335
2744, 3088, 3156, 3387, 3735, 5642, 5864, 7139, 7372, 8131, 12992, 13098, 3271, 8325
890, 1438, 7033, 7750, 12889
186, 501, 1810, 1904, 2474, 3052, 3966, 4718, 4953, 8178, 9201, 10420, 11571, 4580, 424, 399
52, 977, 1832, 3046, 3535, 5867, 6225, 6299, 6418, 11091, 11741, 12468, 4789, 9813, 8393
306, 658, 1320, 2090, 5002, 8426, 8547, 9228
2280, 2658, 4298, 5304, 6013, 6427, 7689, 8488, 8947, 9224, 10823, 11376
1954, 2073, 3295, 4584, 6072, 6318, 9083, 9257, 9617, 9959, 12482, 12499, 1429, 7543, 3841
3180, 4919, 9476
4724, 5006, 9955, 11203, 12239
833, 2418, 5340, 9857, 10459
791, 1348, 4490, 4865, 6001, 7563, 9683, 11186, 11655, 12653, 5553
2844, 4859, 4966, 5096, 8786, 9185
623, 6841, 8238, 8259, 10632
4404, 5037, 6245, 7095
1133, 1909, 3319, 3777, 4807, 5176, 6522, 8184, 9030, 10886, 11437, 13170, 12575, 9543, 2527
4863, 6535, 8107
1598, 1949, 4767, 6525, 8541, 9752, 10706, 6738
1420, 9298, 9820
7134, 11451, 11452
686, 1505, 4051, 4321, 4322, 5565, 7936, 8595, 11229, 12979, 8800
7316, 7865
905, 4770, 7073, 7457, 11341
1700, 1986
5973, 6591, 9123
1823, 3226, 5309, 6114, 6656, 7291, 8454, 9861, 10003
1033, 2639, 4214, 5345, 6975, 7714, 8353, 8562, 10814, 11309, 10968
874, 3192, 5751, 7323, 7423, 10176
6263, 7967, 8633, 11300
3132, 4889, 5637, 8170, 10905, 11159, 11737
5265, 10943, 11496
2741, 3297, 6121, 8203, 10536
3364, 4670, 4852, 5055, 6609, 7310, 8439, 8441, 8442, 3221, 2305
7714, 8353, 8562, 10814, 10968, 11309, 1033, 6975
388, 5594, 7838, 8494, 11401
660, 3370, 7043, 10799, 11801
260, 754, 3015, 4701, 5511, 5719, 6906, 7570, 11971, 11972, 12739, 4009, 4326, 7913
549, 1052, 2298, 2815, 4661, 4783, 5906, 6430, 6955, 7141, 8073, 12905, 12214, 9693, 2866
3390, 3843, 4007, 5686, 7805, 7928
27, 267, 554, 1180, 1289, 2509, 2965, 3682, 5587, 7429, 12310, 12440, 1926, 1534, 3030, 570
1138, 3904, 13129
1157, 11367, 12029
227, 2092, 3714, 12086, 12969, 8467
1033, 2639, 4214, 5345, 6975, 7714, 8353, 10814, 10968, 11309, 8562
1848, 1940, 3741, 6515, 8002, 12861, 7461
11278
1811, 2124, 3916, 7853, 8634, 9502
2357, 3514, 4155, 5988, 13302, 13316, 13317, 13319, 13322, 13347, 13367, 13375, 13336, 4105, 13335, 13321
94, 582, 630, 831, 1207, 1377, 1746, 1782, 1822, 2405, 2552, 2958, 4574, 3062, 670, 1882
4230, 11251, 12897
787, 10439, 11034, 13022, 13039, 12683
10439, 11034, 12683, 13022, 13039, 787
6581
665, 1762, 3055, 6517, 6834, 7385, 8336, 11377, 12663
2312, 7103, 7614, 8205, 9044, 10894, 11252, 11668, 6334
146, 3698, 3743, 8123, 8395, 8402, 9217, 11920
931, 2454, 2806, 3145, 3857, 5944, 9256, 10094, 11922, 12096, 12686, 12693, 8873, 7199
9882, 10059
641, 1676, 1843, 4151, 4152, 5296, 5298, 5503, 5958, 9550, 10767, 10818, 13030, 5505, 5974, 11738
581, 1318, 1814, 10203, 10853, 13032
1427, 1795, 5099, 5832, 9698, 10542, 11736, 11755, 12923, 13232, 9982, 6935
97, 486, 682, 4424, 7322, 9006, 9094, 9377, 9639, 10092, 10565, 10824, 8738, 6767, 8728, 4866
82, 2191, 2361, 4588, 11853, 11054
5680, 6870, 7726, 7779, 8539, 11735, 11934, 12943
1079, 1711, 3563, 8756, 10493, 11634, 12410, 5212
847, 2318, 5034, 5925, 7302, 7357, 7454, 9033, 9194, 9760, 10457, 11605, 9568
284, 3921, 5035, 7588, 7616, 9261, 10014, 10110, 10353, 12370
2066, 2883, 4072, 4165, 4858, 5980, 6308, 8304, 13117, 13118
47, 97, 613, 1162, 1748, 8278, 9006, 9910, 10092, 10487, 10926, 13064, 8537, 486, 13042, 4424
458, 549, 554, 964, 1102, 1169, 1289, 1306, 2380, 8073, 9814, 11119, 3243, 2509, 2584, 1052
69, 87, 1385, 1714, 1747, 3304, 5175, 7305, 7579, 7740, 8719, 12455, 6317, 5397, 3531, 6915
1883, 4105, 4155, 6278, 13341, 13347, 13354, 13380, 13384, 13386, 13397, 13398, 3514, 13394, 13336, 5428
1699, 2319, 4231, 6088, 7640, 9567, 11292, 12325, 12402, 4327
731, 902, 1946, 2252, 7293, 7389, 7706, 8964, 10466, 11439, 11844, 12856, 12318
1954, 2073, 3295, 3841, 4584, 6072, 6318, 9083, 9257, 9617, 9959, 12499
2831, 4188, 7292, 7311, 7799, 10157, 10563, 11786
541, 4075, 6824, 9374, 10865, 11346, 13181, 13266, 11230, 9569, 8415, 4988
2309, 2310, 2982, 2983, 2984, 3338, 4746, 4747, 4749, 7424
3337, 4164, 10673
9577, 10130, 10255, 10337, 10949, 13071
1853, 2421, 3410, 4042, 4116, 4334, 4914, 4967, 4994, 6745, 10525, 12872, 10620, 6089, 10790, 12800
748, 6588, 10013, 10419, 11051, 11665
134, 435, 1494, 1666, 3422, 6657, 7715, 7755, 8451, 10916, 13036, 13050, 12022, 9664, 2241, 4307
582, 670, 1377, 1782, 2371, 3062, 3141, 4574, 5192, 5379, 10467, 12128, 831, 1207, 8225, 3142
283, 1950, 5738, 6021
5470, 11259, 12844
631, 1508, 1706, 2296, 2344, 2476, 2489, 2785, 2845, 7105, 9884, 10456, 6435, 3915, 4523, 4129
2166, 2940, 5940, 6747, 9968
1547, 3773, 4341, 6144, 9015, 10274, 11219, 11585, 11952, 12466
4411, 4448, 6769, 8538, 8670, 8960, 9860, 8995, 12777, 9293, 4862
1019, 3880, 4848, 4849, 5173, 5216, 6068, 6621, 11132, 6231
691, 1136, 3647, 5259, 5530, 6686, 7122, 7791, 9134, 9178, 9612, 9803, 2059, 2140, 7216, 1511
1906, 5596, 7973, 7974, 7975, 9449, 9483
7021, 9941
549, 1052, 2298, 2815, 4661, 4783, 5906, 6430, 6955, 7141, 8073, 12150, 1306, 1289, 554
3583, 4626, 8744, 9282, 10345, 10543, 11794
123, 145, 1175, 4181, 6401, 8047, 8100, 10101, 11434, 12097, 8974, 2031, 8403, 10259
1301, 2326, 4460, 5029, 9029, 11266
2688, 3440, 4458, 5082, 7107, 7670, 12715
708, 5498, 5586, 5591, 6576, 6714, 7003, 9874, 12806, 6843, 345
1082, 1350, 2464, 3484, 10626, 11220, 13180
322, 2946, 7261, 7263, 7643
1888, 2395, 3360, 3959, 4958, 6143, 6321, 7801, 9779, 10486, 10907, 11602, 7860, 8273, 12838, 6189
641, 1843, 4151, 4152, 5296, 5298, 5503, 5958, 5974, 8028, 8029, 9550, 242, 5299, 10818
674, 9203, 11855
60, 4720, 9837
1088, 2894, 5627, 6911, 7313, 10043, 12573, 2304, 9778, 12810, 7336
931, 2454, 2806, 3145, 3857, 5944, 9256, 10094, 11922, 12096, 12654, 12686, 8873, 951, 12693
6824, 8459, 8868, 10655, 10865, 11230, 13266, 11346, 541, 9374
1033, 2639, 4214, 5345, 6975, 7714, 8353, 8562, 10814, 10968, 11309
2458, 4577, 6562, 7810, 9722
1732, 11468, 11878
6709, 8946, 10779, 11079
1126, 1775, 2408, 2415, 3383, 3748, 6628, 8075, 8345, 9115, 9138, 11983, 5836
266, 12024
5114, 5709, 5837, 7772, 11941
1033, 2639, 4214, 5345, 6975, 7714, 10814, 11309, 8353, 8562
4261, 7309, 9668, 9753, 10576, 13164
1356, 4067, 9157
620, 1364, 5465, 10490, 10491, 10492, 11057, 11944, 12149
4, 4009, 4326, 5511, 5852, 6906, 7238, 7570, 7593, 7624, 7913, 8822
3526, 4402, 4801, 5602, 6026, 6626, 7499, 9364, 9425, 9862, 11143, 11552, 12399, 7884, 12135, 12718
427, 2548, 2769, 3035, 3038, 3172, 3173, 4454, 5912, 11088, 13363, 2352, 2315, 11032
855, 2817, 13269
4305, 10179, 12277, 12278, 12280, 10320
123, 145, 1175, 6401, 8047, 10101, 11434, 12097, 714
723, 3863
1471, 5032, 12113
280, 1130, 11049, 12736
150, 525, 592, 1076, 3630, 4271, 9962, 10786, 11583, 12119, 12234, 12406, 12230, 7337, 2105, 9798
26, 401, 879, 3224, 5952, 6316, 6504, 6701, 8289, 9744, 11578, 4278, 4439
2834, 7086, 11011
6594
1097, 1136, 2059, 2549, 3257, 3695, 4729, 5839, 9612, 10275, 11037, 12222, 7730, 7600, 6686, 12615
3530, 3650, 4578, 4616, 5703, 7411, 7412, 12640
631, 1508, 1706, 2296, 2344, 2476, 2489, 2785, 2845, 2849, 4412, 7105, 2869, 4129, 6842, 4982
4755, 7015, 7016, 10443, 10527, 11073, 12730, 13157
10997, 10999
1305, 3263, 3264, 4263, 5711, 6279, 8513, 10954, 12007, 12684, 8734, 7915, 8512
1452, 2525, 3952, 5895, 7398, 10364
55, 691, 6686, 7737, 8422, 9134, 9178, 10466, 11766, 12174, 12233, 13145, 9612, 3647, 8448
421, 527, 4733, 5860, 7509, 7707, 9236, 10961
1070, 4623, 6050, 8055
1848, 3741, 6515, 8002, 12861, 1940
4081, 12819
356, 357, 1195, 1423, 2174, 2800, 3987, 4595, 5718, 6282, 6283, 6284, 10913, 6409
3377, 6540, 7304, 8052
1324, 10161, 12377
9180, 10982
3896, 9144
3003, 12311, 12314
5888, 7587, 7962
1214, 1831, 2997, 3174, 7077, 7925, 8041, 8376, 12514, 12568, 12623, 12680, 9606, 2395, 7801, 7386
4138, 7968, 12030
6088, 7640, 9567, 11292, 12325, 12402, 1699, 4231
1963, 12017, 12587
918, 9829, 11026, 12205
1057, 2056, 2333, 4353, 5677, 6532, 8119, 8742, 10584, 11239, 11618, 11818, 5421, 6814, 9817
5420, 7626, 8092
951, 3145, 3857, 5943, 6230, 6895, 7199, 8873, 9256, 12058, 12654, 13185, 2454, 10094, 931, 5944
531, 2054
2964, 10785
1566, 8214
75, 1992, 4888, 7947, 11275, 11846, 13178
2395, 4509, 5598, 5957, 7801, 8273, 9779, 12680, 12838, 12989, 12176, 9166, 10907, 11066
385, 668, 3813, 5404, 8617, 11041
179, 839, 863, 1517, 2730, 4308, 4330, 5660, 5667, 5731, 9331, 9492, 8682
3012, 3013, 13102, 13248, 13250
7628, 13192
1552, 3369, 4380, 8307, 8525, 10035, 11479, 6355
3272, 5374, 5459
134, 435, 1494, 1666, 2241, 3422, 4307, 6657, 7715, 7755, 8451, 13036, 9664, 13050, 10916
234, 2678, 7070, 7446, 8516, 10293, 10455, 13061, 7234, 4334, 5396
529, 1611, 12193
629, 6226, 8181, 9893, 11086, 11297, 12248
3158, 3958, 5963, 7135, 9592, 13163, 4556, 10431, 7565, 7777
1149, 1772, 8497, 10604, 12146, 13003, 9497
3328, 7541, 10643
1303, 3269, 3270, 4219, 6384, 13267
638, 1006, 1690, 3262, 3304, 3373, 5315, 6317, 7212, 8335, 12298, 12426, 1979, 7809, 507, 6915
1026, 4026, 4961, 6537, 6797, 7117, 10437, 10930, 10945, 11754, 12043, 12051, 13108
2905, 4047, 4232, 4656, 4977, 6306, 6490, 7197, 10829, 11385, 7724, 9071, 8418, 8593
1581, 13357
5988, 13302, 13317, 13318, 13319, 13320, 13322, 13323, 13367, 13375, 13376, 13389, 13346, 13347, 3514, 5428
417, 663, 1888, 3360, 3472, 3837, 6321, 7770, 8273, 9166, 9710, 10907, 4958, 12935
3183, 4243, 4875, 5358, 6559, 7303, 9973, 12158, 4244
474
530, 1317, 1406, 1605, 1884, 3376, 4264, 4709, 5220, 7019, 7115, 9393, 2728, 10911, 11250, 10602
195, 3594, 4758
47, 613, 900, 1162, 1748, 3259, 5658, 6730, 7763, 9910, 10487, 10594, 10926, 97, 2511, 1179
6302, 6303, 6304, 6305, 12808, 12809
2332, 3209, 4139, 7584, 8122, 6643, 8008
335, 2259, 2260, 2261, 2262, 2363, 4028, 4029, 4032, 4033, 12094, 12619, 337, 10600, 1863, 210
6088, 7640, 11292, 12325, 12402, 9567
760, 4120, 11244
3791, 6990, 11179
418, 4835, 9680
3573, 3575, 3576, 3577, 4132, 5076
810, 1412, 1752, 6415, 10031, 11725, 9452
4047, 4656, 4977, 7724, 8418, 8593, 9071, 10144, 10829, 6490, 4232, 2905
1906, 5596, 7973, 7974, 7975, 9449, 9465, 9466, 9467, 9468, 9759, 9483
180, 3469, 4795, 5474, 8183
430, 3023, 4476, 5092, 8432, 10929, 11619, 13138, 10932, 10275, 12222, 7159
8823
217, 1531, 1645, 2814, 3302, 3533, 5024, 5889, 7872, 8831, 10568, 11247, 12206, 2085, 11533
6102, 7949, 8266, 10608, 11649, 5489
2853, 4436, 4452
6297, 11093
1275, 2208, 2519, 4535, 5321, 5593, 5797, 7124, 9514, 9918, 10627, 11117, 1545, 4617, 10015
855, 2817, 3394
2910, 3838, 5219
93, 1506, 2099, 2995, 3587, 5690, 8374, 8599, 8616, 10365, 10415, 12622
1097, 2059, 3257, 3695, 4289, 5839, 7600, 7730, 9612, 9803, 9908, 10298, 12118
784, 1100, 1876, 5750, 7448, 9899, 11168, 12251, 12358, 12729, 13027, 13214
3845, 8352, 8981, 9519, 9972, 10696, 11845, 12647, 5621
403, 1523, 2077, 4035, 4640, 6800, 8282, 11580, 12438, 12755
1699, 2319, 4231, 7640, 9567, 5369, 8863
4533, 6916, 10771
342, 1143, 1760, 6355, 7275, 7840, 8307, 8525, 8621, 8937, 11479, 12845, 10959
417, 2395, 3667, 4509, 7801, 8273, 9166, 9710, 9779, 12680, 12838, 12989, 8436, 663, 6321
1149, 1772, 2561, 7085, 7919, 8497, 9018, 9497, 10604, 12146, 13003
11948, 11949
560, 4420, 7681, 10851, 11065, 11567, 12852, 13197
259, 1323, 1930, 4395, 8487, 9589
8459, 8868, 10655, 11230, 13266, 10865, 6824
7634, 8781
5338, 9230, 12779
4508, 5737, 5801, 8038, 8703, 10242, 4325
1079, 1711, 3563, 5212, 8756, 10493, 11634, 12410, 7620
102, 2088, 2283, 2861, 3349, 4050, 5781, 6110, 6248, 6817, 9250, 12374, 4055, 1787, 3830, 9436
1769, 8696, 11105, 11264, 11691, 12152
1848, 1940, 3741, 6515, 7191, 7461, 7487, 8002, 8808, 12861, 13207
2456, 2466, 2467, 9930
69, 87, 1385, 1714, 1747, 5175, 7305, 7579, 7740, 8719, 8993, 12807, 7456, 8159, 6035, 6915
3002, 11684, 12655
1057, 2056, 2333, 5677, 6532, 8119, 8742, 10584, 11239, 11618, 11818, 6814, 4353, 5421
635, 3317, 3905, 4083, 5040, 12882
1998, 2459, 3730, 4583, 4860, 8360, 5103
1172, 7011, 7546, 12446, 13154, 1379, 2700
69, 87, 121, 1385, 1419, 1714, 1747, 3531, 3599, 7740, 8719, 8993, 8159
1092, 3125, 3887, 4867, 6160, 9545, 10158, 10410, 10528, 11541, 12156, 12836, 3178, 5819
1085, 1196, 4546, 5375, 7194, 7539, 8639, 8979, 12194
10522, 10524, 12254, 12263
399, 424, 3966, 6172, 8178, 8803, 9201, 10420, 11571, 12421, 4718, 4580, 4953, 2474
1636, 1682, 7093, 7251, 7256, 8032, 9830, 9832, 11216, 11561, 12273, 12564, 9834
1112, 1744, 2335, 2416, 7432, 8665, 10574, 5031, 9001, 3487
1136, 2549, 4297, 4729, 5092, 9612, 10275, 11037, 11603, 12222, 12615, 7600, 3695
23, 4816, 9953, 9954, 10737
1048, 5559, 5560, 5563, 6125, 6131, 6135, 7659, 7660, 8911, 9998, 11712, 6889, 6126, 8926, 6134
1569, 13229
1034
675, 3625, 7259, 12621, 12853, 12980
16, 3060, 3566, 4088, 4189, 4198, 5618, 5657, 7012, 8572, 9700, 12359, 5049, 1705
247, 6570, 7900, 10546, 12372
1240, 1621, 2235, 5970, 6805, 11154, 11757, 12066, 12545, 8485, 2180, 1576, 4011