146 837 2071 2077 2085 2410 3718
218 630 941 1215 2872 3325 4331 4687
433 1031 1515 2434 2669 2983 3189 3855 4278
442 1166 1283 2897 4042 4465
101 766 2089 2387 2489 2800 2926 3340 3997
200 672 702 978 1311 1440 1661 2761 2799 2885 3258 3316 3595 3943 3967 4524 4671
209 865 926 1136 1433 1687 1823 2613 2708 3159 3193 3516 3635 4052 4682 4686
182 349 2312
376 799 831 2422 4298 4422 4483 4515
245 4448
119 1451 2841 2856 3301 3834 4043
216 779 1097 1441 1487 1745 2552 2633 3016 3074 3147 3162 3507 3958 4198 4299 4413 4584 4778 4959
487 604 675 791 1145 1204 3173 3615 4213 4430 4604 4857
93 1658 2612 3283 3296 3874 4110
436 490 569 598 2385 2656 2741 4560
445 620 859 950 2261 2843 3285 3420 4023 4246 4609
1109 1272 1306 1410 1792 2339 2349 2580 2911 3432 3878 3971 4022 4199 4350 4391 4656 4697 4739 4831 4912
391 607 705 734 1058 1208 2564 2610 3008 4316 4400 4622 4802 4882
122 704 1094 1725 4412
61 1298 1785 3407 3822 4373 4389
418 1093 2353 3124 4728
77 1819 2467 4879
185 529 656 670 956 1551 1721 1900 2133 2670 3606
946 2701 2703 3006 4228 4339
400 717 1020 1474 1588 1616 1746 2526 3384 3843 4514 4712 4726 4803
32 906 1108 1128 1328 1471 1538 2588 2673 2956 3321 3574 3886 3981 4147 4325 4360 4650 4745
41 364 476 1214 3261
68 2127 2262 3657 3659 3959 4748
140 1158 1679 3892 4372
394 747 849 2067 2175 3376 3677 4237 4428 4602 4994
44 128 1891 1915 1954 2070 4111 4330 4344 4436 4935
17 579 696 1229 1960 3137 4812 4847 4894
33 358 1257 1443 1604 2033 3462 3713 3748 4811 4846
430 594 644 730 781 1021 1206 1252 1316 1394 1642 2321 3151 4309 4326
304 1339 1719 2348 2484 2629 2784 3856 4583 4659 4700
340 526 593 1380 2062 2788 2886 3433 3442 3618 3954 4185 4283
421 1110 1372 1384 3225 3480 4651
89 651 719 821 1815 2563 4937
295 360 2760 2781 3331
116 690 1233 2444 2618 3917 4384 4843 4897
412 1652 1767 2625 2967 3448 4498 4669
98 1764 2152 2506 2551 2594 2595 2632 2865 2880 3876 4091 4099
71 538 732 3036 3071
34 107 2833 3375
313 519 953 1472 1523 2990 3649 4166 4773 4901
322 1349 1942 2149 2814 4449 4808
11 503 782 908 986 1296 1752 1831 1927 2327 2384 2742 3168 3868 4167 4253 4713
66 659 777 1225 2069 2094 2497 2743 3077 3240 4446
262 1718 2257 4129
370 869 948 1284 1890 2290 2442 2577 2928 3101 4291 4349 4637
550 1167 1544 1711 2059 2173 2254 2824 2975 3279 3611 3807 3913 4214 4466
1251 2997 3692 4208
361 489 739 929 1570 2667 2728 4706
798 1030 4670 4853
235 2413 3343
65 1013 1126 1260 1462 1632 2045 2117 3490 3596 3908 4725 4890
280 870 1046 1412 1599 2454 2520 2680 3385 3529 4036 4710 4752 4756 4783 4827 4950
5 846 1350 1563 1568 1703 2296 2469 2978 2994 3182 3221 3275 3317 3326 3729 4071 4902
597 1426 2236 2460 2558 3259 4174 4332
480 2258 2279 2493 2716 3355 4952
748 847 990 1103 1739 1828 1987 2533 2548 3761 4047 4830
292 752 1065 1268 1439 3027 4235 4997
166 1862 2457 2720 4380 4461 4476 4925
247 662 1085 3517 3762 4296
328 676 952 2322
220 1207 1880 2969
501 1114 1382 1610 1650 2247 2986 3208 3502 3644 3898 4672
202 1775 2293 3412 4946
72 474 556 613 1029
483 902 1185 1506 1623 1953 2092 2534 2614 3478 3705 3743 4027 4242 4760
641 805 1005 1246 1429 2005 2039 4518
223 997 1041 1340 1699 2411 2452 3318 3647
55 232 4059 4665
259 3947
438 584 894 1228 1341 1995 2642 2893 4024
124 638 2542 3508 3885
133 810 1127 2578 2840 3105 3300 3425 3681 4600
205 1681 2204 2415 2567 3870 4716
214 737 758 1038 1190 2190 2219 2417 2725 2782 3042 3152 3350 3719 3915 4438 4626 4718
652 1147 3220 3458 3558 3881 3888 4536 4708
169 4701
178 637 854 2816 3264 4628 4839
792 960 2056 4282
686 1100 1292 1659 1832 1879 2064 3179 3295 4087 4145 4152 4529 4664
241 867 881 1176 1271 1336 1804 1992 2345 2789 2820 2830 3444 3474 3564 3992
962 1149 1279 1352 1420 1747 2336 2453 2600 3322
901 1068 1174 1188 1449 1662 2036 3388 3949 4463
181 623 873 2683 2938 3627 4121 4173 4804 4911 4969
163 788 817 1695 2024 2907
477 660 1801 3752 4988
172 429 661 898 1335 1903 2414 2560 3359 3394 4114 4115 4493
459 1648 1854 2456 3357 3704 3961 4254 4410
664 1053 1392 1555 1863 2308 2340 2941 4151 4345 4779
118 1933 4202 4821
136 983 1023 2196 2446 2598 2877 2894 3912
175 829 1113 1912 2213 2561 2735 2805 3059 3332 3455 3495 3616 3678 3765 3770 3849 3858 4128
208 615 3082 3289 3639 3684 4002 4170
217 1438 1773 3889 3922 4132 4595 4986
100 709 806 1602 1941 2306 2522 3064 3131 3724 3745 4790
109 824 1124 1850 2798
923 2350 3423 4929
91 731 996 1768 1958 2102 3747 4135 4221 4300
820 2495 2900 3197 4094 4301 4502 4814 4932
378 417 830 2000 2364 2409 2834 4086 4211
160 338 486 763 1381 1456 1884 2146 3345 3693 3968 4388 4519
399 2153 2275 3039 3051 3691
58 467 539 888 1597 3335 4069 4555 4591 4740 4828
408 1132 1605 1814 2172 2932 3487 3750 3865 4009 4116 4479 4982
67 863 1129 1572 1660 2170 2864 3116
751 2491 4150 4258
139 2223 2545 3174 3584 4485 4540 4662
300 3561 4754 4834
381 1463 1525 1898 2049 2151 2649 3038 3314 4266 4741
40 1395 1754 2531 2597 2914 3451 3891 4083 4861
354 1741 2971 4985
390 1047 1165 1248 1677 1872 2148 2280 2479 2835 2936 3226 3744 3806 4231 4548 4613 4649
130 1048 1457 4263
336 560 625 1937 2107 2182 3276 3787 4920
345 4727 4765
1367 2040 2367 3963 4088 4107
372 557 797 995 1575 2026 3271 3386
75 148 1363 1400 1611 1774 2012 2538 3144 3294 3813 4293 4347
462 2858 4567
157 855 1060 1224 1347 2222 3613 3669 3964 3979 4001 4788
22 736 882 918 1107 1573 2665 2980 3080 3440 3937 4100 4146 4230 4337
189 363 1590 2215 2441 2796 3749 4379 4421
31 1022 1135 2737 3067 3399 3945
444 2274 2838 2972 3114 3872
112 647 930 1255 1289 1357 2494 2689 4072
682 775 1871 1949 2358 2636 3195 3802 4039 4516
357 1106 1694 1736 2974 3093 3115 3270 3862 3926 4512 4681
312 1004 1245 2448 2963 3741 3955 4073
7 546 553 1486 2193 2440 4203 4240
79 570 1365 1707 1805 2984 3061 3284 3475 3493 3852 4313 4415
88 2016 4186 4223
375 654 727 1006 1162 2710 3230 3463 4620 4923
411 558 1151 1242 1540 1702 1794 1802 2061 2490 4280 4962
70 323 666 1189 1192 1313 1664 2088 2549 3191 3255 3453 3921 4113 4138 4399 4547 4549 4603 4974
43 309 889 1099 2126 3339 3779 3781 3795 4434 4559
285 1625 2006 2867 3273 3518 4499
25 2181 2389 2589 3733 4054 4968
339 973 1781 2524 2627 3668 3708 4157 4245 4382 4758
366 616 815 1583 2122 4191 4322 4749 4980
838 1134 1378 2139 2386 2731 4500
240 432 765 1371 1680 1926 2217 2504 3598 3766 3965 4941
321 1461 1973 2011 2913 2933 2939 2954 3253 3754 3950 4611
1179 1780 2283 3464 3559
306 649 707 1577 1821 2352 4171 4807
37 424 2053 2227 2584 4188 4658 4862
688 1735 2695 3755 4251
264 425 624 1910 2264 3831 4035 4289
324 1560 1574 1938 2087 3171 3532 3539 3631 4889
297 1043 1455 1514 2749 3041
279 1952 2108 3497 4680 4836 4865
28 2325 4538 4815
1431 3575
525 994 1635 1888 2105 2375 2562 2647 2652 2687 2714 2862 3120 3169 3565 4366
315 1122 1197 1557 2848 3572 4953
282 284 600 2284 3050 3452 3579 3850 4759 4863
488 674 2156 2528 3454 3933
156 1585 2658 3841 3941 4243
255 2536 2733 3068
1033 1131 1213 1258 1968 2184 2809 3056 3203 3218 3222 3369 3712 3730 3882 4044 4218 4678
461 1083 1133 1324 2235 4139 4204 4993
833 945 980 1235 1644 1669 1869 2154 2909 2937 3483 3844 4192 4753 4785
138 1549 1586 2942 3155 3593 3653 3818 4992
1002 1645 1996 2428 2825
237 596 1104 1150 1212 1480 1636 2272 2338 3246
246 326 1698 2187 2559 3320 3390 3548 3993 4049 4730 4816 4954
689 816 826 940 1061 1196 2465 2924 3400 3481 4277 4510 4606 4644
575 1696 2035 2288 2822 3278 3397 3645 4454 4520
222 1034 2979 3057 3154 3380 3828 4444
87 524 582 2346 4187 4777
96 1980 2297 2397 2945 3091 3702
580 1069 1286 3938 4082
392 1064 2621 2712 2748 3512
473 657 755 975 1203 1430 1656 1835 1917 2072 2844 3291 3897 4143
132 567 629 825 1397 2603 3625 3796 3911 4037 4089
446 1554 2766 3310 4011
1432 2010 3594 3904
105 1016 1505 1809 2438 2634 2732 3694 4244 4588
455 492 767 890 1566 2806 3166 3914 3978 4295
428 2922 3461 3867 4633
195 693 892 1817 2514 3045 3839
204 876 988 1422 1837 1843 2073 3544 3901 4781 4806
401 1587 2361 3219 3553 3642
540 574 694 3097 4355 4543
231 643 1302 1345 3150 3214 3410 4838
431 522 655 768 827 896 1264 1369 1542 1663 1790 2138 2482 2651 2754 2901 2919 3002 3456 3528 3756 3826 3920 4418 4724
90 1348 1848 2118 4062
63 533 2028 2063 2767 3268 3373 3790 4383 4855
395 1120 3304 3549 4407 4916 4956
54 989 1307 1319 1421 1594 1657 1708 1788 1822 1893 2091 2161 2355 2356 2671 2674 2739 2752 3023 3142 3646 3928 4527 4661
341 1722 1829 2631 3491 4562
422 745 2624 3243 3245 3472 3473 3697 3791 4184 4197 4405 4574
171 1015 1889 2234 4884
144 559 568 634 842 1059 1666 1748 2192 2362 2644 2826 3049 3058 3235 3333 3437 3438 3816 4008 4142 4979
81 196 900 1161 2159 2382 2602 2604 3119 3363 3519 3727 3999 4003 4906
494 706 1509 1853 2020 2137 2416
162 819 1180 1285 1291 1346 1553 1743 1758 1919 2461 2750 2896 3167 3180 3260 3814 3980 3996 4840 4910
359 1977 2753 3020 3053 4478 4539 4931
27 907 909 1672 1676 2195 2653 2944 3426
368 646 1467 1875 2177 2238 4652
36 848 1194 1337 1534 2098 2313 4250 4364 4564
770 957 1115 1923 2174 4374 4631
449 2232 3207 3588 3909
135 1993 2606 3367
350 1847 1896 3838 4793
780 813 885 1028 1351 1459 1882 2304 2395 2401 2759 2823 3037 4125 4558 4568
48 695 703 1674 1976 2144 2342 2347 3660 3893
362 783 1139 1529 2404 2925 3833
21 224 331 1333 1865 2474 2952 3095 4590
57 678 1000 1581 1689 1820 2483 2661 3019 3086 3297 3302 3408 3511 3835 4824 4927
263 268 712 1490 2266 2953 3435
272 573 2324
931 1024 1396 1688 2556 2719 4118 4851
317 967 1640 1860 3569 4312 4390 4398 4470 4571 4842
353 541 1077 1080 1409 1609 1796 1922 1940 2014 2132 2259 2500 2508 2905 3229 3327 3411 4817 4866
84 2129 3404 3428 4275
434 605 937 942 1199 1649 2211 2333 2388 2529 2620 2846 2849 2929 3387 3987 4315 4565
665 738 1141 1163 1481 1798 2666 2949 3306 3389 3471 3494 3667 4133 4586 4841 4945
290 581 614 832 1682 1756 2648 3021 3118 3537 4093
30 2747
39 1508 3808 4070 4409 4488
111 589 787 3956 4522 4934
398 407 1971 2399 2515 3723 4033 4856
753 1105 1387 1402 1833 2198 2768 3336 3664 4217 4597 4601
15 23 1531 1887 3347
746 3555 4226 4733
576 716 726 1558 1873 2730 3582 4440
221 502 2393 3738 4698
248 921 1709 1825 2609 4784
351 423 1930 2282
3 302 955 1370 3094 3414 3506 4014 4233
261 329 356 1690 2505 3069 4164
203 850 2309 3133
164 794 912 1881 2021
1344 1646 1899 1907 1957 2286 2965 3632 4955
311 586 1095 1824 1895 2131 2541 2547 2779 2794 2878 2927 3500 3546 4684
239 802 1266 1273 3817 4103
566 2018 2052 2075 2691 3282 3626 4210
179 1934 2079 2249 2481 2898 3216
475 971 1576 1591 1692 1808 2083 2904 3269 4124 4768 4789 4874 4898 4943
484 4947
466 1259 1358 1436 4136 4473 4526
242 278 801 814 1036 1193 1478 1670 1909 2207 2208 2431 3079 3413 3468 3610 4867
197 2057 2116 2711 2829 3034 3599 4030 4351 4587
504 1088 1911 2100 3324
233 1948 2294
527 603 804 1267 1321 1454 1491 2130 2607 3121 3973 4141 4216 4334 4406
