137 507 1074 1343 1761 1861 2037 2167 2341 2368 2445 2641 3033 3975 4385 4763 4849 4922 4948
146 837 2077 2085 2410 2698 3577
218 630 941 1170 1913 2786 2854 2872 3325 3479 3628 4331 4687 5182 5183 5444 5445
851 981 1035 1771 2755 2994 3377 3630 3768 3811 3966 4719 5651 5652
92 818 947 966 1458 1494 3328 3567 3763 5022 5366 5508 5509
173 547 595 1009 1090 1142 1171 1295 1353 2568 3288 4248 4475 4608 4639 4888 4972
1418 1906 2312 3418 3427 4290 4780 5283
1635 2105 2652 2706 2714 2862
542 1504 1898 2049 2202 2626 3434 3542 4566 4858 5098
681 1108 1277 1471 1568 1671 2297 2480 2535 2921 3055 3091 3372 3729 3886 4071 4130 4224 4360 4871
496 506 549 790 963 1073 1334 2425 2574 3739 3759 4017 4172 4195 5044 5045
164 794 912 1312 2021 5442
110 729 1152 1215 2373 3172 3364 3728 5007
460 2635 2860 3312 3656 3740 3812 4098 4723
119 1339 1451 2856 3301 3834 4043 4270
487 604 675 791 1481 1798 2949 3173 3615 4213 4430 4604 4841 4857
236 470 878 1050 1200 1452 1468 1548 1710 2573 2883 2937 2977 3499 4589 4810 4967 5150 5151
23 1901 2398 3108 3716 4110 4495 4621
527 598 930 1267 2130 2385 2628 2656 3620 3973 4141 4560 5273 5274
95 1010 1404 2238 2455 3213 3545 3688 3767 4358
391 607 1058 1208 1905 2564 2610 3323 3930 4866 4882 5237 5238 5336
463 1904 2087 2140 2315 2679 2750 2966 3200 3531 3663 4361 4569 4883 5203 5204 5379 5380
122 704 1094 1472 1725 4412 4773 5092
176 369 1298 3353 3515 5470
409 919 1943 2396 2468 2637 2851 3244 3853 3864 4715
418 1093 2353 3124 4728 5136 5413 5642
185 656 670 956 1551 1900 2133 2670 3030 3305 3606 4371 4769 5110 5111
706 2299 2416 2783 3445 3536 4115
1713 1876 1916 3443 3484 4683 4919 5011 5093 5357
226 927 946 976 2261 2703 3006 4228 4317 4339 4892 5330 5643 5644
645 1056 1617 1899 1957 2129 2700 2857 3186 3819 4275 4955
32 906 1128 1328 1538 2588 2673 2956 3075 3111 3321 3981 4147 4325 4650 5298 5299
140 449 1158 3892 4372 5043 5605
113 1733 2007 2866 4097 4357 4541 4876
73 548 744 872 1111 2807 3233 4852 4951
53 633 786 812 1527 1740 2390 3985 5211
367 1057 1444 1988 3126 3698 4987 5178 5435
62 809 1931 2343
35 663 932 1630 2623 2645 3556 3672 4025 4328 4579 4940
606 1393 1414 1925 2422 2523 3292 4061 4085 5207
17 579 696 1229 1960 3137 4812 4847 4894 5589
358 1257 1443 1604 3462 3582 3713 4811 4846
430 594 644 730 781 1021 1316 1394 1569 1642 2321 2611 3099 3151 3820 4036 4286 4309 4492 4501 4533 4638 4832 5198 5199
26 1986 2412 2981 3485 4705
125 253 285 514 949 1314 2847 3380 4045 5147
304 1719 1734 2348 2484 2629 2784 3856 4583 4659 4700 4989 5296 5297
89 555 719 821 2439 2563 2895 3100 3439 3441 3489 3859 4439 5638 5639
117 448 856 1055 1096 3135 3566 3755 4837 4996
116 690 1359 1877 2359 2444 2618 3732 3917 4843 5008
412 1652 1717 1767 2234 2625 2967 3448 4319 4498 4669
107 657 715 1282 1656 2721 2833 3375 4072 4249 5107 5526 5527
385 665 740 1141 1145 1731 1951 2666 2903 3290 3306 3471 3667 4586 4592
158 1072 1349 1942 2149 2802 2814 3590 4449 4808
307 1210 2419 3655 4619 4663 4775 4918 4973 5323
571 2052 2075 2792 3626 4875 5452 5521
397 970 1866 2527 3374 5649
543 1579 1920 2415 2615 3029 5485
370 844 931 1024 1890 2556 2719 4291 4786 4851
29 1143 1974 2478 2517 2684 3734 4308 4341 5278 5499
343 550 677 1167 1544 1711 2059 2173 2485 2824 2975 3279 3611 3913 4207 4214 4770 5324 5325
38 1144 1908 2229 2285 2287 2289 3277 3425 4006 5372 5373
352 437 535 587 2935 5552
20 854 1054 2081 2471 2896 3814 4717 5187
235 2256 2413 3343
289 754 1173 1519 1967 2709 2717 2845 3666 3686 3785 3830 3940 4232 4707 4961 5084 5085 5577 5578
65 1013 1126 1260 1632 2045 2117 3490 3596 3908 4635 4725 4890 5112 5113
280 870 1046 1412 1599 2454 3529 4710 4756 4783 4950 5131
319 982 1600 1816 2875 3102 3994 4342 4872 5431
193 618 1529 2539 2859 3134 3547 3689 5601
301 509 515 899 903 961 1172 1299 1379 1383 1416 1723 2157 2278 2423 2566 3107 3132 3699 4057 4362 4731 4797
175 1103 1113 1421 1657 1739 1788 1828 1838 2023 2548 2561 2805 3678 3761 3849 4047 5276 5277 5427 5428 5429
337 1535 2228 2688 3015 3488 3953 5449 5517
399 834 1518 2153 2211 3039 3612 5254
388 498 917 2887 4137
166 1862 2457 2720 3705 4027 4242 4760 4925
1079 1308 1375 1806 2546 2734 3802 4066 4284
16 167 229 482 580 840 1286 1382 1650 2464 3062 3262 3563 3938 4829 4983
202 1775 2293 3163 3412 4007 4946 5262
238 1186 2934 3619 3624 3731 3951 4511 4627 4702 5472
641 1005 1042 1246 1429 1654 2039 3117 3136 4474 5344 5345
151 1549 1678 2323 5374 5523
154 223 985 997 1041 1340 1593 1699 2411 2452 3318 3647 5494 5495
250 544 591 1011 1704 2292 5127
259 3947
447 684 743 796 1018 1137 2605 2677 3344 3970
1175 2204 2567 4716 4742 5491 5573
214 758 1038 1190 2190 2219 2417 2725 3042 3152 3284 3350 3670 3719 4718 4895
2383 4701 5454
178 637 897 2816 4556 4628 4839 5076 5489
456 687 1323 1423 1864 2101 3011 3156 3389 3494 4420
792 2056 2252 2322 4282 4673
967 1619 2681
196 686 900 1100 1292 1659 1674 2064 2159 2382 2604 3295 3363 3519 3727 3999 4087 4664 4827 5289 5290 5510 5511 5512
441 710 901 1068 1449 2103 3065 3157 3949 4463 5160 5161 5252 5253
84 181 873 1907 2286 4121 4804 4911 4969
163 529 788 817 1695 2024 2907
322 477 660 895 999 1801 2554 2785 3752 4988 5574
172 429 661 898 1335 1516 1903 2414 2560 3359 3394 4114 4423 5402 5403
432 1926 3598 3766 3965 4345 4779 4941
127 807 991 1155 1364 1528 1691 2378 3265 4124 4273 4737
136 983 1023 2030 2194 2275 2400 2446 2598 2639 2894 3183 3912 4060 4075 4156 5165 5166 5571 5572
199 829 1912 2066 2213 3018 3602 3765 4433 4801 5222 5223
208 615 3289 3639 3684 4002 4170
217 699 1438 1773 1784 3087 3889 3922 4132 4513 5559
100 709 806 1602 2306 2522 3064 3131 3724 4790
413 928 1124 1850 2570 2798
82 923 2350 2515 3423 4929
190 669 920 1479 1955 3360 3879 4193
396 3048 3196 3415 4459 4538 4577 5225
820 2495 2900 3197 4301 4814 5191 5370
405 1495 2930 3046 3351 5255
64 443 855 1376 3082 3979 4241 4259 5052 5624
880 1235 1524 1644 2154 2834 3944 4013 4086 4182
951 992 1466 2051 2113 2855 3001 3010 4177
145 1338 1498 2713 2751 3349 3609 3777 4264 4432
685 1066 1991 3287 3509
3032 3051 3691 5162
408 705 734 1132 1304 1605 1814 2172 2250 2932 3750 3865 4009 4116 4479 4982 5082
67 863 2170 3116 3365 3760 4594 4984 5395
194 723 1325 1537 1772 1868 3952 4058 4458 4834 5230 5634 5635
381 971 1463 1525 1576 1591 1596 2251 3038 3314 4266 4306 4741 4768 5518 5519
354 1741 2971 4985
390 1248 1677 1872 2479 2835 3161 3226 3433 3570 3592 3744 3789 4548 4649 4981 5594 5595
130 298 1048 1457 3436 4183 4263
336 560 1533 1937 2107 2182 2693 3170 3276 4411 4660 5567 5568
257 1219 2248 2372 4593 4765
1367 2040 2151 2367 2890 3963 4088 4107 5657
148 1363 1400 1611 1774 2012 2538 3144 3294 3395 3446 4293 4942
121 1062 1209 1293 2344 2660 3948 4799
435 2379 3403 4685 4748 5346
444 1197 2274 2683 2838 2972 3114 3125 3872 5364
378 417 830 2000 2298 2364 2377 4080 4211 4823 5261
103 134 1751 2697 3330 3823 4144 5056 5221
112 647 755 1255 1289 1331 1357 1700 1835 2494 2689 2741 2813 3291 4109 4143
682 775 1541 1871 1949 2358 2668 4039 4516 5387 5615
1106 1319 1694 1708 1822 1893 2161 2355 2674 2739 3455 3495 3862 3926 4512 5284 5285 5436 5437
97 1924 2084 2200 3974 5073
7 546 553 1486 1624 2231 2440 3148 4203 4240
402 875 1500 1509 1853 3931 4455 4550 4859 4870
156 1259 1436 1585 2164 4076 4095 5021 5365
375 737 1162 1800 1812 2710 2993 3463 3828 4620 4923 5404 5405 5546 5547
384 590 911 979 1287 1559 1843 1945 2086 2095 2724 2744 2863 2891 3665 4260 5212 5213
249 1187 1521 2158 2812 3223 3525 4169 4294 4507 4508 4542 4720 5219 5220 5538 5539
258 1377 2917
785 1087 1123 1434 1501 1757 2692 2729 2837 3361 3600 3842 4090 4576 4848 4917 5158 5159 5560 5561
25 2389 2589 3733 4567 4968
34 838 1134 1378 2139 2386 2731 2844 4500 4845
240 765 1371 1680 2217 2504
46 225 532 1223 1448 1613 1637 1795 2727 3341 3640 4162 4307 4561
306 649 707 2352 4023 5362
47 207 274 2126 3779 4208 4998
216 639 779 847 1097 1441 1487 1745 2552 2616 2633 3016 3074 3162 3958 4178 4198 4299 4413 4778 4959 5154 5155 5156
2224 2521 2918 3035 3636 4035 4289 4333 4338 4404
324 1560 1574 1938 3171 3532 3539 3631 4889 4914
270 551 1856 2029 2041 2067 2675 3130 3272 3482 5018 5506 5507 5590 5591
279 1952 2028 2108 2939 4680 4855 4865 5383 5467
1930 2334 2962 3527 3651 4053 4689 5516
315 1122 1557 1836 1858 2237 2848 3572 4953
600 1344 2284 2965 3050 3632 3850 4759 4863 5484
174 243 1633 1753 2090 2869 3877 4175 4447 5118 5311 5609 5610
488 674 774 845 2156 2528 3176 3454 3933 5023 5596
255 866 2536 2733 3068 4658 5625
228 720 1049 1084 3166 3232 3409 4031
264 1033 1131 1213 1258 1968 2184 3056 3203 3218 3222 3369 3712 3730 4044 5653 5654
461 1083 1324 2235 4139 4280 4993
1086 1198 3373 4222 4281 4383 5157
129 905 910 1160 1737 2022 2197 2696 2765 3800 3894 4497 4696 5314 5315 5388 5389
479 1562 4094 4268 4502 4932 5434 5505
1601 2150 2212 2365 3379 4537
230 291 622 1768 2606 2650 3837 5206 5304
1081 1148 1249 1301 1385 1543 1791 2160 2550 2982 3066 3110 3257 4028 4397 4442 5024 5025
237 596 1104 1212 1480 1636 2272 2338 3246 5536
246 326 640 1698 2187 2477 2559 2882 3320 3390 3548 3993 4049 4730 5016 5017 5177
201 602 672 778 877 978 1014 1311 1403 1647 1661 2189 2761 2832 3258 3316 3396 3832 3935 4524 4671 5391 5392 5393
517 689 748 816 990 1007 1061 1196 1417 1811 1851 1987 2465 2533 3177 3400 3481 3932 4510 4606 4644
60 2055 2254 2335 3623 3807 4234 4321 4370
186 742 924 3127 3293 3352 3514 3706 3799 4063 4261 4625 5114 5115
575 1696 2035 2288 2822 3278 4454 4520 5171 5500
222 1034 1045 2699 3057 3154 3652 4444 5153
87 524 582 605 2078 2346 2850 3934 3987 4777
83 96 1980 2740 2945 3702 4134 4595 4798 4986 5239
501 1114 1610 1673 2165 2247 2943 2986 3208 3502 3644 3794 3898 4641 4672 5123 5124
13 177 453 874 2176 2511
473 559 975 1203 1430 1917 2072 2192 2362 2823 2826 3049 3058 3206 3437 3897
159 1507 1892 3342 3538 3701 4220 4285
80 132 567 629 825 1397 2603 3625 3796 3911 4037 4089 5462 5463 5530 5531
141 915 1793 1859 3158 4079 5181
6 419 1432 2010 3784 4101 4679
123 187 510 3060 3447 3848 4610
491 2450 2690 3224 3648 4021 5614
231 643 1091 1127 1302 1345 3150 3184 3214 3410 3957 4864 4909 5014 5015 5172 5173 5502 5503
1119 1408 1842 2387 2800 3338 3368 3906 4159 4219 4755 5332 5333 5645 5646
431 655 768 827 1264 1369 1409 1542 1790 1940 2132 2138 2482 2508 2651 2730 2901 3002 3756 3826 4418 4724
404 1706 1819 2214 2516 4274 4551 4645
90 1348 3838 4793
3304 3549 4407 4916 4956 5097
171 1015 1889 2922 4884 5553
377 759 1191 1221 1265 1653 2998 3299 3774 4581 5205 5464 5465 5532 5533
634 842 1059 1666 1748 2644 3816 4008 4979 5501 5588
494 1956 2020 2137 3881 5602
611 733 964 1262 1406 2065 5019
153 227 1634 2080 2778 3907 4180
359 1977 3020 3726 4900
36 702 848 1194 1337 1534 2114 2313 2799 3256 3988 4364 4564 5458 5459 5603 5604
1679 2232 3207 3588 3909
1002 1263 1564 1645 1996 2513 3084 3153 3274 3367 4443 5377 5378
1358 1475 1476 2694 3991 4149 4643 4732 5386
780 813 885 1028 1351 1459 1592 1882 2304 2395 2401 2759 3037 3398 3782 4064 4125 4375 4547 4558 4568 4676 4767 5038 5039 5040 5104 5105 5106
346 389 457 697 5242
48 695 703 1976 2144 2342 2347 3697 3893 4493 4574 4634 5309 5310
362 783 1139 1608 2404 2925 3123 3429 3833 5354
109 135 272 573 824 1993 2324
434 937 942 1199 1649 2196 2333 2388 2529 2620 2663 2849 2929 3387 3696 4315 4565 5174 5175 5432 5433
93 738 1163 1658 2612 3283 3296 4133 4877 4945 5135
581 614 832 962 1149 1682 1744 1756 2648 3021 3118 3537 3573 4939 5035 5036
142 371 871 1419 1643 1902 2106 2951 3637 3861 4518 5319 5320 5399
39 2225 3505 3808 4070 4409 4488 5608
111 471 589 2687 3773 3956 4051 4056 4252 4469 5086
398 1515 1824 2131 2399 3500 3546 3855 4033 5063
750 753 826 918 940 1105 1387 1402 1446 1833 2054 2198 2768 2924 3336 3664 3676 4601 5281 5282
15 1177 1310 1531 1844 1887 2076 3347 3645 5143
2 585 1164 1984 2148 2428 2936 3717 3725 4229 5349
42 1231 1595 2318 3047 5629
865 1621 2489 2926 3204 3997 4791
24 415 1071 1239 2682 3070 3354 3450 4165
338 1278 1450 1884 2146 3345 3792 3968 4388 5192 5455
33 576 716 726 1558 1873 2033 3464 3629
247 347 2371 2555 3129 3534 5338 5416
374 518 1361 1914 1978 2403 3406 3738 3798 4123 4343 4771 4975 5456 5457
769 1598 1631 1638 1641 2136 3209 3995 4722 4826
302 773 1154 1370 4163 4487 4618
3069 4164 4354 4525 5371
311 586 1095 2541 2779 2794 2927 4684 5545 5627
365 673 887 1205 1759 2271 2277 2394 2819 3201 3883 5087 5088
239 802 1266 1398 2974 3270 3646 3817 4223
566 2018 2691 3282 4210
493 1921 2884
152 993 1453 1620 1627 2291 3874 5083 5263 5493
269 552 1720 3382 4160 4297 4329
475 1692 1808 2083 2134 2459 2904 3269 3984 4048 4789 4885 4898 5129 5130
170 757 1060 1499 1727 1749 5077 5490
143 528 1076 1178 1360 1969 2243 2557 3090 4276 4674 4881 5137 5138 5481 5482
215 450 735 1270 1329 1489 2770 3801 3884 4046 4402 5528 5529
85 287 680 1230 2946 3388 5318 5471
161 3307 4093 4287 4729 5099
242 814 1670 1909 2208 3199 3468 3876 4867
197 1946 2057 2116 2711 2829 3599 3742 4030 4351 4587 5450 5451
206 683 1180 1743 1783 1878 2461 2810 3237 3260 3264
169 233 1948 2294
278 603 804 1321 1454 1491 2207 3121 3413 3610 4216 4334 4336 4406 5054 5055
