137 507 639 1074 1343 2167 2216 2341 2368 2445 2641
146 837 2071 2077 2085 2410
218 630 941 1215 2872
771 851 981 1035 1771 1799 2381 2755 2994
433 1031 1515 2434 2669 2736
818 966 1458 1494
442 1166 1283 1318 2803 2897
101 766 1965 2089 2387 2800
200 672 1311 1440 1661 2098 2189 2885
173 547 595 1009 1090 1142 1295 1353 1905 2568
209 865 926 1136 1433 1687 1823 2613 2708
182 349 2312
191 1753 2090 2869
1063 2096 2281
542 1504 1898 2049 2202 2626
83 681 699 1277 1671 2397 2480 2535 2921
496 506 549 790 963 1017 1073 1334 2574
469 895 999 1582 2181
155 2654
478 1714 2404 2462 2530 2544 2685 2808
376 799 831 2422
245 1825 2609 2889
451 939 1102 1427 1484 1886 2244 2775 2888 2989
110 729 1152 2373 2817
460 1170 1913 2635 2786 2854
119 1451 2067 2856
216 779 1097 1441 1487 1745 2188 2552 2571 2616 2633
406 868 1025 1728 2427 2473 2496 2707 2861
1052 1354 1362 1578 1683
487 604 675 791 1145 1204 1798
236 470 878 1050 1200 1452 1468 1710 2230 2573 2883 2977
93 1658 2612
436 490 569 598 721 1932 2502 2628 2656 2741 2774
95 1010 1404 2260 2455 2804 2940
445 620 859 950 2261 2701 2843
1109 1272 1306 1410 1792 2038 2339 2349 2580 2911
391 607 705 734 1058 1208 1304 2500 2610
472 505 642 711 880 1342 1524 2705
131 984 1547 1841 2121
410 427 2370 2576 2787 2906
463 1783 2140 2315 2679 2810 2966
122 704 1094 1725
194 723 1325 1537 1772 1868
61 1298 1729 1785 1897
409 919 2228 2396 2468 2637 2851
418 1093 2353
77 2467
628 762 839 1437 1445 1804 2032 2590 2777 2958
627 698 862 1807
185 529 656 670 956 1551 1900
499 1240 1849
158 1072 1315 1565 1766 1944 2017 2068 2218 2276 2307 2432 2996
167 229 2464
50 260 632 1713 1916 2463 2995
946 1936 2703
400 717 1020 1474 1588 1616 1746 2526
59 1552 2110 2831 2842
251 373 668 1056 1617 2129 2303 2857 2960
32 906 1108 1128 1328 1471 1538 2311 2588 2673 2956
41 364 476 1214 1923
68 2127
382 1226 1294 1629 1928 2179 2608
212 481 1750 1881
454 1001 1721 2133 2678 2827
140 1158 1679 2135 2232
113 1733 2007 2795 2866
149 713 1493 1716 2776 2815
548 744 1111
273 355 1019 1037 1039 1622 2369 2507 2662
394 747 849 2175
53 633 786 812 1527 1740 2390
367 1057 1444 2025 2920
555 583 776 1526 1589 2019 2317 2328 2439 2501
809 1931 2343 2629
608 1027 1067 1161 1512 2112 2987
35 663 932 1630 2120 2380 2623
606 1363 1393 1414 1925 2523 2711 2829
8 650 741 1012 1169 1776 2931
635 905 910 1418 1961 2197
44 128 1891 1915 1954 2070 2525 2593
17 579 696 1229 1960
33 358 1257 1443 1604 2033
430 594 644 730 781 1021 1206 1252 1316 1394 1569 1580 1642 2321 2611
26 1986 2412 2981
125 514 2847
304 1339 1719 1734 2348 2784
1442 2698 2801 2952
340 526 593 1380 2062 2421 2886 2909
421 1110 1372 1384
80 1187 1521 1667 2158 2812
89 651 719 821 1815 2510 2563 2895
1082 1092 1618 2104 2351 2519
295 360 2760 2781
117 448 856 1055 1096
601 621 1241 1466 1867 2881 2899
116 690 1233 2344 2444 2618 2660
439 617 977 2253 2758 2764
412 1652 1717 1767 2625 2967
98 1764 2152 2551 2595 2865 2880
71 538 732
34 107 715 838 2833
313 519 953 1472 1523 2990
385 740 1499 1731 1951 2903
322 1349 2802 2814
11 503 782 908 986 1296 1752 1831 1927 2384 2742
307 1210 1943 2419
1243 2792 2955
66 74 659 777 1225 1435 2069 2497 2743
397 970 1130 1866 2245 2527
56 965 1536 2873
262 1718 2257
298 1579 2415 2615
370 844 869 948 1284 1890 2290 2442 2556 2928 2999
29 710 1143 1763 1921 2036 2103 2478 2517
343 550 677 1167 1544 1711 2055 2059 2173 2254 2485 2824 2975
38 1144 1908 2221 2229 2285 2287 2289 2992
213 379 1612 2008 2288
352 437 2388
1251 2640 2997
244 1250 1503 1778 1779 1870
226 545 927 976 2143 2145 2976
253 521 891 949 1112 1244 1314 2910
325 1032 1567 1668 1857 1874 2148 2619 2936 2957 2968
361 489 739 929 1488 1570 2667 2728
20 1054 2414 2471
798 1030
2 803 944 1164 2001 2201 2263 2630 2722
235 2256 2413
289 1173 1482 1519 1967 2709 2717 2845
316 1201 2058 2572
65 866 1013 1126 1260 1462 1632 1982 2117
271 441 592 1405 2150 2212 2702
280 870 1046 1412 1599 2680
5 846 1051 1350 1563 1568 1703 2296 2469 2659 2978
319 982 1600 1816 1820 2661 2875
597 1426 1981 2236 2460 2558 2864
193 618 1529 2539 2859
265 836 934 1091 1159 2169 2443 2664
301 509 515 899 903 961 1172 1299 1379 1383 1416 1723 2278 2566
480 2258 2279 2493 2716
748 847 990 1739 1828 1861 2533 2548
256 520 610 1276 1532
337 1535 2688
211 834 916 2211
62 283 2537 2841 2973
292 752 1065 1268 1439 2969
388 498 917 2383 2887
166 1862 2457 2720
247 561 662 1085 2634
1079 1308 1375 1522 1541 1806 2546 2668 2734
14 1062 1089 1269
328 676 952 2322
1003 1303 2168 2241
220 1207 1880 2327
501 1114 1382 1610 1650 1673 2247 2986
202 1775 2262 2293 2638
238 915 1186 2934
772 811 1153 1830 2034 2518 2587
277 1078
72 474 556 613 1029 1975 2060 2166 2191 2782 2984
483 902 1185 1280 1506 1623 1953 2092 2534 2614
641 805 978 1005 1246 1429 2005 2039 2761 2799
612 1401 1606 1701 1786 2458 2487 2746
151 1678 1974 2323
223 987 997 1041 1340 1699 2411 2452
250 544 591 1011 1704
55 232
259
438 584 894 1036 1228 1341 1840 1995 2119 2337 2431 2642
124 638 2542
447 684 743 796 1018 1137 1175 2605 2677
133 810 1127 2840
106 943 1470 1651 1848 2118 2205 2766
205 1681 2204 2567
214 758 1038 1190 2190 2219 2417 2725
420 875 2592
652 1147
1227 1480 1545 1876 1935 2791 2964
169
178 637 854 897 2081 2816
456 687 1177 1323 1423 1864 2101
792 960 2056 2252
115 2047 2125
187 1619 2681
686 1100 1292 1659 1832 1879 2064
241 867 881 1176 1271 1336 1992 2345 2789 2830
614 962 1149 1279 1352 1420 1747 2050 2453 2600
176 369 2185
901 1068 1174 1188 1449 1662
181 623 873 2938
163 788 817 1695 2024 2907
477 660 1801 1942 2149 2554 2785
172 429 661 898 1335 1516 1903 2299
387
46 225 532 1448 1637 2302
459 1648 1854 2456
664 1053 1392 1555 1863 2308 2340 2941
118 1933
468 756 1390 1425 2617
127 807 991 1155 1364 1528 1691 2378
136 983 1023 1518 2030 2194 2400 2446 2598 2639 2894
175 1103 1113 1421 1485 1788 1838 2023 2561 2735 2805
208 615
217 1438 1773 1784 2466
286 414 512 1217 1502 1885 2255 2492
100 709 806 1602 1941 2091 2306 2356 2522
215 450 735 1317 1489 2319
671 914 1386 1584 1930
109 824 1124 1850 2570 2798
82 923 2350
199 495 829 1827 1912 2066 2213 2334 2420 2596
91 731 996 1768 1958 2102
190 669 920 1479 1955
396
820 2495 2900
405 1495 1706 1819 2214 2516 2930
64 1086 1376
378 417 830 1859 2000 2298 2364 2377 2409 2834
73 872 951 992 2051 2113
160 486 1381 1456
145 1338 1498 2713 2751
154 784 860 936 985 1182 1492 1593 1724 1964 2407 2591
685 1066 1991
426 1168 1253 2184 2447 2809
399 2153 2275
85 680 1230
58 467 539 888 1597 1999 2520
408 1132 1605 1814 2172 2250 2564 2932
67 863 1129 1572 1660 1787 2170 2454
751 2491
139 338 763 2146 2223 2545
300
381 1463 1525 2151 2251
40 1395 1754 2155 2531 2597 2622 2908 2914
354 1741 2923 2971
390 1047 1165 1248 1677 1872 2280 2479 2835
49 773 1154 1234 1770 2199 2305
471 2506 2632 2779
130 1048 1457
336 560 625 1533 1937 2107 2182 2292 2693
974 1238 1309 1424 1738 1761 1826 2037 2426 2433 2582 2915 2985
345
1367 2040 2367 2890
372 557 797 995 1575 2026 2273
453 658 1939 2543
75 148 1400 1577 1611 1774 2012
462 2858
121 1209 1293 1813 1877
157 855 1060 1224 1347 2222
22 736 882 1107 1573 2094 2665 2980
189 363 1590 2215 2441 2796
435 2379
31 565 1022 1135 2737 2998
444 2274 2683 2838 2972
86 1517 1803 2154 2937
103 134 1751 1938 2697
76 314 1685 1929 2470
112 647 930 1255 1289 1331 1357 1700 1835 2494 2689 2813
682 775 1871 1949 2358 2636
94 318 857 1355
327 534 691 692 1195 2043 2082 2948
16 482 840 2670
357 1106 1694 1736 1822 2739
97 1924 2084 2200
312 1004 1245 2448 2963
7 546 553 1388 1486 1624 2193 2231 2440
348 403 578 631 724 1184 1686 1894 1962 1963 2163 2405 2406 2503 2676 2686 2780
393 531
79 570 725 1365 1697 1707 1742 2578
402 1500
88 2016 2974
294
288 303 624 774 841 2183 2575
375 654 727 737 1006 1162 1675 1800 1812 2269 2710 2771 2993
411 558 1151 1242 1540 1702 1794 1802 2061 2490
70 323 666 1189 1192 1313 1664 2088 2549 2820
384 590 789 979 1287 1559 1843 1945 2086 2206 2724 2744 2891 2949
43 309 889 1099
52 2246 2811
180 249
276 1282 1415 1497 1614 1834 2123 2329 2721
1045 1377 2111 2699
285 1625 2006 2867
267 1465 1855 1918 2718 2874
785 1087 1123 1434 1501 1543 2692 2729 2837
25 2389 2589
339 973 1781 2524 2627
366 616 815 1138 1583 2429
1134 1378 1917 2139 2192 2386 2731 2826
240 432 765 1371 1680 1926 2217 2504
321 1461 1973 2011 2913 2933 2954
749 1222 1256 1972 1998 2224 2226 2521 2918
10 864 1513 1765 2270 2408
1179 1356 1780 2283
1171 1223 1613 1795 2727
306 649 707 1821 2352
37 424 2053 2227
688 1735 2695
333 609 728 800 922 998 1755 2031 2233 2569 2715
1
342 523 577 904 1655 1883 2418 2649
47 207 274 2126
517 750 1007 1417 1446 1811 1987 2054 2210
264 425 1910 2264
324 1560 1574 2560 2750
297 1043 1274 1455 1511 1514 2336 2749
198 1247 1615 2565 2961
270 551 1856 1892 2029 2675
252 258 2917
279 1952 2108 2939
184 1359 2359 2962
19 554 588 835 1399 1460 1712 2171 2839 2852 2876
28 2325
234 843 2097 2267 2512
1431
525 994 1635 1888 2105 2375 2647 2652 2714 2862 2983
315 1122 1197 1557 1836 1858 2237 2848
282 284 600 1646 2284
174 243 1633 2687
488 674 845 2156 2528
92 147 947 968 2320 2868
497 1070 1327 1539
183 701 1290 1312 2357 2424
156 1585 2164
255 2536 2584 2733
228 720 1049 1084 1705
1033 1131 1213 1258 1968
461 1083 1133 1324 2235
833 945 980 1235 1548 1644 1669 1869
170 443 1198 1727 1749
129 543 1160 1737 1906 1920 2586 2696
479 1510 1562 2769
452 822 1101 1121 1146 1220 1626 1797 2013 2203
138 1549 1586 2772 2942
210 275 310 334 886 2870 2970
219 386 1601 1607 1726 2128 2300 2430
1002 1564 1645 1996 2825
1081 1148 1249 1301 1385 1757 1791 2157 2160 2326 2423 2982
165 320 714 1571 2240 2268 2282 2363
237 596 1104 1150 1212 1636 2272 2338
246 326 1698 2187 2559 2882
192 1237 1275 1330 1374 1603 1628 2048 2109 2314 2762 2860
201 602 778 877 1014 1403 1647 1715 2124 2832
689 816 826 940 1061 1196 1851 2465 2924
60 563 2335
186 742 924 2723
575 1696 2035 2822
222 1034 2979
87 524 582 2346 2850
535 587 2078 2376 2763 2935
96 1980 2297 2740 2945
580 1069 1286 2672
168 1391 2178 2538
13 177 874 2176 2511
383 754 1530 1846 2892
392 1064 2621 2712 2748
464
150 761 933 1988 2180
473 657 755 975 1203 1430 1656 2844
159 1507
132 567 629 825 1397 2603
141 619 1793
446 1554
1432 2010
105 1016 1505 1809 2392 2438 2732
455 492 767 890 1566 2806
428 2361
114 852 1407 1447 1839 2449 2599
123 510
195 500 693 892 1817 1989 2360 2514
204 876 988 1422 1837 2073
401 1587
540 574 694
69 795
78 120 648 1322 1777 2550 2745
491 861 2450 2690
231 643 1302 1345
332 1119 1320 1408 1464 1732 1842
431 522 655 768 827 896 1264 1369 1542 1663 1790 1940 2138 2482 2651 2730 2754 2901 2919
404
90 1348
63 533 2028 2063 2767
99 1288 2435 2947
511 913 1117 1140 2099 2853
45 508 1496 2041 2242 2484 2704
395 1120 2489 2926
54 989 1307 1319 1594 1657 1708 1893 2161 2355 2671 2674 2752
341 1722 1829 2147 2631 2988
422 745 2624
171 1015 1889 2234 2922
377 1191 1221 1265
413 793 928 972 1040 1263 1520 1782 1947 2331 2391 2513 2991
513 530 700 893 1026 1181 1769 1990 2959
485 1845
144 559 568 634 842 1059 1730 1748 2072 2362 2644
81 196 900 2159 2382 2602 2604
494 706 1509 1853 1956 2020 2137
611 733 964 1262 1406 1684 2065
153 227 1634 2080 2778
126 1368 1762 2793
162 819 1180 1285 1291 1346 1553 1743 1758 1919 2087 2461 2896
359 1904 1977 2753
27 907 909 1672 1676 1966 2195 2653 2944
368 646 1467 1875 2177 2238 2953
440 808 828 1261 1473 1483 1550 2643
36 702 848 1194 1337 1534 2313
770 957 1115 2174 2295 2657
449
135 1993 2606
108 562 626 954 1157 1297 2044 2316
458 760 1118 1428 2115 2374 2655 2950
1475 1476 2694
350 1847 1896 2015 2239 2738
9 104 1997 2141
780 813 885 1028 1351 1459 1592 1666 1882 2004 2304 2395 2401 2759 2823
18
346 389 457 697 2807 2855
48 695 703 1156 1674 1976 2144 2342 2347
362 783 1139 1561 1608 2925
21 224 331 1333 1865 2046 2474 2818
57 678 1000 1581 1689 1693 2402 2483 2726
263 268 712 1490 2266
272 573 2324
344 935 2093 2398 2836 2912
931 1024 1396 1688 2220 2719
317 967 1640 1860
353 541 1077 1080 1409 1609 1796 1922 2014 2259 2508 2905
12 764 1639 2585
718 722 1281 2797
84 1818 2581
434 605 937 942 1199 1649 2196 2333 2529 2620 2663 2846 2849 2877 2929
665 738 1141 1163 1481 2666
102 516 858 969 1760 1852 2027 2301 2330 2488 2658 2916
299 564 2601
640 853 2074 2162 2477
335 536 1373 2310 2416 2783
308 1366 1970
380 879 2002
330 416 636 1202 1211 1332 1389 1477 1641
679 1044 1125 1232 1556 2366 2540 2646
4 281 572 1305 1985 2009 2476 2788 2790 2821
290 581 832 1682 1744 1756 2122 2648
30 2318 2747
142 371 871 1042 1419 1643 1654 1902 2106 2951
39 1508 2225 2579
111 589 787
398 407 1971 2399 2515
537 708 958 1216 2332 2509 2547 2553 2893
753 918 1105 1387 1402 1833 2198 2768
15 23 1531 1844 1887 1901 2076 2271
356 746 1690
230 291 585 622 1984 2428 2650
42 1231 1595
51 759 1008 1098 1116 1546 1653 1789 1810 2142 2486 2871
257 1219 1621 2248 2372
24 415 884 1071 1239 1413 2682 2773 2879
938 1278 1450 1884 2083 2459
576 716 726 1558 1873 2132
347 2371 2555
374 518 1361 1914 1978 2136 2403 2706
6 419 1300 2757
221 502 1638 2393
248 921 1709 2209 2532
351 423 2265
3 302 955 1370 2354
261 329 2505
203 850 2309
164 794 912 2021
769 1326 1598 1631
1344 1899 1907 1957 2286 2965
311 586 1095 1824 1895 2131 2541 2562 2594 2794 2878 2927
293 1983 2003 2042 2045 2436 2498
365 673 887 1205 1310 1759 2277 2394 2684 2819
254 266 823 1411 1805 2475 2499
239 802 1266 1273 1398
566 2018 2052 2075 2691
493 2365 2884
179 1934 2079 2249 2481 2898
152 993 1453 1620 1627 2291
188 571 599 1236 1950 2134 2583 2828
645 883 959 2114 2700
269 552 1720
475 971 1576 1591 1596 1692 1808 2904
484 2472
757 2425
143 528 1076 1178 1360 1969 2243 2557
653 1270 1329 2770
466 1259 1358 1436 2577
287 2946
161
242 278 801 814 1193 1478 1670 1909 2207 2208 2437
925 1075 1218 1254 1959 1979 1994 2022 2186 2451 2765 2902
197 1946 2057 2116
504 1088 1911 2100
206 667 683 911 1878 2095 2165 2863 2943
233 1948 2294 2645
296 1183 1665
527 603 804 1267 1321 1454 1491 2130 2385 2607
305 1469 2756
0 465
