146 837 2071 2077 2085 2410
771 851 981 1035 1771 1799 2381 2755 2994
818 966 1458 1494
200 672 1311 1440 1661 2098 2189 2885
182 349 2312
1063 2096 2281
542 1504 1898 2049 2202 2626
110 729 1152 2373 2817
119 1451 2067 2856
216 779 1097 1441 1487 1745 2188 2552 2571 2616 2633
1052 1354 1362 1578 1683
236 470 878 1050 1200 1452 1468 1710 2230 2573 2883 2977
93 1658 2612
95 1010 1404 2260 2455 2804 2940
445 620 859 950 2261 2701 2843
1109 1272 1306 1410 1792 2038 2339 2349 2580 2911
391 607 705 734 1058 1208 1304 2500 2610
472 505 642 711 880 1342 1524 2705
194 723 1325 1537 1772 1868
61 1298 1729 1785 1897
409 919 2228 2396 2468 2637 2851
418 1093 2353
627 698 862 1807
499 1240 1849
167 229 2464
400 717 1020 1474 1588 1616 1746 2526
32 906 1108 1128 1328 1471 1538 2311 2588 2673 2956
212 481 1750 1881
149 713 1493 1716 2776 2815
394 747 849 2175
53 633 786 812 1527 1740 2390
367 1057 1444 2025 2920
555 583 776 1526 1589 2019 2317 2328 2439 2501
35 663 932 1630 2120 2380 2623
44 128 1891 1915 1954 2070 2525 2593
17 579 696 1229 1960
430 594 644 730 781 1021 1206 1252 1316 1394 1569 1580 1642 2321 2611
26 1986 2412 2981
1442 2698 2801 2952
340 526 593 1380 2062 2421 2886 2909
421 1110 1372 1384
89 651 719 821 1815 2510 2563 2895
295 360 2760 2781
117 448 856 1055 1096
601 621 1241 1466 1867 2881 2899
98 1764 2152 2551 2595 2865 2880
71 538 732
34 107 715 838 2833
313 519 953 1472 1523 2990
385 740 1499 1731 1951 2903
1243 2792 2955
66 74 659 777 1225 1435 2069 2497 2743
397 970 1130 1866 2245 2527
56 965 1536 2873
298 1579 2415 2615
253 521 891 949 1112 1244 1314 2910
325 1032 1567 1668 1857 1874 2148 2619 2936 2957 2968
361 489 739 929 1488 1570 2667 2728
798 1030
235 2256 2413
271 441 592 1405 2150 2212 2702
5 846 1051 1350 1563 1568 1703 2296 2469 2659 2978
597 1426 1981 2236 2460 2558 2864
193 618 1529 2539 2859
265 836 934 1091 1159 2169 2443 2664
301 509 515 899 903 961 1172 1299 1379 1383 1416 1723 2278 2566
480 2258 2279 2493 2716
748 847 990 1739 1828 1861 2533 2548
256 520 610 1276 1532
247 561 662 1085 2634
1079 1308 1375 1522 1541 1806 2546 2668 2734
14 1062 1089 1269
328 676 952 2322
220 1207 1880 2327
772 811 1153 1830 2034 2518 2587
277 1078
72 474 556 613 1029 1975 2060 2166 2191 2782 2984
641 805 978 1005 1246 1429 2005 2039 2761 2799
223 987 997 1041 1340 1699 2411 2452
259
124 638 2542
447 684 743 796 1018 1137 1175 2605 2677
133 810 1127 2840
106 943 1470 1651 1848 2118 2205 2766
205 1681 2204 2567
214 758 1038 1190 2190 2219 2417 2725
420 875 2592
1227 1480 1545 1876 1935 2791 2964
169
792 960 2056 2252
187 1619 2681
686 1100 1292 1659 1832 1879 2064
614 962 1149 1279 1352 1420 1747 2050 2453 2600
176 369 2185
163 788 817 1695 2024 2907
172 429 661 898 1335 1516 1903 2299
46 225 532 1448 1637 2302
664 1053 1392 1555 1863 2308 2340 2941
118 1933
468 756 1390 1425 2617
127 807 991 1155 1364 1528 1691 2378
100 709 806 1602 1941 2091 2306 2356 2522
671 914 1386 1584 1930
109 824 1124 1850 2570 2798
396
405 1495 1706 1819 2214 2516 2930
73 872 951 992 2051 2113
160 486 1381 1456
154 784 860 936 985 1182 1492 1593 1724 1964 2407 2591
685 1066 1991
399 2153 2275
67 863 1129 1572 1660 1787 2170 2454
300
40 1395 1754 2155 2531 2597 2622 2908 2914
345
75 148 1400 1577 1611 1774 2012
121 1209 1293 1813 1877
157 855 1060 1224 1347 2222
22 736 882 1107 1573 2094 2665 2980
189 363 1590 2215 2441 2796
435 2379
31 565 1022 1135 2737 2998
86 1517 1803 2154 2937
94 318 857 1355
16 482 840 2670
97 1924 2084 2200
7 546 553 1388 1486 1624 2193 2231 2440
393 531
294
288 303 624 774 841 2183 2575
70 323 666 1189 1192 1313 1664 2088 2549 2820
384 590 789 979 1287 1559 1843 1945 2086 2206 2724 2744 2891 2949
43 309 889 1099
52 2246 2811
180 249
267 1465 1855 1918 2718 2874
339 973 1781 2524 2627
366 616 815 1138 1583 2429
1134 1378 1917 2139 2192 2386 2731 2826
749 1222 1256 1972 1998 2224 2226 2521 2918
1179 1356 1780 2283
306 649 707 1821 2352
37 424 2053 2227
688 1735 2695
333 609 728 800 922 998 1755 2031 2233 2569 2715
1
517 750 1007 1417 1446 1811 1987 2054 2210
324 1560 1574 2560 2750
270 551 1856 1892 2029 2675
252 258 2917
28 2325
1431
497 1070 1327 1539
228 720 1049 1084 1705
1033 1131 1213 1258 1968
461 1083 1133 1324 2235
833 945 980 1235 1548 1644 1669 1869
129 543 1160 1737 1906 1920 2586 2696
452 822 1101 1121 1146 1220 1626 1797 2013 2203
210 275 310 334 886 2870 2970
219 386 1601 1607 1726 2128 2300 2430
1002 1564 1645 1996 2825
237 596 1104 1150 1212 1636 2272 2338
192 1237 1275 1330 1374 1603 1628 2048 2109 2314 2762 2860
689 816 826 940 1061 1196 1851 2465 2924
186 742 924 2723
87 524 582 2346 2850
13 177 874 2176 2511
392 1064 2621 2712 2748
464
150 761 933 1988 2180
473 657 755 975 1203 1430 1656 2844
132 567 629 825 1397 2603
141 619 1793
446 1554
105 1016 1505 1809 2392 2438 2732
123 510
204 876 988 1422 1837 2073
401 1587
69 795
491 861 2450 2690
332 1119 1320 1408 1464 1732 1842
404
90 1348
63 533 2028 2063 2767
99 1288 2435 2947
511 913 1117 1140 2099 2853
341 1722 1829 2147 2631 2988
422 745 2624
171 1015 1889 2234 2922
513 530 700 893 1026 1181 1769 1990 2959
144 559 568 634 842 1059 1730 1748 2072 2362 2644
81 196 900 2159 2382 2602 2604
153 227 1634 2080 2778
126 1368 1762 2793
162 819 1180 1285 1291 1346 1553 1743 1758 1919 2087 2461 2896
36 702 848 1194 1337 1534 2313
135 1993 2606
108 562 626 954 1157 1297 2044 2316
458 760 1118 1428 2115 2374 2655 2950
780 813 885 1028 1351 1459 1592 1666 1882 2004 2304 2395 2401 2759 2823
18
21 224 331 1333 1865 2046 2474 2818
263 268 712 1490 2266
272 573 2324
931 1024 1396 1688 2220 2719
353 541 1077 1080 1409 1609 1796 1922 2014 2259 2508 2905
12 764 1639 2585
84 1818 2581
308 1366 1970
380 879 2002
4 281 572 1305 1985 2009 2476 2788 2790 2821
30 2318 2747
142 371 871 1042 1419 1643 1654 1902 2106 2951
39 1508 2225 2579
111 589 787
398 407 1971 2399 2515
15 23 1531 1844 1887 1901 2076 2271
356 746 1690
51 759 1008 1098 1116 1546 1653 1789 1810 2142 2486 2871
257 1219 1621 2248 2372
24 415 884 1071 1239 1413 2682 2773 2879
576 716 726 1558 1873 2132
347 2371 2555
6 419 1300 2757
351 423 2265
3 302 955 1370 2354
1344 1899 1907 1957 2286 2965
365 673 887 1205 1310 1759 2277 2394 2684 2819
254 266 823 1411 1805 2475 2499
239 802 1266 1273 1398
566 2018 2052 2075 2691
493 2365 2884
179 1934 2079 2249 2481 2898
152 993 1453 1620 1627 2291
188 571 599 1236 1950 2134 2583 2828
645 883 959 2114 2700
484 2472
757 2425
143 528 1076 1178 1360 1969 2243 2557
287 2946
161
242 278 801 814 1193 1478 1670 1909 2207 2208 2437
925 1075 1218 1254 1959 1979 1994 2022 2186 2451 2765 2902
504 1088 1911 2100
233 1948 2294 2645
296 1183 1665
527 603 804 1267 1321 1454 1491 2130 2385 2607
305 1469 2756
0 465
