218 630 941 1215 3325 4331 4687
771 981 1035 1771 1799 2381 3377 3630
101 766 2089 2387 2800 2926 3340 3997
200 672 702 978 1311 1440 1661 2761 2799 2885 3258 3316 3943 4671
182 349 2312
542 1504 2626 3434 4858
469 895 999 1582 2785 4065
478 2544 2685 2808 2817 3043 3722 4991
376 799 831 2422 4298 4422 4483 4515
245 4448
451 939 1427 1484 2244 2888 2989 3265 3470 3924 3927
110 729 2373 3163
216 779 1097 1441 1487 2552 2633 3016 3074 3147 3162 3507 3958 4198 4299 4413 4584 4778 4959
406 868 1025 1728 2427 2473 2861 3146 3234 3460 4472 4494
1052 1354 1362 4766
487 604 675 791 1145 3173 3615 4213 4430 4604 4857
436 490 569 598 2385 2656 2741
95 552 1010 1404 2260 2455 2804 2940 3213 3688 3767
391 607 705 734 1058 2564 2610 3008 4316 4400 4802 4882
463 1783 1904 2315 2679 2966 3531 3663 4361 4569
122 1094 1725
1298 1785 3407 3822 4389
418 1093 2353 3124 4728
77 1819 2467 4879
628 762 1445 2032 2590 2777 2958 3535
627 698 862 1807 3797 4605
185 529 656 670 956 1551 1721 1900 2133 2670 3606
499 1240 1849 3550 4636
167 229 2464 3262 4829
32 906 1108 1128 1328 1471 1538 2673 2956 3886 3981 4147 4360
68 2127 3657 3959 4748
212 481 1750 4038 4675
454 1001 2678 2827 3165 3504
140 1158 1679 3892 4372
1733 2795 2866 4097
713 1493 1716 2776 2815 4148 4274 4645 4787 4995
744 1111 2807 3233 4852 4951
394 747 849 2067 2175 3376 3677 4237 4428 4994
53 633 812 1527 1740 2390 3985
809 1931 2343
608 1027 1067 1512 2987 4704
606 1393 1414 1925 3292 4085 4265
44 128 1891 1915 1954 2070 4111 4330 4344 4436
17 579 696 1229
33 358 1257 1443 1604 2033 3462 3713 3748 4811 4846
125 949 2847 3815 4045
80 1187 1521 1667 2158 2812 3525 4067 4169 4294 4377 4507 4542
651 821 1815 2563 4937
1082 1092 1618 2104 2519 2672 3286 3810 3896 3976 4026 4179 4453 4957
117 448 856 1055 3566 3861
617 977 2253 2758 2764 3983 4822
412 1652 1767 2625 2967 3448 4669
34 107 3375
11 503 782 1296 1752 1831 1927 2327 2384 2742 3168 3868 4167 4253
66 659 777 1225 2069 2094 2497 2743 3077 3240 4446
56 965 1536 1982 2147 2873 2988 3202 3562 4279 4419 4642
298 1579 2615 3029 3690
370 869 948 1284 1890 2290 2442 2577 2928 3101 4291
550 1167 1544 2059 2254 2824 2975 3279 3807 3913 4214
38 1144 1908 2221 2229 2287 2289 3184 3277 3916 4006
213 379 1274 2008 4655
1251 2997 4208
226 545 927 1936 2143 2145 2976 4317 4892
521 891 1112 1314 2269 2910 4424
325 1032 1567 1668 1857 1874 2957 2968 3513 3679 3962 4155 4805
361 489 739 929 1570 2667 2728
20 897 1054 2081 2299 2471 4717
798 1030 4670 4853
235 2413 3343
316 1201 2058 2572 3501 3707
65 1013 1126 1260 1462 1632 2045 2117 3490 3596 3908 4725 4890
280 1046 1412 1599 2454 2520 2680 3385 3529 4710 4752 4756
5 846 1350 1563 1568 1703 2296 2469 2978 2994 3182 3221 3275 3317 3326 3729 4071 4902
319 982 1816 2875 3102 4074 4342 4872
597 1426 2236 2460 2558 3259 4332
193 618 2859 3134 3689 4735
265 836 934 1091 1159 2664 3026 3477 3957 4909
301 509 899 903 961 1172 1299 1416 1723 2157 2566 4362 4731
748 847 990 1103 1739 1987 2533 2548 3761 4047 4830
256 520 610 1532 4018
337 1535 4303
211 834 916 1518 3612 3696
292 752 1065 1439 3027 4235 4997
1079 1308 1375 1522 1541 1806 2546 2668 2961 3266 4066 4284
1003 1303 2050 2168 2241 4288
310 772 811 1830 2034 2518 2587 2992 3014 3083 3103 3422 4744
277 1078 2472 2569
151 1678 2323 4900
55 232 4059 4665
420 875 2245 2592 3851 4705
652 1147 3220 3458 3558 3881 3888 4536 4708
1227 1545 1876 1935 2791 2964 3552 3875 4153 4396 4683 4794 4833 4868
115 3263 4196 4692
187 1619 2681
241 867 881 1271 1336 1804 1992 2789 2820 2830 3444 3474
176 369 2185 3353 4078 4425 4869
901 1068 1174 1188 1449 1662 2036 3388 3949 4463
181 623 873 2683 2938 3627 4121 4173 4804 4911
477 660 1801 3752 4988
172 429 661 898 1335 2414 2560 3359 3394 4114
664 1053 1392 1555 1863 2308 2340 2941 4345
136 983 1023 2196 2446 2598 2877 2894 3912
175 829 1113 1912 2213 2561 2735 2805 3059 3455 3495 3616 3765 3770 3849 3858 4128
709 806 1602 1941 2306 2522 3064 3745 4790
190 920 1479 1955 3879 4193
396 3048 3196 3415 4459
160 338 486 1381 1456 1884 3345 3693 3968 4388 4519
1498 2713 2751
154 784 860 936 985 1492 1593 1724 1776 1964 2407 2591 2608 2931 3012 4612 4657 4844
399 2153 2275 3039 3691
751 2491 4258
139 2545 3174 3584 4485 4540 4662
300 3561 4834
40 1754 2531 2597 2914 3451 3891 4083 4861
354 1741 2971 4985
390 1047 1165 1248 1677 2148 2280 2479 2835 2936 3226 3744 3806 4231 4548 4613 4649
49 773 1154 1234 2354 3362 4096 4119 4163 4487 4618
471 4051 4056
974 1238 1738 1826 2009 2037 2426 2433 2582 2619 2915 3695 4886 4922
372 557 797 995 1575 2026 3271 3386
658 1939 2543 3004
462 2858 4567
121 1209 1293 1877 2660 4799
189 363 1590 2215 3749 4379 4421
31 1022 1135 3067 3399 3945
444 2274 2838 2972
103 134 1751 2697
76 314 1685 1929 2470 4624
682 775 1871 1949 2358 2636 3195 3802 4039
94 318 857 1355 3591
16 482 840
348 403 578 631 724 1184 1686 1894 1944 1962 2038 2163 2405 2406 2432 2503 2676 2686 2780 3044 3112 3638 4256 4546 4630
79 570 1365 1707 1805 2984 3061 3284 3475 3493 3852 4313 4415
294 2164 4076 4095
375 654 727 1006 1162 2710 3230 4923
70 323 666 1189 1192 1313 1664 2088 2549 3191 3453 3921 4113 4138 4549 4603 4974
43 309 889 1099 2126 3339 3779 3781 3795 4434
285 1625 2006 2867 3273 4499
25 2181 2389 2589 3733 4054 4968
339 973 1781 2524 2627 3668 4245 4382 4758
838 1134 1378 2139 2386 2731
10 864 2270 3675
1179 1780 2283 3464 3559
1171 1223 1613 1795 2727 3075 3640 4248 4561
37 424 2053 2227 2584 4188 4658 4862
333 609 728 800 922 998 1755 1769 2031 2233 3063 3902 3925 4395
342 523 577 866 904 1655 1883 2418 4632
47 207 274 4998
1417 1446 1811 2054 3932
264 425 624 1910 4035 4289
297 1455 1514 2749 3041
252 258 2917 4976
92 147 947 968 2868 3715 3735
497 1070 1327 2150 3379
156 1585 2658 3841 3941 4243
2536 2733 3068
228 720 1049 1084 1705 3409 3520 4031
1131 1213 1258 1968 2184 2809 3056 3218 3222 3369 3730 4044 4218
833 980 1235 1644 1669 1869 2154 2909 2937 3844 4192 4753 4785
170 443 1086 1198 4281
129 543 1160 1737 1920 2586 2696 3418 3800 4183 4497 4696
479 1510 3798 3990 4268
138 1549 1586 2942 3593 3653 4992
237 596 1104 1150 1212 1480 1636 2272 2338 3246
246 326 1698 2187 2559 3548
192 1237 1275 1330 1374 1603 1628 1943 2314 2468 2726 3936
689 826 940 1061 1196 2465 2924 3481 4277 4510 4606 4644
186 742 924 2723 3127 3293 3352 3706 3799 4063 4261 4625
575 1696 2035 2288 2822 3278 3397 3645 4454 4520
222 1034 2979 3057 3154 3380 3828
87 524 582 2346 4777
580 1069 1286 4082
168 1125 1391 2178 3183 3187 3192 3586 4060 4262 4691 4930
392 1064 2621 2712 2748
464 3485 3622
473 657 755 975 1203 1656 1917 2072 2844 3291 4143
105 1016 2438 2634 2732 4244 4588
428 2922 3461 3867 4633
114 852 1447 1839 2599 3685 4820
204 876 988 1422 1837 1843 2073 3544 3901 4781
401 1587 2361 3219 3553 3642
540 574 694 3097 4355
491 861 2450 2690 3224 3648 4021
231 643 1302 1345 3150 3214
332 1119 1320 1464 1732 1842 3368 4159 4219 4585 4755
431 522 655 768 827 896 1369 1542 1663 1790 2138 2482 2651 2754 2901 2919 3002 3456 3528 3756 3826 3920 4418
511 913 1117 1140 2099 2443 2853 3078 3393 3778 4161 4850
45 1496 2041 2242 2923 3272 3543 4457 4921
395 1120 3549 4407 4916 4956
341 1722 1829 2631 3491 4562
377 1191 1221 1265 4552
513 530 893 1181 2191 3998
485 1845 3308 4616
144 559 568 634 1059 1666 1748 2192 2644 2826 3049 3058 3235 3333 3816 4979
81 196 900 2382 2602 2604 3119 3363 3727 3999 4003 4906
494 706 1509 1853 2020 2137 2416
611 733 964 1262 1406 1684 2065
162 819 1180 1285 1291 1346 1553 1743 1758 1919 2461 2896 3167 3180 3814 3980 4840
27 907 909 1676 3426
440 808 828 1261 1473 2243 3090 3185 3824 4081 4176 4368 4481
36 848 1194 1337 1534 2313 4250 4364
449 2232 3588 3909
108 562 626 954 1297 2044 2295 2657 3960
458 760 1118 2115 2374 2655 2950 3486 4004 4310 4764
1475 1476 2694 3991 4149 4643 4732 4837
350 1847 1896 3838 4793
18 3424 3721
362 783 1139 1529 2404 2925 3833
21 224 331 1333 1865 2474 2952 3095 4590
263 268 712 1490 2266 3435
272 573 2324
344 2093 2398 2836 2912 3716 3726 4495
12 764 1639 4227 4792
718 722 1281 2797 3076
84 2129 3404 3428 4275
434 605 942 2211 2333 2388 2529 2849 2929 3387 3987 4565
335 536 1373 2310 3370 3445 3536 4154 4255
380 879 987 3096
330 416 636 1211 1332 1389 2585 3227
30 2747
142 871 1042 1419 1643 1654 1902 2951 3117 3637
398 407 2399 2515 4856
753 1105 1387 1402 1833 2198 2768 3336 3664 4597 4601
15 23 1531 1887 3347
42 1595 2318 3047
51 1098 1116 1546 1653 1789 1810 2142 2220 2486 2617 2871 3421 3465 4012 4016
257 1219 1621 2248 3204 4791
576 716 726 1558 1873 2730 3582 4440
6 419 1300 2757 3986 4000
3 302 955 3414 3506 4014 4233
261 329 356 2505 3069
164 794 912 1881 2021
1344 1646 1899 1907 1957 2286 2965 4955
239 802 1266 1273 3817 4103
2018 2075 2691 3282 3626 4210
493 2365 2884
645 883 959 1916 3186 3256 3443 3771 3819 3988
475 971 1576 1591 1692 1808 2083 2904 3269 4124 4768 4789 4874 4898
484 4947
757 2425 3759
161 3307 4287 4471 4729
206 667 911 1878 2744 2943 3237
296 1183 1665
527 804 1267 1321 1454 1491 2130 2607 3121 4216
305 1469 2756 4068
0 465 3212 3662 4105 4503
353 541 1077 1609 1796 2508 3327
1080 1940 2014 2259 2500 2905
155 460 1170 1913 2635 2654 2786 2854 3081 3104 3123 3312 3402 3656 3812 4190 4723 4944
413 793 928 972 1040 1263 1520 1782 1947 2331 2391 2513 2570 2991 3084 3274 4117 4443 4762
