146 837 2077 2085 2410 2698 3577
218 630 941 1170 1913 2786 2854 2872 3325 3479 3628 4331 4687
200 1440 2098 3159 3595 3772 3943 3967 4250
209 926 1136 1433 1687 1823 2613 2708 3193 3516 4292 4682 4686
1635 2105 2652 2706 2714 2862
542 1504 1898 2049 2202 2626 3434 3542 4566 4858 5098
155 2654 3081 3104 3402 4190 4318 4809 4944 4963 5144
245 248 357 392 1736 1825 2609 2621 3093 4448
119 1339 1451 2856 3301 3834 4043 4270
128 1915 2070 2426 2915 3147 4330 4935
406 868 1025 1728 2427 2473 2496 2707 2861 3234 3460 3793 3903 4212 4394 4472 4494 4517 4978 5141 5142
1354 1362 1578 1683 1684 2773 2879
487 604 675 791 1204 1481 1798 2949 3173 3615 4213 4430 4604 4841 4857
527 598 930 1267 2130 2385 2628 2656 3620 3973 4141 4560
95 1010 1404 2238 2455 3213 3545 3688 3767 4358
445 620 676 859 950 2701 2843 3285 3420 4246 4609
104 1109 1272 1306 1410 1792 1962 2349 2580 2911 3971 4022 4350 4489 4656 4739 4831 4912 5012 5013
131 984 1547 1841 2121 3178 3682 4572 4977
427 2576 2787 2906 3028 4055 4456
463 1904 2087 2140 2315 2679 2750 2966 3200 3531 3663 4361 4569 4883
122 704 1094 1472 1725 4412 4773 5092
651 664 776 1053 1392 1555 1863 2308 2340 2941 3522 3561 4151 4754
176 369 1298 3353 3515
409 919 1943 2396 2468 2637 2851 3244 3853 3864 4715
77 1881 2467 4623 4879
185 656 670 956 1551 1900 2133 2670 3030 3305 3606 4371 4769 5110 5111
724 1766 1944 2017 2068 2218 2276 2307 2432 2996 3044 3112 4104 4106 4429 4575 4933
59 1552 2842 3673 3700 3758 5020
645 1056 1617 1899 1957 2129 2700 2857 3186 3819 4275 4955
545 1214 1923 1936 2145 2976 4374 5091
68 2127 2262 2638 3657 3659 3959
382 1226 2908 3239 3476 3720 3972 4067 4359 4392 4532 4535 4751 5048 5049
212 481 1561 1750 4038 4675 4735
454 1001 1721 2110 2678 2827 2831 3165 3504
149 713 1493 1716 2776 2815 3034 3880 4148 4787 4825 4995
73 548 744 872 1111 2807 3233 4852 4951
53 633 786 812 1527 1740 2390 3985
182 349
44 1891 1954 3175 3683 4734
304 1719 1734 2348 2484 2629 2784 3856 4583 4659 4700 4989
205 421 1110 1372 1384 1681 3225 3480 3870 4120 4140 4651
869 1667 2290 2442 2999 3101 3249 4084 4320 4377 4750
89 555 719 821 2439 2510 2563 2895 3100 3439 3441 3489 3859 4439
286 1217 1502 1618 1966 2104 2492 2519 3106 3825 3976 4194 4486
295 360 2760 2781 3160 3331
117 448 856 1055 1096 3135 3566 3755 4837 4996
601 621 1241 2109 2762 2881 2899 3009 3181 3188 3829 4189 4647 4949
107 657 715 1282 1656 2721 2833 3375 4072 4249 5107
313 953 1523 2990 3313 3649 4166 4901
385 665 740 1141 1145 1731 1951 2666 2903 3290 3306 3471 3667 4586 4592
782 908 986 1296 1752 1927 2193 2327 2384 2742 3168 3868 4167 4253 4713 5009 5010
397 970 1866 2527 3374
56 1982 2147 2631 2873 2988 3052 3202 3562 4419 4557 4642 5041 5042
262 1718 1815 2257 4129 4937
370 844 931 1024 1890 2556 2719 4291 4786 4851
29 1143 1974 2478 2517 2684 3734 4308 4341
343 550 677 1167 1544 1711 2059 2173 2485 2824 2975 3279 3611 3913 4207 4214 4770
213 297 379 1274 1455 1511 1612 2008 3041 3397 5096
619 1251 2640 2997 3692 4615
801 1193 1478 1503 1778 1870 2437 3329 3371 3982 4534 4646 5005 5006
654 891 1006 1244 1675 2269 2526 2771 3230 3815 4424 4964
325 1032 1238 1567 1668 1826 1857 1874 2433 2619 2957 2968 3513 3679 3836 3962 4155 4805
20 854 1054 2081 2471 2896 3814 4717
502 798 1030 1326 4670 4853
289 754 1173 1519 1967 2709 2717 2845 3666 3686 3785 3830 3940 4232 4707 4961 5084 5085
316 727 1089 1201 2058 2572 3501 3707 5057
271 592 1174 1188 1405 1662 2702 3346 3541 3757 4126 4887 4990 5089 5090
184 597 1426 2460 3113 3530 4005 4174 4384 4897
265 836 934 1159 2169 2443 2853 3146 3393 3477 3605 3778 4161 4850
480 2258 2279 2493 4461 4952
175 1103 1113 1421 1657 1739 1788 1828 1838 2023 2548 2561 2805 3678 3761 3770 3849 3858 4047 4830
337 1535 2228 2688 3015 3488 3953
399 834 1518 2153 2211 3039 3612
436 569 721 752 1065 1437 2032 4235 4482 4997
388 498 917 2887 4137
166 1862 2457 2720 3705 4027 4242 4760 4925
14 1233 1269 3392 3589 3776 4239 4690 4782
328 952 3212 4105 5101
739 929 3497 4836
11 220 292 503 1207 1268 1439 1831 2969 3027 4816
16 167 229 482 580 840 1286 1382 1650 2464 3062 3262 3563 3938 4829 4983
202 1775 2293 3163 3412 4007 4946
238 1186 2934 3619 3624 3731 3951 4511 4627 4702
772 811 1153 1830 2034 2221 2518 2587 2992 3014 3083 3103 3422 4050 4127 4744 4880
641 1005 1042 1246 1429 1654 2005 2039 3117 3136 4474
612 1401 1705 1786 2458 2746 3073 3088 3141 3483 3520 3914 3919 3978 4596 4772 5070 5071
259 3947
708 2547 2809 2893 3247 3882 4238 4477 4924
1175 2204 2567 4716 4742
214 758 1038 1190 2190 2219 2417 2725 3042 3152 3284 3350 3670 3719 4718 4895
652 1147 3220 3458 3558 3888 4536 4708
160 1227 2964 3552 3875 4153 4396 4519 5060
2383 4701
178 637 897 2816 4556 4628 4839 5076
563 1712 3143 3263 4196 4692
967 1619 2681
241 839 867 881 1176 1271 1336 1804 1992 2345 2789 2820 2830 3444 3474 3992 4074
2185 2575 3821 4078 4425 4869 4896 5030
441 710 901 1068 1449 1763 2036 2103 3065 3157 3949 4463 5160 5161
84 181 873 1907 2286 4121 4804 4911 4969
172 429 661 898 1335 1516 1903 2414 2560 3359 3394 4114 4423
345 387 3430 3905 4727
2025 2203 2311 2466 2920 3198 3617 3714 3775 4387
459 936 1648 1854 3357 3704 3961 4254 4305 4452 5065 5066
432 1926 3598 3766 3965 4345 4779 4941
468 756 1390 1425 2305 2617 4012 4247 4480
127 807 991 1155 1364 1528 1691 2378 3265 4124 4273 4737
208 615 3289 3639 3684 4002 4170
914 1485 1584 2735 3059 3332 4041
413 928 1124 1850 2570 2798
82 923 2350 2515 3423 4929
190 669 920 1479 1955 3360 3879 4193
405 1495 2930 3046 3351
64 443 855 1376 3082 3979 4241 4259 5052
951 992 1466 2051 2113 2855 3001 3010 4177
426 438 584 894 1036 1168 1253 1341 1388 1840 2119 2337 2447 2642 3054 3089 3417 3503 3840 4323 4352 4573
3032 3051 3691 5162
58 467 539 888 1129 1597 1999 3335 4752 4828
408 705 734 1132 1304 1605 1814 2172 2250 2932 3008 3487 3750 3865 4009 4116 4479 4819 4982 5081 5082
67 863 2170 3116 3365 3760 4594 4984
751 2491 3654 4150
139 2545 3174 4485 4540
381 971 1463 1525 1576 1591 1596 2251 3038 3314 4266 4306 4741 4768
49 1234 1770 2199 2354 3362 4096 4119 4233
130 298 1048 1457 3436 4183 4263
336 560 625 1533 1937 2107 2182 2693 3170 3276 4411 4660 4920
4 974 1309 1424 1738 2009 2582 2593 2985 3918 4886
257 1219 2248 2372 4593 4765
1367 2040 2151 2367 2890 3963 4088 4107
372 557 797 1273 1941 2273 2671 3271 3386 3745 3928 4103 5125 5126
395 462 1120 2858 4052
121 1062 1209 1293 2344 2660 3948 4799
157 1166 1224 1347 2222 2897 3613 3669 3964 4001 4465 4667 4788
22 736 882 1107 1573 2094 2665 2980 4100 4113 4146 4230 5120 5121
435 2379 3403 4685 4748
444 1197 2274 2683 2838 2972 3114 3125 3872
103 134 1751 2697 3330 3823 4144 5056
76 314 1685 1929 2470 2543 3827 4624
682 775 1541 1871 1949 2358 2668 4039 4516
1106 1319 1694 1708 1822 1893 2161 2355 2674 2739 3455 3495 3862 3926 4512
97 1924 2084 2200 3974 5073
312 540 574 694 1004 2448 2963 3097 3955 4073 4355 4543
393 531 2135 5122
79 570 725 1365 1697 1707 1742 1805 2984 3457 3475 3578 3852 3939 4236 4313 4415 4600 4666 5031 5032
288 303 425 624 841 1910 2183 2264 3831 4496
70 323 666 1037 1189 1192 1313 1664 2088 2507 2549 3022 3191 3255 3391 3453 3921 3942 4138 4399 4531 4549 4603 4974
384 590 789 911 979 1287 1559 1843 1945 2086 2095 2206 2724 2744 2863 2891 3665 4260
52 368 1467 1875 2246 2811 3783 4652 5163
244 276 1250 1415 1497 1614 1779 1834 2123 2329 3267 4367 4369 4578
267 1465 1855 1918 2718 2874 4431 4795 4800 4908
25 2389 2589 3733 4567 4968
34 838 1134 1378 2139 2386 2731 2844 4500 4845
240 765 1371 1680 2217 2504
61 749 1222 1256 1729 1867 1897 1972 1998 2226 3787 3977 4653 4714 5058 5059
957 1115 1179 1356 1780 2174 2283 3559 3748 4421 4553
37 424 995 1575 2026 2053 2227 2584 4188 4862
180 519 688 1735 2695 4251
47 207 274 2126 3779 4208 4998
324 1560 1574 1938 3171 3532 3539 3631 4889 4914
1043 1514 2336 2749 4471 4491 4655 4915
270 551 1856 2029 2041 2067 2675 3130 3272 3482 5018
252 4976
1930 2334 2962 3527 3651 4053 4689
261 1431 2505 3575
315 1122 1557 1836 1858 2237 2848 3572 4953
174 243 1633 1753 2090 2869 3877 4175 4447 5118
147 968 2320 2868 3095 3715 3735
183 701 1290 1821 2071 2357 2424 3085 3674 3788 4807
255 866 2536 2733 3068 4658
228 720 1049 1084 3166 3232 3409 4031
461 1083 1324 2235 4139 4280 4993
452 822 1101 1121 1146 1220 1626 1797 2013 3031 3356 3690 3711 4966
210 334 886 2870 2970 4926
1081 1148 1249 1301 1385 1543 1791 2160 2550 2982 3066 3110 3257 4028 4397 4442 5024 5025
237 596 1104 1212 1480 1636 2272 2338 3246
192 1237 1275 1330 1374 1603 1628 2048 2314 2726 4312 4464
201 602 672 778 877 978 1014 1311 1403 1647 1661 1715 2124 2189 2761 2832 2885 3258 3316 3396 3832 3935 4524 4671
517 689 748 816 990 1007 1061 1196 1417 1811 1851 1987 2465 2533 3177 3400 3481 3932 4277 4510 4606 4644
186 742 924 3127 3293 3352 3514 3706 3799 4015 4063 4261 4625 5114 5115
501 1114 1610 1673 2165 2247 2943 2986 3208 3502 3644 3794 3898 4641 4672 5123 5124
168 1044 1125 1391 1556 2178 3187 3192 3586 3746 3813 4262 4302 4347 4490 4930
383 1530 1572 1787 1846 2892 3946
1064 2712 2748 3115 3512 4128 4681
150 761 933 2180 3098 5119
473 559 975 1203 1430 1917 2072 2192 2362 2823 2826 3049 3058 3206 3437 3897
159 1507 1892 3342 3538 3701 4220 4285
141 915 1793 1859 3158 4079
446 916 1554 2205 2766 3310 4011 5072
6 419 1432 2010 3784 4101 4679
105 884 1027 1161 1505 1809 2392 2438 2732 3694 4244 4588
123 187 510 3060 3447 3848 4610
204 667 876 909 988 1422 1672 1837 2073 2195 3901 4200 4781
410 2370 3040 3080 3440 3564 3583 3989 4451 4695
491 2450 2690 3224 3648 4021
231 643 1091 1127 1302 1345 3150 3184 3214 3410 3957 4864 4909 5014 5015
1119 1408 1842 2387 2800 3338 3368 3906 4159 4219 4755
431 655 768 827 1264 1369 1409 1542 1790 1940 2132 2138 2482 2508 2651 2730 2901 3002 3756 3826 3920 4418 4724
90 1348 3838 4793
63 533 2038 2063 2317 2339 2767 3268 3790 4256 4506 4697
422 745 1832 1879 2624 3179 3243 3245 3472 3473 3791 3895 3929 4145 4152 4184 4197 4529 4905
513 530 700 893 1026 1181 1990 2191 3998 4122 4899 5061 5062
485 1245 1845 3308 3741 4616
81 1413 2520 2602 3119 4003 4069 4555 4591 4740 4906
126 1368 1762 2793 3416 3863 4158 4215 4257 4324 4528
162 819 1285 1291 1346 1553 1758 1919 3167 3180 3980 3996 4840 4910
440 808 828 1047 1165 2280 3185 3710 3806 3824 4231 4613
1002 1263 1564 1645 1996 2513 2825 3084 3153 3274 3367 4443
108 562 626 693 954 1157 1817 2044 2295 2657 3045 3960 4631
780 813 885 1028 1351 1459 1592 1882 2304 2395 2401 2759 3037 3398 3782 4064 4125 4375 4547 4558 4568 4676 4767 5038 5039 5040 5104 5105 5106
3 327 534 955 2456 3094 3414 3506 4014 4410
718 722 1281 2797 3076 4678 5064 5133
434 937 942 1199 1649 2196 2333 2388 2529 2620 2663 2849 2929 3387 3696 4315 4565
93 738 1163 1658 2612 3283 3296 4133 4877 4945 5135
102 516 858 969 1565 1760 1852 2301 2330 2488 2916 3013 3854 3941 4181
853 1640 2074 2162 3092 3736 4112 4468 4954 5074 5148
536 1373 2310 3370 4154 4255 4614 5117
115 308 1366 1970 2047 2125 4640
330 416 636 1202 1211 1389 1477 3005 3190 3227 3298 5026 5027
281 572 1305 1606 1701 1985 2476 2790 2821 3215 3358 3803 4019 4654
581 614 832 962 1149 1682 1744 1756 2648 3021 3118 3537 3573 4939 5035 5036
39 2225 3505 3808 4070 4409 4488
398 1515 1824 2131 2399 3500 3546 3855 4033 5063
15 1177 1310 1531 1844 1887 2076 3347 3645 5143
329 356 1690 3211 3555
865 1621 2489 2926 3204 3997 4791
374 518 1361 1914 1978 2403 3406 3738 3798 4123 4343 4771 4975
51 1116 2486 2871 3421 3986 4016
769 1598 1631 1638 1641 2136 3209 3995 4722 4826
921 1252 1709 2209 2436 2532 3804 4311 4326
165 320 351 423 671 1386 2240 2265 2282 3250 3551 4677 4736
302 773 1154 1370 4163 4487 4618
3069 4164 4354 4525
203 850 1590 2215 2441 3133
376 799 831 4298 4422 4483 4515 5140
311 586 1095 2541 2779 2794 2927 4684
365 673 887 1205 1759 2271 2277 2394 2819 3201 3883 5087 5088
266 823 1411 1482 2475 2499 3493 3643 3650 4034 4304 4408 4445
239 802 1266 1398 2974 3270 3646 3817 4223
493 1921 2884
179 1934 2079 2249 2481 2898 3216
188 599 1236 1950 2583 2828 3280 3604
475 1692 1808 2083 2134 2459 2904 3269 3984 4048 4789 4874 4885 4898 4943 5129 5130
170 757 1060 1499 1727 1749 5077
143 528 1076 1178 1360 1969 2243 2557 3090 4276 4674 4881 5137 5138
215 450 653 735 1270 1329 1489 2770 3801 3884 4046 4402
504 1911 2100 2544 2685 3324
206 683 1180 1743 1783 1878 2461 2810 3237 3260 3264
169 233 1948 2294
296 1183 1665 5003
305 1469 2756 4068
