146 837 2071 2077 2085 2410 3718
218 630 941 1215 3325 4331 4687
771 981 1035 1771 1799 2015 2381 3377 3630 3768 3805 3966 4719
433 1031 1515 2434 2669 2983 3189 3855 4278
442 1166 1283 2897 4465
200 672 702 978 1311 1440 1661 2761 2799 2885 3258 3316 3943 3967 4671
209 865 926 1433 1687 2613 3159 3516 3635 4052 4682
191 1753 2869 3877
1063 2096 2281 3113
542 1504 2626 3434 4566 4858
83 681 699 1277 1671 1784 2311 2466 2480 2535 2921 3087 4130 4224 4387 4513 4798 4871
496 506 549 790 963 1017 1334 2574 3309 3739 4017 4172 4195
469 895 999 1582 2785 4065
376 799 831 2422 4298 4422 4483 4515
245 4448
451 939 1427 1484 2244 2888 2989 3265 3470 3924 3927 4048
110 729 1152 2373 3163
460 1170 1913 2635 2786 2854 3312 3656 3812 4723
216 779 1097 1441 1487 1745 2552 2633 3016 3074 3147 3162 3507 3958 4198 4299 4413 4584 4778 4959
487 604 675 791 1145 3173 3615 4213 4430 4604 4857
236 470 878 1050 1200 1329 1452 1468 1710 2230 2883 2977 3467 3499 4589
93 1658 2612 3283 3296 3874 4110
95 552 1010 1404 2260 2455 2804 2940 3213 3688 3767 4416
445 620 859 950 2261 2843 3285 3420 4023 4246 4609
472 642 711 1524 2705 3072 3231 4818
131 984 1547 2121 3178
410 427 2370 2576 2787 2906 3028 3040 3583 3989 4055 4451 4695
463 1783 1904 2140 2315 2679 2966 3531 3663 4361 4569
122 704 1094 1725 4412
418 1093 2353 3124 4728
77 1819 2467 4879
627 698 862 1807 3000 3797 3900 4605
158 1072 1315 1565 1766 2017 2068 2307 2996 3024 4429 4575 4933
167 229 2464 3262 3563 4829
400 717 1020 1474 1588 1616 2526 3384 3843 4514 4726
59 1552 2110 2831 2842 3673 3700
251 373 668 910 1617 2303 2857 2960
212 481 1750 4038 4675
140 1158 1679 3892 4372
1733 2007 2795 2866 4097
394 747 849 2067 2175 3376 3677 4237 4428 4602 4994
53 633 812 1527 1740 2390 3985
809 1931 2343
606 1393 1414 1925 2523 3292 4061 4085 4265
44 128 1891 1915 1954 2070 4111 4330 4344 4436 4935
26 1986 2412
304 1339 1719 2348 2484 2629 2784 3856 4583 4659 4700
340 593 1380 2062 2788 2886 3433 3442 3618 3954 4185 4283
80 1187 1521 1667 2158 2812 3223 3525 4067 4169 4294 4377 4507 4542
295 360 2760 2781 3331
117 448 856 1055 3566 3861
601 621 1241 1466 1867 2109 2762 2881 2899 3009 3181 3188 4411 4647
71 538 732 3036 3071
34 107 3375
322 1349 1942 2149 2814 4449 4808
307 1210 2396 2419 3655 4715 4775 4918
66 659 777 1225 2069 2094 2497 2743 3077 3240 4446
397 970 1130 1765 1866 2527 3374
298 1579 2615 3029 3690
29 710 1143 1921 1974 2478 2517 4341
38 1144 1908 2221 2229 2287 2289 3184 3277 3916 4006
213 379 1274 1612 2008 4655
1251 2997 4208
244 1250 1503 1778 1779 1870 2437 3329 3371 3982 4336 4534
226 545 927 1936 2143 2145 2976 4317 4892
521 891 1112 1314 2269 2910 4424
325 1032 1567 1668 1857 1874 2957 2968 3513 3679 3836 3962 4155 4805
2 803 944 1483 1734 2001 2201 2263 2380 2630 2722 3315 3449 3725 4229 4747 4989
235 2413 3343
316 1201 2058 2572 3501 3643 3707
65 1013 1126 1260 1462 1632 2045 2117 3490 3596 3908 4725 4890
280 1046 1412 1599 2454 2520 2680 3385 3529 4710 4752 4756 4783
5 846 1350 1563 1568 1703 2296 2469 2978 2994 3182 3221 3275 3317 3326 3729 4071 4902
319 982 1600 1816 2875 3102 4074 4342 4872
597 1426 2236 2460 2558 3259 4332
265 836 934 1091 1159 2664 3026 3477 3957 4909
301 509 899 903 961 1172 1299 1416 1723 2157 2566 4362 4731
256 520 610 1532 2579 4018
211 834 916 1518 3612 3696
292 752 1065 1439 3027 4235 4997
166 1862 2457 2720 4380 4461 4476 4925
220 1207 1880 2969
501 1114 1382 1610 1650 2247 2986 3208 3502 3644 4672
238 915 1186 1859 2934 3624 3951
310 772 811 1830 2034 2518 2587 2992 3014 3083 3103 3422 4744
277 1078 2472 2569
72 474 556 613 1029
641 805 1005 1246 1429 2039 4518
612 1401 1701 1786 2458 2593 3088 3141 3918 3919 4381 4596 4772 4970
223 997 1041 1340 1699 2452 3318 3647
259 3947
438 584 894 1228 1341 1995 2642 2893 4024
133 810 1127 2578 3105 3300 3681 4600
106 943 1470 1651 2239 2738 3254 4386 4437 4582
214 737 758 1038 1190 2190 2219 2417 2782 3042 3152 3350 3719 3915 4438 4626 4718
420 875 2245 2592 3851 4462 4705
652 1147 3220 3458 3558 3881 3888 4536 4708
1227 1545 1876 1935 2791 2964 3552 3875 4153 4396 4683 4794 4833 4868
169 4701
178 637 2816 3264 4628 4839
687 1177 1323 1423 1864 2101 3011 3156 4420
241 867 881 1271 1336 1804 1992 2789 2820 2830 3444 3474 3564 3992
962 1149 1279 1352 1420 1747 2336 2453 2600 3322
176 369 2185 3353 4078 4425 4869
477 660 1801 3752 4988
387 3430 3905
46 225 532 1448 1637 2302 3198 3341 4162
664 1053 1392 1555 1863 2308 2340 2941 4151 4345 4779
1933 4202 4821
136 983 1023 2196 2446 2598 2877 2894 3912
208 615 3082 3289 3639 3684 4002
286 414 512 1217 1502 1885 1966 2492 3106 3122 3557 3825 4194 4269
709 806 1602 1941 2306 2522 3064 3745 4790
215 450 735 1317
190 920 1479 1955 3360 3879 4193
820 2495 2900 3197 4094 4301 4502 4814 4932
378 417 830 2000 2364 2409 2834 4086 4211
73 872 951 992
160 338 486 763 1381 1456 1884 3345 3693 3968 4388 4519
85 680 1230 3545
58 467 539 888 1597 3335 4591 4740 4828
408 1132 1605 2172 2932 3487 3750 3865 4009 4116 4479 4982
751 2491 4150 4258
139 2545 3174 3584 4485 4540 4662
381 1463 1525 2049 2151 2649 3038 3314 4741
40 1395 1754 2531 2597 2914 3451 3891 4083 4861
390 1047 1165 1248 1677 1872 2148 2280 2479 2835 2936 3226 3744 3806 4231 4548 4613 4649
49 773 1154 1234 2354 3362 4096 4119 4163 4487 4618
471 4051 4056
130 1048 1457
560 625 2107 2182 3276 3787 4920
345 4727 4765
1367 2040 2367 4088 4107
658 1939 2543 3004
462 2858 4567
121 1209 1293 1877 2660 4799
157 855 1060 1347 2222 3613 3669 3964 3979 4001 4788
22 736 882 918 1107 1573 2665 2980 3080 3440 3937 4100 4230 4337
189 363 1590 2215 2441 2796 3749 4379 4421
435 2379 3403
31 1022 1135 2737 3067 3399 3945
86 1517 4013 4080 4209
76 314 1685 1929 2470 4624
112 647 930 1255 1289 1357 2494 2689 4072
682 775 1871 1949 2358 2636 3195 3802 4039 4516
94 318 857 1355 3591
327 534 691 692 1195 1928 2043 2082 2948 3248 3871 3910 4913
312 1004 1245 2448 2963 3741 3955
7 546 553 1486 2193 2440 4203 4240
393 531 2135
79 570 1365 1707 1805 2984 3061 3284 3475 3493 3852 4313 4415
402 1500 3931 4455 4870
294 2164 4076 4095
288 303 774 841 2183 3176 3821 4338 4896
375 654 727 1006 1162 2710 3230 3463 4620 4923
70 323 666 1189 1192 1313 1664 2088 2549 3191 3255 3453 3921 4113 4138 4399 4547 4549 4603 4974
339 973 1781 2524 2627 3668 4245 4382 4758
240 432 765 1926 2217 2504 3598 3965 4941
321 1461 1973 2011 2913 2954 3253 3950 4611
1179 1780 2283 3464 3559
37 424 2053 2227 2584 4188 4658 4862
1 3025 3866 4525
342 523 577 866 904 1655 1883 2418 4632
297 1455 1514 2749 3041
270 551 2029 2675 3130 3482
252 258 2917 4976
315 1122 1197 1557 2848 3572 4953
282 284 600 2284 3050 3452 3579 3850 4759 4863
174 243 1633 2090 4175
92 147 947 968 2320 2868 3715 3735
497 1070 1327 1539 2150 3379 3873
183 701 1290 2357 3085 3788
228 720 1049 1084 1705 3409 3520 4031
170 443 1086 1198 4281
479 1510 3798 3990 4268
452 822 1101 1121 1146 1220 1626 1797 2013 2025 2203 2920 3356 3617 3714 4966
138 1549 1586 2942 3155 3593 3653 3818 4992
219 386 1601 1607 1726 2128 2300 2430 4537
1002 1645 2428 2825
165 320 714 1571 2268 2363 3250 3551 3804 4435 4677 4736
237 596 1104 1150 1212 1480 1636 2272 2338 3246
246 326 1698 2187 2559 3548 4954
192 1237 1275 1330 1374 1603 1628 1943 2048 2314 2468 2726 3936
186 742 924 2723 3127 3293 3352 3706 3799 4015 4063 4261 4625
575 1696 2035 2288 2822 3278 3397 3645 4454 4520
535 587 2376 2763 2935
580 1069 1286 4082
383 1530 1846 2709 2892 3145 3634 3946
464 3485 3622
150 761 933 2973 3098
1432 2010 3594 3904
455 492 767 890 1566 2806 3166 3914 3978 4295
69 795
78 120 648 786 1322 1777 2550 2745 3526 3541 4057 4102
491 861 2450 2690 3224 3648 4021
332 1119 1320 1408 1464 1732 1842 1965 3368 4159 4219 4585 4755
99 2435 2947
511 913 1117 1140 2099 2443 2853 3078 3393 3605 3778 4161 4850
45 1496 2041 2242 2923 3272 3543 4457 4921
341 1722 1829 2631 3491 4562
422 745 2624 3243 3245 3472 3473 3697 3791 4197 4405 4574
171 1015 1889 2234 4884
377 1191 1221 1265 3774 4247 4552
162 819 1180 1285 1291 1346 1553 1743 1758 1919 2461 2750 2896 3167 3180 3260 3814 3980 3996 4840 4910
359 1977 2753 3020 3053 4478 4539 4931
27 907 909 1676 2195 2653 3426
368 646 1467 1875 2177 2238 4652
449 2232 3207 3588 3909
108 562 626 954 1297 2044 2295 2657 3960
1475 1476 2694 3991 4149 4643 4732 4837
9 104 1997 2141 4489
48 695 703 1674 1976 2144 2342 2347 3660 3893
362 783 1139 1529 2404 2925 3833
21 224 331 1333 1865 2474 2952 3095 4590
263 268 712 1490 2266 2953 3435
272 573 2324
931 1024 1396 1688 2556 4851
317 967 1640 1860 3569 4312 4390 4398 4470 4571 4842
12 764 1639 4227 4792
718 722 1281 2797 3076
84 2129 3404 3428 4275
299 564 1818 3846 4020 4999
335 536 1373 2310 3370 3445 3536 4154 4255 4614
380 879 987 3096
572 1305 1985 2476 2790 3592 3803 4019 4654
290 581 614 832 1682 1756 2648 3021 3118 3537 4093
142 871 1042 1419 1643 1654 1902 2951 3117 3637
111 589 787 4522 4934
537 708 958 1216 2332 2509 2553 3003 3247 4477 4924
746 3555 4226 4733
230 291 585 622 2650 3717 3837
257 1219 1621 2248 3204 4593 4791
938 1278 1450 3401 3523 4580
576 716 726 1558 1873 2730 3582 4440
374 518 1361 1914 1978 2136 2403 2706 3406 4123 4343 4771 4975
248 921 1709 1825 2609 4784
261 329 356 1690 2505 3069
769 1326 1631 3995 4722
293 1983 2003 2042 2436 2498 3140 3348 3764 3786 3820 4092 4286 4311 4467 4492 4635
365 673 1205 1310 1759 2076 2277 2394 2684 3201 3883
254 266 823 1411 1482 1697 2475 2717 3650 3785 4034 4304 4445
493 2365 2884 4563
757 2425 3759
143 528 1076 1178 1360 1969 2557 4276 4674 4881
287 2946
161 3307 4287 4471 4729
206 667 683 911 1878 2744 2863 2943 3237
527 603 804 1267 1321 1454 1491 2130 2607 3121 3973 4141 4216 4334 4406
305 1469 2756 4068
1080 1940 2014 2132 2259 2500 2905 4866
