231953 523128
160294 304770 135499
179001
21166 207188 405926 531532 540207
55727 78359 335007
302489 363427 363428
12147 73388 269070 439998
42888 217362 58675
219649 233695 337976 337981 444709 499056
40932 60426 69992 121380 135271 144956 178173 196826 222160 289417 302416 388977 425745 453129 467926
58989 219743 219746 219748 219755 398509 529963 543367
74354 128808 201212 345411 376224 431343 432551 484443
242898 273685 343188 365944 405248 485768 67152
12526 33054 346440 501788 538991
76799 228369 228371 406903 526356
100579 137990 373778 428792 483698
45157 304504
32428 118086 323498 367483 411766
135652 152314 172487 220229 249463 340532 389009
138475 149247 149250
8495 150048 164309 221460 243178 281604 292542 377561 426350 449280 498126 520322 532147 4484 5437 9656 38463 45600 54536 132870 148248 169736 170987 195830 202401 217014 313050 315910 337062 339961 373268 379472 382714 396419 407156 447954 451248 462111 470171 475223 499218 517835 534133 174295 355554 254311 405500
5384 110507 110512 110748 192985 372395
65390 180936 214026 319423 367843 295115
25705 176603 288881 343798 402905 464872 231588
7916 86421 88597 126382 153577 188170 200838 214804 226320 251763 264382 266291 288764 370403 430441 476094 476822 535698 425892
226933 288773 354406 395260 433116
66912 261575 219322
17215 353654 443155
29159 188735 292677 411328 464161 476644
116154 291163 521598 531640
48386 157449 181471 197675 229780 294731 335993 355487 509571 537966
315381 449093
71651 136931 344376
93003 163816 212108 347287 387941 422973 536483
26093 291832 383968
57824 82730 90608 107186 109422 328644 377039 391732
41233 46638 93866 149190 154979
17348 47156 63867 303329 312849 351508 353748 361150
120942 146227 213167 267988 278186 394142 452083 508006
59586 60022 100707 119487 128025 143005 166165 166170 166173 167893 191264 191279 244171 307846 424622 424626 505371 505374 533174 68775 188036 269006 501967
39024 340358 346686 348122 382265 406622 461663
331090
138094 164230 290174
88567 208899 317988 510762
13837 15316 293389 382801 392824 430704
56630 142980 205060 287196 356294 380243 448373 454314 500534
42761 58894 102756 108405 172687 173342 329503 387236 426707 455994
21397 147833 193216 202424 285022 416667 421706 533455
100897 268935 276495 341825 448472 448478 448479
350365
193203 228571 253308 460939
189330 199812 220034 382482 526388 186907
8680 40204 60792 136948 406220 432419 442368 455693 466569
30623 76457 104494 136452 173156 308223 407878 431590 535009 410225
42828 329732 440992 459589 493912 499772
13083 50229 74914 138186 161631 301328 384358 438144 511464
94085 98742 152903 226158 274813 544421 545678 545919 546598 240113
55243 78826 103520 188784 274519 286707 293921 405928 440458 64882
299655 331526 387434 505148 540854
12681 112668 120631 280772 280779
42284 52236 140949 165131 197609 353245 400218 500904 462345
157587 286107 479118 499264
113905 188421 205459 210414 258181 338280 339151 411938 432420 456517 499824 528406
80144 205236 212864 212867 212869 223206 434083 495397
33116 95736 200577 220425 237846 252872 338819 518003
59509 68430 84384 93341 172036 294094 310314 504212 537726
8624 167296 201470 208857 278798 314560 314562 321722 371764 480955 503374 503379 507101 528245 71107 191306 233613 245602 307426 394812 449979 515033
35096 68020 100656 144036 166163 174757 191283 191284 239725 250018 308709 310642 315965 348335 364316 413326 424623 424628 430746 446669 450131 485307 520489
63076 67221 182616 249104 274294 354326 438866 463165 465766 484041 400510
68113 248483 324474
21742 46750 134247 171553 223767 258658 306262 442607 458567 518137
230959 282607 363928 493355
15708 44578 60897 85733 110288 114293 114561 182337 184866 346617 372891 508820
86967 107110 129663 264650 289094 486317 521391
192260 201171 230723 400924
62212 283926 311238 335193 480585 521499
13867 21789 43967 108325 219714 367717 410401 448789 456740 492018 496038 526750 533680
20761 37316 47014 76302 123563 234014 337603 463377 494258 512373 532301 348574 154417
2625 5338 6971 10997 14567 15554 27137 29201 38476 40318 47559 48359 52895 60779 63483 71292 73966 79227 85570 92920 98354 99335 105394 121262 123533 126713 129562 130619 147977 150430 153173 157915 162584 168608 173221 180642 184010 184707 188991 191745 217000 220148 245970 246810 248193 248492 254441 271345 272733 281663 315743 316031 319052 324898 327740 332123 351358 362223 371893 376352 377393 385756 392256 394033 395771 405648 412972 419830 423124 425261 433665 439553 444736 454538 467711 471591 476031 491586 492176 492399 493039 493381 497880 497950 504364 505559 522223 526588 531007 533484 533970 535723 433145 434007 21532 147760 186253 244947 258433 293867 355265 534192 344237 19877 42921 45769 525304 537524
522869
17994 27468 67232 133986 162036 182146 263489 279061 288871 381698 435800 436924 466532 479941 519796
94879 105993 201582 223642 239954 272973 355461 377006 395464 406110 536260 166143 258569
78535 165352 546303 547111 547342 547343
19622 30849 34477 140014 224056 367439 419643 463507
80308 112477 121302 139178 189107 190820 418406 129804
91927 215767 285310 289765 346397 398891 398893 410927 410930
227683
4005 97674 282981 319136 371558 391665 463620 474167 493578 496977 527275
334107 378674
25301 174471 344202 344204 440423 440425
11065 31591 55931 168287 216739 241646 299114 342259 379596 427444 478910 500652 530841
41885 66520 107582 228892 248812 253624 273314 343630 463360 525454 215778 207524
14245 54528 144069 259746 418053 436121 446311 523611 527637 310133
42155 258784 354458 396741 486636 330244
183356 250924 275371 299770 372953 389000 425475 440811 462792 487020 522161 525784
94558 279360 294063 312585 336521 359340 393519 403179 407071 420951 436325 451405 500578 529376
225413 250186 301853 404231 488254 60469
217508 496276 526306
12608 33227 107111 157724 252074 252075 276515 437875 437879 437883 437936 486359
146898 221788 247776 325697 325701 476489 514817 529612 541928
38076 362908 388892 450893
15615 60709 77776 117427 161472 191527 201338 216044 253298 275950 287774 368505
6290 16051 20998 91627 186585 223416 277700 302104 342521 384625 417199 471109 495975 524273
24373 179036 200385 321887 331333 362479 402718 509637 527614 535503 61894 261360 501882
195496 311567 381599 432389 500036
252628 463961 485383
46977 118922
12629 41702 67693 89528 90297 92608 96938 114916 132917 133918 157752 189521 211515 236396 315562 342020 368609 389835 466850 486160 520870
73 42018 142583 261014 261046 279516 345111 369214 386868 417573 451459 483855 511743 516766 23912 282562 324103
49230 360803 420228
48448 112055 143671 161659 171979 277912 302342 302350 319569 351716 418605 503245 519124 346970 193333 269571 343601
16750 37384 60074 504753 530151 153130
52832 78161 94146 99690 146709 159374 187702 234734 296855 297650 301723 304234 318902 333628 334780 352715 376728 400669 441673 449166 473141 498010 513131
198707 244909 299522 310196 318042 454182 489774
94800 302845
149703 192027 279526 478314 480259 501820 521157
23051 122983 362571 458331
192722 365437 312007
49952 150470 199121 244765 247554 269072 357917
241612 507575
127346 545427 545429 547254 547256 113034
176 131232 201855 321841 347858 533157 132725
67554 67555 130970 162263 171940 199941 204174 204177 215668 540481 542439 542860 542948 543633 543634
18946 21193 74639 133887 151531 241574 297110 382408 426827 428152 445944 450706 505600 451372 345863
299842 434493 434495 438850 535349 535350
4085 10486 60002 415440 508129
67412 87694 116840 199841 213022 235471 255529 261886 327390 338053 377548 522428 530854 540364
207803 217024 411292
420358 525734
43606 50157 103921 134935 368947 447988 452260 517606 225654
36205 52427 62450 83103 91182 128125 157901 211039 233672 240238 258449 281286 309044 385739 402937
30515 109310 177056 315518 338994 364271 393490 417413 441237 460624 161270
43572 154506 157140 238989 265976 283468 303403
70863 83615 91645 95788 102898 108191 134064 158928 192759 230977 255781 292712 301086 317602 341644 377255 386664 437385 442207
56685 165139 309941 484369
322302 405631
1994 61102 73660 87268 107992 147842 169284 176914 186228 219888 246575 285201 296948 335091 389945 396216 432716 504371 520958 521909 537167 366131
38942 74213 99188 108584 167797 215664 234546 242551 266425 267735 287319 289921 337561 538964
19756 20550 94878 139102 244824 379152 435000 441305 502108 23785
15661 42039 100918 136589 138913 269429 280767 287249 295524 329653 338217 349247 392498 393554 434865 438083 443522 502147 531783
25094 30012 80153 117848 163200 184191 188313 205669 243289 255399 284366 298966 309970 315063 315407 345802 369899 441533 455520 526608 540443 13248 29563 33799 76557 92212 97018 115144 121638 129020 136963 144348 147835 150371 152841 175604 178031 194436 200642 243240 245523 247886 248030 250378 261348 267773 268353 272525 276604 284228 299402 300621 309672 313665 322472 333602 342279 378221 390333 405609 413512 419566 425548 426084 430159 434010 438643 449361 449928 458156 478024 498764 502904 506046 524866 528695 537720 21823 48542 49299 65581 84226 90055 90392 98418 115024 126184 161640 164490 200667 207311 211522 231590 232381 236502 252958 301724 318922 331673 342983 348796 365395 367123 372909 379854 399173 400256 414771 420643 421322 433362 436671 438641 444456 445274 457506 468534 481513 491430 494020 501204 514884 519197 531201 536302 3670 316153 534435
19006 20353 36212 130580 147273 164738 184854 266542 267803 309698 357847 375611 414330 446541 462268 463325 465393 495135 517602 544044 544964
33895 42977 54168 73243 83623 150058 216431 218769 269236 334061 516184 516831 532003 544399
22753 47498 84217 136208 179179 214023 255722 262922 359500 378414 408658 512234
144403 491995
74023 140392 144252 144255 183871 206643 230601 255355 260920 322563 342042 364779 366253 442379 466634
33771 271638 523952
247514 290865 319325 404306 531490
29195 53482 78412 90872 127731 177514 277890 302328 315424 339438 407628 523802
32818 32819 32821 32873 32875 32877 32879 32880 53520 62523 140298 168637 173935 183395 189279 200549 216445 216449 278141 295252 320928 345620 359912 379180 465069 470095 470598 488157 525406 137763 137766 183412 22388 31673 69451 102350 126868 152486 228695 240517 285376 436108 525422 541545
88172 283516 390746
51511 75966 152623 156415 172515 224878 246707 251888 261897 336439 371052 436219 508151 510977 518809 520180 526119 531909
46196 64131 187354 196726 241848 272582 358285 368269 391238 457335
49148 145180 376640 411004 462064 531521
13146 13752 22979 43798 51660 87311 122728 225783 290347 298914 301823 316752 320545 352817 371837 395752 443545 459197 467827 473456
3464 105174 126775 205091 355231
9179 18596 36535 91722 109368 139914 143589 144982 166267 182215 222047 258968 286297 293032 328351 350251 352994 434252 435044 435050 435438 440776 445963 483624 489117 530243 125289 225019 258142
10734 60559 68871 86908 93789 109891 110039 257779 259228 324314 324599 350514 377757 391981 411757 443042 487194
3456 77482 221669 223614 238357 241282 274265 274270 288359 311109 317098 353933 378470 383468 394067 396413 404545 504241
414 31823 265606 410079 362149
6633 11593 27451 49271 102198 103808 124244 175208 222832 247631 247703 265673 346493 372073 401800 404226 444299 479041 482092 493075 504729 523382
544663
169977 174729 237477 270134 274716 283188 294112 340717 407032 428062 430923 431108 439717 480598 482603 516030 518931 524036 529657 530354
41256 361696 361698
1585 148532 159036 300116 300117 300120 310216 335158 335159 335171 341594 351682 425066 425067 429655 488537 513170 532991
17999 60502 82648 139614 186839 273870 288281 331220 331221 331222 476590 530974 543502
148017 148080 239036 247263 148090
262790 353463 428005 496686 266274 422490
79772 158573 174206 285723 366456 401351 401355 401357 401386 456694 483898 487550 548526
495392
90205 262847 289685 355280 385347 529587
32015 37761 75175 87318 96760 105873 192743 246879 256722 310207 339441 340390 363712 393304 413141 413751 435303 489224 512110 512599 439277 46300
292085 368988 368990 369000 369002 476488 542678
107991 264452 313628 334579 361837
91773 237173 346293 462501
54269 129913 252501 503168 504163 512878
131442 233222 441855
26594 43658 91655 119305 130923 133904 138501 217696 219264 220277 238708 248185 279761 280410 283793 299828 313661 317384 350642 363273 373276 396297 414043 416134 423615 458612 463809 527812
48244 55907 89052 98986 371227 492981
16942 178407 213266 498562 512100
19043 59514 73765 143573 169293 192709 205568 229736 237027 255918 280211 359417 383743 390104 418481 450023 468033 490635
49061 360239
7563 52199 55481 106336 107678 132409 168662 172464 182338 235945 242550 251731 261287 289265 301505 325454 330626 332684 332863 375365 378831 454625 507431 219430 278358 33741 264806 513578 193742
68969 169028 218076 298135 429236 431350 482589 434288
216056 303541 366556 398182 420499
391269 526636
84055 176891 201263 336715 366590 408596 455003
73719 114536 128824 136590 138828 160179 170291 212243 236022 266172 299023 355594 355906 376623 388080 412785 435329 466444 488471 507142 532963 81482
14372 51145 53416 57683 91784 110102 133777 176731 224731 236879 249279 257745 298612 314700 315898 316167 431428 434104 461258 463515 477993 498667 511619 524663 102978 42283 129389
5829 13732 48968 98588 118943 143608 145927 168570 174928 187370 193654 255303 255775 327145 334757 366418 377884 410943 419483 444875 498286 507155 539820 541959 410887 463844 150522
217261 221400
24022 24025 150988 335852 547755
8619 64259 89532 100452 107976 108073 182478 190065 224978 239320 327059 360260 363769 375710 382607 404936 411334 415818 417210 435207 450533 453454 454437 459849 484008 503238
129718 172754 295873 506571
49098 82214 91232 127277 172194 194256 222011 233864 258976 283373 356956 439814 515581 521118
55674 109648 120923 120977 132830 137880 140689 143495 157659 173171 176204 181154 201249 202731 211279 283022 411093 419011 423566 453635 471834 485258 501192 3123 273113
41377 53293 70108 80392 135867 153075 155151 161949 181064 185580 214046 225457 311490 342317 347739 380326 392651 426115 432920 462465 544323
4262 12500 44277 128645 162679 178961 213301 226870 227311 228180 302969 307372 319198 329351 329392 406413 462094 470788 509798 513208 522539 526954 528904 531790
4365 59908 109351 124819 148039 157047 211726 213292 231545 289611 317169 324952 335295 349450 356399 409903 410732 448053 474908 493950 516340
16648 30209 44363 118433 121174 124176 134925 162112 164515 185683 186312 186915 210884 237812 336128 336618 408265 440144 483406 488903 490890 523852 333869 397560 173427
11892 12009 35115 76213 80999 90260 91945 105595 135311 204884 229019 248070 272841 311508 332908 450997 481877 487539 496242 498600 538792 544871 546444 206810
35651 60708 70392 107783 187563 517993
30750 34871 84256 95613 110514 111861 128494 136771 144738 153115 169867 194926 202702 227251 241853 260745 269403 273321 273547 298033 302756 326539 335113 339242 343976 364433 383249 431169 474655 513119
3085 22627 30644 64313 131647 250399 265247 276688 279372 282923 320460 324311 331025 334199 344070 348709 352910 368196 379064 394466 438736 443412 462049 463968 470625 512927
181730 409204 409202
148918 287142 503858
6304 127782 431507 431508
20839 81900 97607 123315 156093 182454 194704 233263 258046 290926 328302 347983 369001 389655 494187 495549 506623 518711 521336 189841 504901 14311
448106 491470 384181
76857 192190 224555 418493 282602
87699 112327 229193 318193 348642 398148 521054 531309 87698
41190 201569 267466 475905
152001 197818 197814
24221 31001 31598 71445 75184 84961 85979 128871 186391 213239 214485 231148 240723 259495 270262 283892 287345 305604 317951 320777 328691 344078 348225 351766 373549 385201 385257 420599 456448 467717 480390 492179 519355 523265 530309 534859
1872 2683 6690 30562 52005 53841 111123 132503 157258 169076 240480 254184 300768 306709 314403 316507 331412 357452 359145 374435 413433 449838 469791 171078 293872 311154 348197 431150
126397 268312 336038 376244 461964
33373 102751 226599 365061 280497
159503 246476 248173 394804 12898 44502 358002 358004 358006 174631
423341 440525 468511
219574 293470 445812
74550 74552 83155 96158 127568 172367 172369 179921 247059 252788 538287 542184 542683 543161 543173 543899 9650 90380 108194 134224 134225 144191 144193 157624 199097 199099 203703 270306 541418 542321 542446 542902 543056 543343 543720 543789 543860 543872 543873 543874 543875
17611 21518 26459 27966 30510 67500 70124 73723 80512 104658 105707 123975 147416 183542 209188 218045 222499 223527 285633 298784 299108 315995 326014 327094 354094 368934 373465 382755 396422 405980 416314 474564 476367 508858 521365
31477 89137 99819 124384 206440 235296 316259 340403 341356 354668 368619 395288 450336 474308 497868
93478 535228
31173 278864 342984 389547 413257 432850 515761
55712 55719 108373 186838 325058 346881 470876 470886
771 78191 280717 491073 520122 520135 530571
4146 21483 25701 33803 35571 42149 49035 51773 51935 53222 63874 66787 102775 108580 133152 178686 195538 201227 214149 220904 248037 251959 271813 272524 276246 301600 304321 306793 331207 337486 403381 407774 421033 451183 462832 468261 468948 478839 483679 493743 497701 499925 503771 504740 519747 520679 525716 537153
248053 252184 264966 109934
236462 318313 392318
2137 31014 78589 94796 147315 335132
12860 259691 273419 445499
2935 8546 37312 52850 57868 92451 99270 115476 121551 159870 167319 179255 183430 197590 216822 219109 242336 243758 243803 268300 314903 329234 365332 375325 376975 392090 400604 422473 472911 490032 492754 498635 502495 505175 516834 517850 532895 533033 542607
51601 51603 51607 51609 51611 51613 51617 64252 89061 121756 176391 196124 210259 322613 322660 333585 372836 393071 394297 410156 426139 518347 51615 251189 51614
138889 138890 163775 499031
177204 237989 304250 437722 462984
38085 42565 93814 110650 141343 147152 165406 189829 208621 211894 216826 221436 264569 296207 313446 350413 411459 454723 488813 186613 194776
42904 74490 94531 390335 390340 413048 509348
183955 238496
38200 98484 112070 116596 120989 159037 224453 227376 242997 286336 287610 362406 433658 441901 447429 470445 515812 516817 517161 519642 527598 531957 535727 196562 302796 386453 452842
13739 40029 133761 168584 299008 342622 421579 455425 478924 535534 541585 108184 226291
153688 189151 199179 231860 231862 231865 238339 256663 260324 288738 347684 368721 398297 405970 407932 506485
24235 139534 159226 258819 326541 351110 367827 396156 415544 488459 512763
58088 62692 104408 112089 195101 206941 217095 262513 270094 348874 396905 433594 506776
114319 198684 386738 392437 470404 304846
42420 256011 408401 462256 361541
285731 474377 450405
3120 9869 14992 101939 149432 150038 189398 203600 226912 236382 246768 276086 276847 300171 341761 362551 377304 436450 447700 460256 471688 504831 528926 80905 123297 434120 52665 64539 70232 71521 77320 78849 81392 82128 82823 91983 104504 104997 107230 112768 120326 137392 146209 153172 161157 178391 190266 218429 219484 219936 242549 253751 254204 266147 269579 281118 281961 284788 319065 321216 330541 335032 343112 343933 354348 375181 376939 399137 412242 450608 455158 457320 481242 483042 504277 518606 527391 538992 135519 29384 525219 65985 424159 95698 289784 196453 498016
331731 336391 395217
14012 164042 190637 221367 323614 528646
477532 515304
88030 395816 420502
19835 41045 104898 110488 116452 159145 186229 219498 278766 296598 324908 347653 353224 407840 425169 439845 472922 507160 520774
413965 437905 462145
29205 82225 84104 130124 256587 320826 344925 517445
419621 520468 529818
53535 154372 257881 301541 347443 427063 501488 203209
2959 90731 145910 208358 225665
18471 40254 40507 67672 68880 94065 96164 100833 110311 110323 118002 118660 121312 132318 147145 149965 158454 159005 194464 198299 201370 205588 233409 246158 265279 275335 277193 283768 289737 297774 303877 304953 337328 339366 340566 357876 362293 363607 364596 369653 369656 371021 378535 386144 399588 405799 418732 422962 462518 465830 473137 485445 504760 507999 508430 521948 526677 539010 546837
175831 270174 270293 471355 471370 471375 471377 471380
27423 47053 71686 71689 140141 157669 192596 215022 253721 276474 278502 285273 338869 346469 387683 387928 392657 405849 445736 469656 469658 483307 522171 542307 542308 542408 543045 543253 543652 543679 543680 543839
6866 41056 45028 72777 76615 83469 85939 98963 102118 142413 144541 163711 184227 184237 191141 335966 363689 438202 453943 476929 523226 537684 540421 546859 546860 546926 548103
29759 39537 39538 39539 39540 39542 151456 151748 151751 176604 257397 536741 536742 542826 543731 543762 133617 542871 218281
9762 16457 126438 196682 214555 542319 542780 51175 136210 159972 189286 204831 221801 301886 301889 313801 379184 542026 544939 542899 28513
19767 31348 51187 137338 216885 217970 225811 273670 430544 530090 540372 14981 69831 74852 113192 171689 199263 233859 362572 367645 389494 391528 504792 8533 11683 13850 22036 34011 42769 50574 56822 66284 73601 92249 98536 118315 140265 165124 170461 171214 172228 184612 208216 213303 224371 225637 237646 262995 268848 279185 303673 313078 316345 357203 360161 373473 380727 382881 392875 403958 414636 439593 440566 440606 453411 464863 501634 502786 503628 520005 541185 430615 524891 338338 534198 437216 368169 20763 448590
359086 401165 401170
1639 94267 96981 142820 199217 224937 260638 512204 544934 547527 548255
12969 17440 17442 177782 193609 210707 210944 360223 414010 429334 477237
169845 189478 212992 322928 369074 369072
17651 27941 223909 223912 338888 395199
924 2154 7717 10821 28941 30018 35504 46696 48189 54375 58441 66628 67982 99219 102502 117907 156784 158013 198477 201146 219381 223290 272414 277374 278958 286679 298089 309230 310994 311140 330712 331516 344648 355273 369723 369741 376306 379961 397001 398638 414973 473965 474764 489111 496449 498378 509500 238220 331020 181932 320334 185616
24458 24462 261193 336745
49682 72215 93385 93948 133599 190467 281726 289681 329143 356159 380217 407037 463063 480482 526575 531405
4 15547 16050 75286 87858 170796 186092 268004 286286 316471 332453 408108 408434 432891 448284 452235 456977
92185 111312 185837 188895 200591 208936 247407 265543 271882 331338 379522 517885 531049 166893 222530
4109 216089 338212 350856 426263
166768 179327 193507 412931 533900 8050
126799 155064 506531 533255 211466
62919 111580 212352 248013 335458 396966
6899 37829 70409 244754 336593
2694 74217 149937 271996 469316 498928 172017
51718 71714 471616 496530 505616
6984 145595 152968 367669 531166 333031
398645 409979 437578
12217 46365 282787 361395 422700 448660
25678 57217 121740 123267 205744 300085 371495 483016
263317 2486 30398 33251 43379 52500 59285 64879 67572 70522 75780 77701 84839 92472 93356 95427 104553 120615 127199 141618 149809 151849 152407 154509 182201 182923 186022 202986 204966 205838 208714 217871 221281 225233 229209 230262 246180 252719 261562 263093 272957 273775 275237 276567 277024 277617 287582 289953 298254 301761 309411 313307 314250 314719 318212 318538 329078 330328 335183 345901 377247 383087 390680 401268 401798 409356 416162 419862 423864 429708 433190 434830 443332 458993 496201 502212 504199 512729 522378 527792 535477 541122 541690 543516 80756 278 4328 12959 18041 21786 29354 30093 30688 30962 35067 35308 38671 42473 45362 45561 46508 49424 51902 52511 52785 59532 59613 59912 60211 60627 71187 74895 79870 83510 83906 84285 84693 85871 96125 98199 99026 104481 108259 108892 109222 110453 112056 115533 116096 119359 122517 123159 123681 123953 137050 138024 141635 145797 153979 154202 166566 172218 176184 179698 181025 181492 182435 185822 186386 186575 186827 190765 193240 196008 197919 198973 199759 203272 204126 205676 209480 211967 216422 217346 219603 222414 226541 230788 231620 236947 244578 250046 252125 258382 265066 268123 272735 273209 277713 279830 280255 285669 293587 294393 295177 296111 304727 310236 310851 313006 317146 317367 321619 325052 326211 326849 326874 334788 340331 346322 361524 365309 365354 366654 370416 370979 371029 373756 373799 374874 379102 383731 384330 385399 392463 393031 394703 394886 396502 399572 401449 402379 403034 404948 414657 417198 423306 426835 427507 428993 430314 432229 435398 440745 440989 446298 447224 448214 449985 451488 451931 460073 462210 470004 470620 473001 475666 476448 478676 482986 484561 485080 489905 491667 495476 497867 500473 503684 504412 504784 511278 511689 518306 519686 521655 523046 530647 536482 539292
120070 444034
161487 520439
314443 479970
13436 205388
1500 12177 19625 21516 31980 50856 54519 72700 76261 81303 90431 100464 121344 121441 121768 124220 125000 138211 144800 145300 152770 168056 180569 182085 186400 193153 196827 200566 205402 227121 229039 251964 282212 302509 303834 304553 305601 319406 331200 356893 368669 395622 398443 407436 410747 412282 424386 442010 442541 452941 458185 463477 467195 468085 471456 488943 490490 490861 493324 498708 500747 515331 520608 526560 529227 539662
37960 50803 245498 257303 487957
63572 249599 270238 436830
345032 464020 117667
29307 114686 114687 114690 121125 168111 200054 264496 309062 313734 349470 412804 499423 531122 537219 109138 212232 294323 312685 417416 464198 464199 464205 464207 536006
13922 48340 405403 430146 452788 493034
139308 225913 225917 225920 270531 394455 402113 402118 424025 426077 450891 473881 185975 430324 453584
49502 79444 156874 156876 173793 244533 269011 430740
82245 256513 256515
192636 397137
73912 73929 73933 73934 73938 152543 153391 220460 274305 283470 394046 428193 428498 445204 469094 469095 469135 469140 478116 489415 489424 493980 536410 13905 439554 322297 446022 32446 73927 74795 162362 376511 453478 485510
55017 158534 339500 469396 66413 155096 300910 318079 318090 407868 425656 518217 407872
211006 452195
39840 45922 395427
149339 233610 330933 334880 373181 376748 460712 522043 42046
66078 131037 240998 241019 299583
268964 520163 511685
60606 60607 60643 101201 205643 480375 517741 328528
11074 105139 201095 221647 347908 381506 388324
140510 295308 374862
22190 55057 62762 100606 101145 104766 104768 104770 104778 119023 119025 175382 202441 289740 289742 289743 289746 289751 289753 289754 289755 289756 289760 411902 441676 485327 524040 193320 193323 354662 110393
93813 217054 226679 239069 263728 273303 471341 488806 513604 517124
11963 57073 91212 194821 239536 273700 285513 305014 307290 319526 332498 362096 392146 415432 448464 483965 515129
60085 73898 100724 124498 138799 139160 184310 191337 191817 210828 213761 238807 244836 261169 270535 313616 326840 339854 377346 408250 416373 456402 471242 484992 507158 525995 528449 532279 543268
12062 265611 29584
75731 262777 490580 33310
51246 161307 476208 107722
2517 13948 58522 118905 143603 149744 224211 226965 279708 282410 301181 328021 328447 419721 430559
78953 106273 281753 307781 336059 352153 404955 439778 511367 540587
16905 297677 227137
166202 382445 386562 406338 457915 467177
14011 19088 65997 107706 107709 107716 107776 122553 135151 135539 196367 211235 226384 234872 243825 285418 311950 312017 324629 342254 456222 521994
28914 435234 442226 463375
36956 354618 377661
354352 387855 402261 402264 402267 426231 434494 510899 84727 121208 143359 168278 168280 379539 379541 379547 379549 540100
50774 62962 102093 112326 293362 391145 396595 414633 521099 112313
38926 161318 172595 308654 315446 376908 430858 517813 531212
44613 73937 98804 98855 99173 235901 301581 320317 445195 543522
308767 308768 308769 380019
43424 130445 199656 354269 1200 51113 80433 87071 89970 142400 152589 164387 167882 189124 226140 256580 279755 317090 330293 342871 354088 354565 423673 463745 474381 531792
187025 214465 427532 6394 37672 133679 297412 430427 434433 442152 443776 451022 523676 434436
36521 325123 342902 405679 405684 495822 495823 495829 495824
100582 129861 144441 250015 294760 316076 330976 366337
411 25558 111832 172588 207834 536254
253126 286521
55714 457372 126810
8469 16793 83901 97023 150274 264024 287686 339985 373941 445520 450013 468775 529047 533897
218279 426952 379559
12346 98663 180078 373724 429812 538597
443 19197 65886 70513 86888 104176 105204 128705 139840 161232 165430 185636 195461 200228 216567 219107 227700 278001 302507 312166 318376 355253 360679 410980 457300 475488 487943 489751 508801 520753 521872 523591 524008 533027 7099
19323 86563 292001 517847 517859
227369 286151
5346 189670 278338 364114 364115 403121 497155 499045 518044
293948 446392 508971 176776
27959
16710 20571 90704 116757 191382 238369 407908
5138 75941 275015 505734
26767 26769 32688 63369 63371 77328 77339 112824 112825 112827 122005 122007 152199 187294 187297 195054 287916 346709 444048 444051 458949 458950 483106 483126 504543 522078 533138 391036 70071
385314 410603 181409
102864 224684 300185 312794 462180
48394 537472
6988 11264 78474 209331 354506 396743 476077 476092 500905 500917
162905 182183 253596 268719 449139 487654 487656 87702
102760 152006
6231 112285 182145 301684 463938
54222 106194 136774 155598 225247 229584 254345 356240 408029
221789 433711 437733
10711 70709 73196 143147 168084 200962 201617 210144 215148 248505 276648 293920 313563 339079 371116 373238 418827 428857 452678 465744 487986 497754 523753 527849 320805 280988 81205 399339
31894 31895 103798 298986 341236 371692 375274 419250 419253 419254 467419 472622 497706 519348
72226 175144 185626 233084 246160 268827 295134 337917 411027 440817
16595
14157 33301 37883 54265 58422 74745 84106 101663 148741 173996 220470 259515 260876 284697 285123 285246 330397 366775 401654 411066 422447 425578 432649 450282 454152 473398 490984 514902 520119 520455 391256 258109 115238
11880 56773 295064 344141 484610 497899 501518 509570 520413 521970
2894 3679 8026 24580 89055 94083 97717 107131 108363 110775 110777 122664 122666 137527 137545 148848 195564 208201 212045 230357 237858 241235 282393 328417 328419 328430 330850 348754 364623 364634 381719 395197 404010 432293 450297 454413 478362 523811 526185 541417 541419 541801 517201 332872 403965 46711 524208
19370 50246 192052 305365 492792
210605 210607 268119 486979
93256 93274 93403 155211 356429 356430 356435 366722 380434 384210 428268 529126
3841 353325 377372 377380 97893 148445
1105 2511 48716 48720 48721 87932 88789 111172 132270 132274 136209 136211 165101 165389 168752 213186 239736 270233 274159 304562 342327 359267 452077 467217 502037 502827 512492 532594 533977 539584 543788 415737 316307 48718 303322
517791 491421
18129 32753 53014 59093 93642 102545 114137 127218 133133 147857 158005 158869 183057 196192 218136 235570 251516 270219 292178 318094 330924 409083 431773 476415 510869 543434
172062 227921 285524 330175 468293
73466 73477 419978
5747 7083 26901 87846 104062 143271 146623 181922 239992 278593 390656 503505
51369 56285 85822 112416 119568 151659 177145 178246 260312 274433 274440 290612 290613 302808 310160 377022 401230 450130
57365 274517 293647 293659 293662 293656
89972 163303 165121 223142 272427 314957 316782 441755 482876 530563
2721 172871 189129 211198 211918 236093 260883 387809 452472
10149 30877 56711 112428 123304 171678 271402 286245 313181 385197 481100 483774 535197 144320 161645 168016 208800 216460 233811 258579 324386 409816 462355 486553 413498 482057 408416 305279
28328 52693 151422
50647 338877 357762
22153 22154 243593 544099 544101 546671 547406 243595
29335 29345 29348 250725 312657 312658 312660 312722 371821 395795 396983 409386 423649 487499 542733
9372 9382 29929 29932 29933 164480
21403 89742 270559 397210 415121 450338 515427 421427
286624 331605 294926
6557 11352 67614 67617 67618 67619 134561 392622 437058 471348 474245
51981 342981 223189
133283 221229 284087 294372 437004 437009 437010 60508
6092 109233 109234 171972 207285
107680 119170 216471 270034 294506 487945 494471 505411 524009
31305 60344 99127 252569 269909 312454 393892 437003 438455
490377 535855 288072
5912 10634 154396 171724 184624 187693 192194 256469 316824 341397 346359 375557 432330 474939 474942 474945 474946
4216 91450 108411 226228 245639 400169 473302 478692 526764
135954 160749 289020 317290 522414 530719
5223 133273 322051 440411 440416 518049
62960 120296 122211 163023 404494
688 15749 17934 19252 81909 116912 122874 127128 135006 144083 145886 162598 166494 169466 170410 201679 203632 217427 232501 241305 265874 290331 294162 302782 305636 306218 355903 388799 408181 414051 416089 443830 464056 506695 512458 517843 527583 534307 548285 46650 84370 173625 119385 71210
191369 314745 337585 337592
13933 30971 34580 41775 58875 105780 139315 148899 219802 231618 329970 335883 422134 507204 508883 516740 521453 530613 539201 22157 251787
33492 65243 65513 141157 258162 292574 346811 406477 430451 495620 521772 33345 316409
176255 468259 532724 67976 299422 484708
218100 292127 301237 333442 450744 522957 533302
73891 110743 128583 188720 300598 324597 335299 370973 442446 444336
35867 369336 484428
34799 34802 58848 345624 516523 520546
64869 100932 200920 210859 267416 495066
27890 48131 52064 55386 55388 57383 165463 219781 238491 389895 405178 483076 538129 41336 99182
62211 99302 123836 154277 154282 209163 236304 287800 344610 359862 372706 407647 431741 522205
473502 495814
279387 303927 98075
84309 148221 414685 193837 448427 509142
95958 98883 215058 368586 376450 376451 376453 386424 443484 513460 518553 518554 518555 518556
198903 204686 445938 526129
53560 64572 65000 68257 71640 81499 84239 102941 137824 145911 145932 150243 166867 194836 200952 233632 237442 276649 310305 319620 324456 325553 326762 357095 372675 384360 390782 421764 423381 427308 459129 487636 491070 509448 519807 533527 541584
179558 258340 258343 421693 421694 421692
14599 32239 73054 101295 113773 171491 200196 227747 243469 337503 387972 404752 443897 459971 492349 497338 361091
133087 296346
26714 36062 103651 465335 478810 507789
3954 106506 206340 250469 264361 274975 279552 290541 299296 345253 369293 485231 498869 510212
99435 150183 392423
136918 458137
315316
4624 214232 516499
173149 268606 284821
29866 192608 232195 468680 478760 239582
206842 541656
33374 119112 349932
43657 62080 80682 163046 224484 267959 377023 473474 473755 530348 534978 344889 73333 86144 136793 155031 173539 178628 209292 246858 271319 295861 301702 316385 352393 377293 484405
69059 94571 197418 444527
117069 223212
67537 352253 392495 394236 394241 414430 532448
57920 148142 253872 265064 409766
422 170849 451122 535138
52589 134194 137503 303171
7557 33603 75311 85219 92811 96207 117368 142827 162776 206674 280523 290394 308901 343097 366745 414409 422934 426267 515051 518671
139413 146125 155108 177753 298861 407389 503551
393535
26060 50406 138750 198685 223945 228712 271485 381732 471563 475333 496411 512678 522910 524028 528972 531578
50387 152370 178467 250185
112786 112792 235293 347667
174240 275479 410489 510102 172861
18761 55464 68576 70820 72560 93483 142708 177643 188145 218956 243937 326811 396350 398611 409245 413997 420131 422366 462174 483799 488493 512409 42023 80532 410027 171252 459666 20716 508717 246045
278731 317254 341322 341344 341352 128544
41783 66432 115952 217106 279875 296850 354293 404506 503711 541044 131344 520360
32514 107918 131925 178224 326818 392394 415761
48933 98546 134759 142299 143575 164231 189331 215588 305173 306231 370940 420948 432354 465092 208995 324827
18588 302362 325088 367797 411305 415466 424871
80429 86199 87073 138399 191707 262286 364200 387987 404725 489673
12382 150444 216938 290148 324252 325240 384227 526724 437177
214558 280574 370607 428574 496793 496834
68582 337833
34464 53577 115788 443467 268978
37922 199497 287016
62812 124033 134231 156993 159159 160934 184126 184173 245826 292384 294762 334969 370049 378854 412901 488583 543459
168501 175869 537116
113217 351760
12886 250240 362762 367182 373837 418510 418514
97106 491342
195027 233306 246031 362905
257413 413700
73067 77947 389999
7834 29820 119727 163070 300747 532451
141160 166105 213112 484517 509475
283859 404474 424093 457110 463706
124773 222735 365448 489152 464568
85206 177301 432414 538158 54424
27545 98669 122050 206352 233151 233154 233198 243505 267607 304476 312464 322390 346525 346528 346529 354098 397745
19752 36397 103633 113052 237888 516643 458085
35590 223414 265210 273232 347999 357619 400151 420455 521061 522339
15010 35072 341185 348996 394023
116407 438364
122814 170619 249819 426274 515081 9477 17400 49986 61025 66324 74491 82276 91487 97983 106873 119952 120511 120721 143750 148545 165323 166089 169637 177767 182173 185964 195109 197935 209840 216658 232429 242337 243136 249536 257304 257520 257906 262051 264490 266865 270337 270721 275325 276496 278127 280033 298491 313625 315789 322361 340503 342923 347869 352727 356114 367135 367905 376753 382672 383714 387589 395015 398530 403457 414963 415603 438812 443480 446885 450302 481362 485236 511033 511383 520757 522605 529014 533768 541063 542594 82113 133754 135693 265293 382057
54336 86735 95225 352183 513572
28959 60856 274952 379960 486260
34869 177542 247967 438089 525731 302567
39366 168827 209002 505531
182679 215409 109175
24662 43435 43439 65780 75851 98042 109195 122538 130635 214433 214441 254723 267623 280853 282965 282967 283195 350170 361086 365599 366969 373230 403170 443596 494728 528029 62113 251941
262492
24076 38185 69456 89973 91601 95977 105027 108628 116177 120959 154244 168624 193691 208626 233933 297278 336083 454029 514297 528522 535600 543534 517019 446826 272795 104372
49820 111022 124602 128633 165511 186703 203827 217231 236861 361112 371295 376053 415235 427438 486082 518426 528254
18103 34108 51103 93112 154817 183514 202852 240693 274819 289263 382571 418808 438438 457208 481287 506211 514958
56270 110150 110152 110166 150023 270055 361613 361619 361626 385426 385436 385494 385496 385427 29849
34448 50982 420620 476959 476975 44778
47347 53681 230120 282318
108179
14445 18504 86503 127075 127341 127388 129787 231715 278417 291894 309263 309414 328428 343680 364895 367850 369811 392363 411761 452947 458122 470372 486582 498224 501516 526689 533905 537097 471071
194702 445930 517962
52577 120769 214106 242626 442789 442796 479816 486799
67330 357761 493703 497490
298731
267555 283197 338508 351601 357811 381653 381657 445251 446990 471740 506446
10732 14315 50147 67649 142383 147778 165469 199231 230958 262023 280689 288316 394334 405948 429163 529054
111650 224387 264562 290301 331618 355806 380405 444646 531144
264317 335958 424654 505880 529947 538821
144025 260220 290798 290869 335744
274146 422043 457203
208408 320944 369146 489640 537841 169642
4464 190377 193030 229447 379369 403309 422198 494068 511456 522935 7923 47375 50651 68214 72090 75316 93106 105321 142439 145710 145912 167436 196138 222381 224414 237499 249165 262203 271676 296406 297160 329897 335880 351614 353214 395631 399100 406877 423205 430505 446578 447126 454489 459882 467567 488489 490905 499869 534791
162229 275061 338137 371279
47669 249126 505654
224970 304629 469721
21544 48549 135434 172825 172827 192962 331740 331741 331743 336383
144151 208740 239067 243438 276109 328728 367291 486875
96688 96689 169896 201408 284699 299640 379719 507385
337044 345433 161328
229556 342774 407638
159867 416387 301119
19778 69991 80880 111814 117075 126017 162714 174023 178367 202699 237543 270302 294787 319959 342978 362454 407678 416640 417607 425882 429837 522719 536549 38836
44770 65878 108941 475035
151862 242226 399318 435179
44696 80221 80563 94663 102383 113628 118792 135637 149946 169816 175456 191821 192404 193928 203312 232737 236746 251381 256375 262671 270973 293015 300191 317425 336113 341467 347180 352371 372978 441304 477925 478411 482512 485589 495931 510576 512529 514773 518097 534011 543929 234154
31054 277519 482225 527073 538805
66334 66338 136733 287486 423025
100920 170945 266632 311601 361337 367186 389896 405823 413692 461863 509960 210439 313239 361444 521270 317591 433118 487032 492193
77445 190019 300785
32082 35642 163587 286958 437349
153672 493461
142773 186966 378063
8466 180100 336130
137968 320166
34813 132051 241624 292183 329439 330260 388653
198496 339508 422982
62352 111230 421254
14896 21659 21695 24397 42346 62867 67051 71036 87626 132671 145089 158674 162709 163015 166077 182587 205505 210462 233838 240678 254423 258501 278725 282906 303160 305716 350288 370812 408836 411795 422063 436124 438354 445259 486888 534790 538222 2797 31200 47626 72238 129002 129819 140476 165128 196566 198304 202609 203397 216625 264309 266187 270593 278146 283440 315577 320858 323371 323378 348877 384795 389473 412353 417383 429082 438003 439622 463702 472962 480884 497828 499649 501124 514909 516992 96812 96824 121482 243863 1015 231400 466135 96828 260329
54182 112408 135747 265240 340335 372431 446676 507743 530864
335486 338843 359673 363073 483701 486195 508622 144629 489209
284931 364317 364353 388131 388132 388133 388134 397878
32026 101413 170001 185169 231450 265216 386984 441937 523179 93020 156266 180908 387160 390045 395309 425633 437619 445783 460244 484370 491208 526859 533815 539236 172006 473103 11413 48464 76087 223117 268517 361208 425999
89208 113863 138405 138406 148515 206475 209238 229807 284437 311830 420387 160397
34120 184680 219207 293154 300584 300590 451794 519084 33551
8287 13998 16240 18134 38783 59151 147916 182078 222180 244192 247042 343725 434815 466190 468048 508080
61195 81858 150077 183631 226183 306986 352756 366700 419305 508809
101218 236362 302431
2991 8183 18668 121944 271884 347926 370447 488148
52092 94727 130724 196150 320332
448 2117 28123 52713 56684 75848 80796 114138 121361 130042 131874 154321 158327 170021 203546 260305 271148 333085 334420 338709 362528 366149 389968 392186 396362 410087 449691 455467 467401 471848 485055 491851 519832 520877 525658 529820 544416 547506 11915 15922 36802 40326 66017 70230 79419 79705 81790 89918 95258 98343 104350 106397 110425 111550 131043 135409 146401 149579 154146 155663 162974 175213 183231 189882 209915 216697 228082 254963 259788 286536 301483 310488 325745 327922 344483 349627 354715 389791 397448 397575 403346 403540 413490 416018 416364 421373 433792 463529 477664 485524 498651 499716 524779 535908 41015 152512 375133 394515 482169 504629
95025 96570 122110 143298 145667 145796 173982 190037 220940 241881 245861 251270 276303 323234 323839 343273 388820 439926 491704 514938 520043 544881 17709 29420 31816 54426 54592 62052 68266 77207 89482 99737 110845 113814 148667 153667 154531 155547 183335 192753 237412 255998 266875 267488 282030 291353 302934 323681 327230 332625 334949 362794 385452 387927 399472 406316 421055 430917 447132 449271 470241 471504 478239 490663 492019 493688 513584 518779 522052 523122 526279 534183 543383
25624 33379 37456 46990 54882 82064 125538 146859 156950 173435 192900 211804 214059 225455 242803 245507 260701 262116 274940 280651 287026 290875 291402 326323 353596 361346 385932 413665 431195 441045 478532 479518 481729 482033 483021 508757 39576 147000 170690 188807 265910 316854 334559 461532 520878
116101 178800 257678 294220 313315 377735 450376 488765 524390 8692 23486 47961 85096 103262 103444 128002 145288 148592 150787 151088 154776 163339 164111 165032 174682 190629 194740 203458 213196 222987 236168 251371 260179 266243 277846 306761 318984 362442 365635 367031 410900 413457 518817 519367 520715 523261 536093 540171 544840 41803 503069 472231 108702 506685
5197 22780 35814 37101 56342 57060 75588 100623 129143 142229 176500 176695 181785 196910 245851 246767 284216 290968 308167 352799 352885 393110 398631 407895 415981 418918 455942 485935 486884 490231 509535 515422 541552 158208
45195 73766 149180 198392 423443 490796 609 9098 18066 48086 50303 74160 74997 117356 140352 145448 165212 182894 212800 231462 245990 448156 469283 534597 534904
5457 15489 27651 31953 60667 203359 270273 310937 316207 344438 354742 369475 373680 444683 496329 323165 24669 26602 69077 75123 224389 309081 311683 335655 377116 389413 450091
12904 18493 49830 67416 68152 161796 182190 221490 233927 246279 248522 260643 265479 400566 401575 418739 422194 450464 457079 540769 287304
202170 270508 287742 541707 4015 48899 133720 223513 318905 342041 357018 478326 541015 314370 349893
33094 52657 74972 244920 261409 327959 344354 367949 406869 430869 471115 483451 503043
15147 61160 62574 114369 213775 263425 334441 335860 430087 433898 436388 444595 460609 472790 482336 484081 35815
35446 37555 109756 165812 290573 328028 331903 518053 519887 537844 542138
31150 31152 203415 241701 354193 364760 378207 402117 464252
126223 131652 163166 234758 309704 417203 468065 492552
66653 82400 113380 223285 321616 331718 370317 535681 385591
52588 74313 206374 395623 425893 426065 541515 541516
24123 88684 89676 89678 451013 522748 532481
55591 121097 169552 395215 428101 76293
130442 356449 502349 502359 502398
141498 162722 287495
175864 251123 275566 275571 275574 317208 351650 396430 459875
10180 103534 121764 150312 241811 323254 343878 382935 456320 469585 519455 406805 461234
22700 175581 198253 488040
68954 280691 365863 365867 375612 400343 407103 424491 449703
6372 182335 316666 450071
32902 264870 428205 428212 428214 428215 435477 435500 465815 500878 500880 500881 500896 512037 54912
69001 146269 292617 358440 468203 539633 539640
155316 441286
128316 337448 445147
13590 36516 91330 159178 304965 316081 346343 394010 398934 405832 422567 430891 445445
69314 94208 107729 463487
118454 205328 210580 303442 312313 373401
