137 507 639 1074 1343 2167 2341 2368 2445
433 1031 1515 2434 3127 3128
101 766 1965 2089 2387 2800
200 672 1311 1440 1661 2098 2189 2885
173 547 1142 1295 2568 3418
209 865 926 1136 1687 1823
191 1753 2090 2869 3218 3425
1063 2096 2281 3129
542 1504 1898 2202 2626 3323
83 681 699 1277 1671 2397 2480 2535 2921
155 2654
478 1714 2404 2462 2685
245 1825 2609 2889
110 729 1152 2373 2817 3015 3264 3265
460 1170 1913 2635 2786 2854 3438 3439
119 1451 2067 2856
216 779 1097 1441 1487 1745 2188 2552 2571 2616 2633 3282 3283 3284
236 470 878 1050 1200 1468 2883
93 1658 2612 3135 3355
436 490 569 598 721 2502 2628 2656 2741
445 620 859 950 2261 2701 2843
1109 1272 1306 1410 1792 2038 2339 2349 2580 2911
391 607 705 734 1058 1208 1304 2610 3209 3210
472 505 642 880 1342 1524 2705
131 984 1547 2121 3051
410 427 2370 2576 2787 2906 3431 3432
122 704 1094 1725
61 1298 1729 1785 1897
77 2467 3338
628 839 1437 1445 1804 2032 2590 2777
185 529 656 670 956 1551 1900
158 1072 1315 1565 1766 1944 2017 2068 2218 2276 2307 2432 2996
167 229 2464
50 260 632 1713 1916 2463 2995
251 373 668 1056 1617 2129 2303 2857 2960
41 364 476 1214 1923 3025
212 481 1750 1881 3033
454 1001 1721 2133 2678 2827
149 713 1493 1716 2776 2815
394 747 849 2175
53 633 786 812 1740 2390 3356 3357
555 583 776 1526 1589 2019 2317 2501 3199 3200
606 1363 1414 1925 2711
8 650 741 1012 1169 1776 2931
635 905 910 2197
44 128 1891 1915 2525 3138
17 579 696 1229 1960
33 358 1257 1443 1604 2033 3409 3410
430 594 644 730 781 1021 1206 1252 1316 1394 1569 1580 1642 2321 2611 3102 3103 3104
304 1339 1719 1734
1442 2698 2801 2952
340 593 2062 2421 2886 2909 3174 3175
421 1110 1372 1384
89 651 719 821 1815 2510 2563 2895
1082 1092 1618 2104 2351 2519 3339 3340
295 2760 2781
601 621 1241 1466 1867 2881 2899 3121 3122
71 538 732
385 740 1499 1951 3220 3426
11 503 782 908 986 1296 1831 2742
307 1210 1943 2419 3180
1243 2792 2955
397 970 1130 1866 2245 2527
965 1536 2873 3101
370 844 869 948 1284 1890 2290 2442 2556 2928 2999
213 379 1612 2008 2288 3291
352 437 2388 3213
253 521 891 1112 1244 1314 2910 3352 3353
325 1032 1567 1668 1857 1874 2148 2619 2936 2957 2968
361 739 1488 1570 2667 2728 3395 3396
20 2414 2471
798 1030 3036 3285
235 2256 2413 3095
289 1173 1482 1519 1967 2709 2717 2845
597 1426 1981 2236 2460 2558
193 1529 2539 2859
265 836 934 1091 1159 2169 2443 2664
301 509 515 899 903 961 1172 1299 1379 1383 1416 1723 2278 2566 3161 3162 3163
480 2258 2279 2493 2716
256 520 610 1532 3179
211 834 916 2211
166 1862 2457 2720 3157
247 561 662 1085 2634
1079 1308 1522 2668
328 676 952 3324
1003 1303 2168 2241 3231
220 1207 1880 2327 3203
202 1775 2262 2293 2638
915 1186 2934 3158
772 1153 2518 2587 3133 3134
277 1078
72 474 556 1029 1975 2060 2166 2191 2782 2984
223 987 997 1041 1340 1699 2411 2452 3257 3258
250 544 591 1011 1704 3384
438 584 894 1036 1228 1341 1840 1995 2119 2337 2431 2642
124 638 2542
133 810 2840
106 943 1470 1651 1848 2118 2205 3087 3088
214 758 1038 1190 2190 2219 2725 3155 3156
420 875 2592
652 1147
169
187 1619 2681
686 1100 1292 1659 1832 1879 2064 3314 3315
241 867 881 1271 1336 1992 2345 2789 2830 3269 3270
901 1068 1174 1188 1449 1662
181 623 873 2938 3365
163 788 817 1695 2024 2907 3341 3342
172 429 661 1335 1516 2299 3167 3168
387
756 1390 1425 2617 3374
1438 1773 1784
100 709 806 1602 1941 2091 2306 2356 2522
215 450 735 1317 1489 2319 3463 3464
82 923 2350 3249
199 495 829 1827 1912 2066 2213 2334 2420 2596
91 996 1768 2102 3061 3062 3317 3318
190 669 1479 1955
405 1495 1706 1819 2214 2516 2930 3235 3236 3457 3458
378 417 2000 2298 2364 2377 2409 2834
73 872 951 992 2051 2113 3000 3001
160 486 1381 1456
685 1066 1991 3173 3386
58 467 539 888 1597 1999 2520 3303 3304
751 2491
139 338 763 2146 2223 2545
300 3185
354 1741 2923 2971 3154
49 1154 1770 2199 2305
130 1048 1457 3071
453 658 1939 2543 3052
121 1209 1293 1813 1877 3067
157 855 1060 1224 1347 2222
22 736 882 1107 1573 2094 2665 2980
444 2274 2683 2838 2972 3053 3305 3306
134 1751 1938 2697
76 314 1685 1929 2470 3316
327 534 691 692 1195 2043 2082 2948 3454 3455
97 1924 2084 2200
7 1388 1486 1624 2193 2231 2440
79 570 725 1365 1697 1707 3084
294
288 303 624 774 841 2183 2575
411 558 1151 1242 1540 1702 1794 1802 2061 2490 3321 3322
43 309 889 1099
267 1465 1855 1918 2718 2874 3063 3064
25 2389 2589
1134 1378 1917 2139 2192 2386 2731 2826 3150 3151 3372 3373
240 432 765 1371 1680 1926 2217 2504
321 1461 1973 2011 2913 2933 2954 3429 3430
749 1222 1256 1972 1998 2224 2226 2521 2918 3164 3165
37 424 2053 2227 3243 3465
688 1735 2695
333 609 728 800 922 998 1755 2031 2233 2569 2715
1
342 523 577 904 1655 2418 3123 3124
517 750 1007 1417 1446 1811 1987 2054 2210
264 425 1910
324 1560 1574 2560 2750
1952 2108 2939
184 1359 2359 2962
525 994 1635 1888 2105 2375 2647 2652 2714 2862 2983
315 1122 1197 1858 2237 2848
174 243 1633 2687
488 674 845 2156 2528
92 147 947 968 2320 2868 3224 3225
183 701 1290 1312 2357 2424 3046 3297 3298
156 1585 2164 3419
255 2536 2584 2733
228 720 1049 1084 1705 3307
461 1083 1133 1324 2235
170 443 1198 1727 3226
210 275 310 334 886 2870 2970 3055 3056
165 320 714 1571 2240 2268 2282 2363 3440 3441
237 596 1104 1212 2272 2338
60 563 2335 3216 3423
186 742 924 2723
575 2035 2822
222 1034 2979
535 2078 2376 2763 3281
168 1391 2178 2538
13 177 874 2511 3424
464
159 1507 3206 3413
132 567 629 825 1397 2603 3346 3347
141 619 1793
446 1554 3215 3422
428 2361
123 510
401 1587
69 795
78 120 648 1322 1777 2550 2745
861 2450 2690
231 643 1302 1345 3280
332 1119 1320 1408 1464 1732 1842 3405 3406
431 522 655 768 827 896 1264 1369 1542 1663 1790 1940 2482 3110
99 1288 2435 2947
1722 1829 2147 2631 2988
422 745 2624 3299
377 1191 1221 1265
513 530 700 893 1026 1181 1769 1990 2959
144 559 568 634 842 1059 1730 1748 2072 2362 2644
81 196 900 2159 2382 2602 2604 3194 3195
611 733 964 1262 1406 1684 2065
153 227 1634 2080 2778
126 1368 1762
162 819 1180 1285 1291 1346 1553 1743 1758 1919 2087 2461 2896 3272 3273 3274
1904 1977 2753 3182 3398
36 848 1194 1534 3107 3345
770 957 1115 2174 2295 2657 3013 3014
449
458 760 1118 1428 2115 2374 2950 3183 3184
1475 1476 2694
9 104 1997 2141
346 389 457 697 2807 2855 3221 3222
48 695 703 1156 1674 1976 2144 2342 2347
57 678 1000 1581 1689 1693 2402 2483 2726 3077 3078
931 1024 1396 1688 2220 2719
84 1818 3079
434 937 942 1199 2529 2620 2846 2849
335 536 1373 2310 2783 3354
308 1366 1970 3266
380 879 2002
679 1044 1125 1232 1556 2366 2540 2646 3041 3042
4 281 572 1305 1985 2009 2476 2788 2821 3207
290 581 832 1682 1744 1756 2122 2648 3085 3086
142 371 871 1042 1419 1643 1654 1902 2106 2951 3382 3383
111 589 787
398 407 1971 2399 2515 3392
753 918 1105 1387 1402 1833 2198 2768 3287 3288
230 291 585 622 1984 2428 2650 3009 3010
51 759 1008 1098 1116 1546 1653 1789 1810 2142 2486 2871 3130 3131 3132
257 1219 1621 2248 2372 3029
938 1278 1450 1884 2083 2459
576 716 726 1558 1873 2132 3289 3290
374 518 1914 1978 2136 2403 3090
6 419 1300 2757 3012
261 2505 3082
164 794 2021 3202
566 2075 2691 3456
493 2365 2884
645 883 959
475 971 1576 1596 1692 2904 3389 3390
653 1270 1329 2770
466 1259 1436 2577
287 2946 3379
242 278 801 814 1193 1478 1670 2207 2208
504 1088 1911 2100 3453
305 1469 2756
1865 2046 2474
