2196, 3237, 4949, 13336, 13366, 13370, 13396, 13402, 13427, 13434, 13435, 13438
10, 768, 6409, 9961
1642, 2245, 3420, 3620
2928, 3865, 5264
1662, 1736, 5476, 8503
624, 2130, 3118, 8680
1032, 1432, 5283
200, 1036, 1394, 2100, 2643, 3845, 3917, 4865, 5827, 6413, 6898, 9296
1891, 5552, 5553, 9871, 12890, 13314
2371, 5398, 5473, 13446, 13460, 13465, 13491, 13492, 13519, 13528, 13533, 13538
1858, 1949, 3763, 6574, 7258, 7528, 7557, 8082, 8895, 12998, 13348
617, 818, 960, 1350, 2008, 3540, 3787, 4674, 5129, 5937, 6922, 7847
109, 1082, 3006, 4521, 4752, 7862, 8904, 9224, 9364, 9708, 10074, 11427
131, 168, 271, 930, 5949, 6781, 7676, 9373, 10274, 11956, 11974, 13178
526, 5018, 9844, 13059, 13300
75, 735, 6062, 6673, 8455, 9574, 10695, 12476
344, 8177, 8493
816, 2495, 5514, 6749, 8867
235, 2699, 7132, 8599, 10576, 13198
1910, 4978, 7461
2832, 5986, 7911, 10545, 11728
6225, 10054
3952, 7223, 7973, 9402, 12289, 13323
617, 818, 905, 960, 1113, 5129, 5937, 7847, 8042, 10491, 11661, 11701
308, 3644, 5269, 7014, 7795, 7825, 9340, 12907
246, 742, 1393, 2993, 4173, 6543, 6899, 9358, 10049
54, 2465, 4107, 5030, 7781, 8531, 11475, 11899, 12370, 13282, 13284
208, 1740, 4641, 4886, 5055, 7395, 7559, 10963, 11688, 12243, 12333, 12522
1469, 5487, 6057, 7288, 9807, 9915, 11874
157, 2931, 5561, 10529, 11013, 12580
5525, 6967, 8606, 9600, 10531
2959, 3388, 11522, 12054
2073, 3424, 5998, 6562, 8653, 8705, 9966, 12536, 13353
377, 441, 488, 966, 1579, 1799, 5286, 8812, 11842
332, 1224, 1847, 3345, 3896, 7269, 9343, 10682, 12441
1495, 1832, 4023, 4414, 5865, 5888, 6234, 6326, 6533, 7540, 10078, 10803
3251, 3445, 3741
762, 938, 1574, 4142, 4302, 4844, 5063, 8787, 9619, 10811, 12423, 13011
1669, 1747, 4727, 4864, 7799, 7832, 9344, 10235, 10282, 10394, 13113, 13343
1777, 1918, 9465
170, 277, 1928, 5070, 8611, 9642, 11581, 11582, 12180, 12181
3013, 6767, 9038, 10896, 11205
5770, 8451, 13173
8053, 8238, 9548, 9565, 9566, 9567, 9568, 9867
932, 1587, 3961, 4584, 6501, 8364, 10626
1008, 1158, 1620, 4990, 5486, 7900, 8734, 10411, 10432, 10792, 11528, 13191
582, 673, 2385, 3086, 3167, 4562, 4610, 4738, 5237, 5279, 8308, 13213
1089, 3042, 8388
2723, 5462, 6386, 7017, 7978, 8642, 9263, 10830, 13043
419, 2410, 3690, 4547, 7880, 8357, 9267, 9813, 9887, 12814, 12974, 13127
1692, 2299, 4780, 10827
701, 2797, 2798, 4072, 4846, 6385, 6776, 8471, 8494, 11297, 12189, 13273
6204, 6205
4807, 8204, 10269
1309, 3288, 3289, 4300, 5755, 6335, 7993, 8595, 8596, 11078, 12144, 12818
209, 969, 1486, 3315, 9854, 10515, 10781, 11097, 11349
4544, 6436, 8354
2477, 3752, 4619, 4903, 8445
517, 4710, 5302, 7756, 8408, 9081, 12752
1748, 3312, 8343
6199, 6336
2371, 5398, 5473, 13446, 13460, 13465, 13488, 13492, 13519, 13528, 13533, 13538
260, 3037, 4037, 4366, 4741, 5556, 5763, 6968, 7642, 7991, 12111, 12112
4567, 5046, 11107, 12767
392, 1707, 1844, 2767, 4174, 5672, 8496, 8678, 8800, 8929, 9494, 12282
1388, 1868, 3717, 7233, 7933, 12018, 12824, 12869, 13069, 13160, 13181, 13478
229, 2104, 2730, 3736, 8548, 12225, 13107
617, 818, 960, 1350, 2008, 3540, 4223, 5129, 5195, 5937, 6922, 7847
2826, 10687
4546, 5781, 5845, 8119, 8786, 10364
2434, 3290, 4348, 4488, 6352, 9210, 9928, 12461
1917, 5640, 8052, 8053, 8054, 9548, 9583, 9867
288, 8539, 8666, 13359
507, 560, 679, 1300, 2271, 5153, 5617, 10451
3655, 10192
149, 2452, 2739, 4412, 7279, 11285
823, 1861, 2077, 2337, 3442, 3931, 7415, 10069, 10266, 10369, 12523, 12632
1763, 4938, 6827, 7315, 7578, 7775, 10020, 10138, 10436
4744
2102, 3307, 3747, 4338, 4952, 5069, 5977, 6540, 7141, 7601, 8543, 11777
7751, 9831
3354, 3603, 3604
2975, 4145, 6045, 6403, 10371, 12525
263, 2555, 3138, 3139, 3516, 5885, 5886, 6323, 7929, 9250, 12335, 12518
5512, 5756, 8403, 8595, 11543, 12144, 12263
2423, 3064, 3211, 6393, 12786
3602, 4705, 4996, 5541, 7628, 7711, 8925, 12259, 12920
4321, 5592, 8466, 11169, 11650
5600, 6168, 6711, 7317, 9849
1514, 12204
1618, 12328
1505, 2102, 2777, 4338, 4952, 5069, 5977, 6540, 7141, 7601, 8359, 8543
7861, 11227, 12108
3043, 6123, 10304, 10921, 12549
3934, 8672, 10144, 12521, 13297
2371, 3538, 4193, 6033, 13446, 13460, 13461, 13464, 13467, 13492, 13511, 13519
2219, 2911, 3224, 4007, 4510, 5079, 6039, 8294, 8916, 9332, 9684, 13116
6358, 6359, 6360, 6361, 12944, 12945
2872, 4980, 5097, 7328, 7498, 9103
620, 4286, 5619, 6975, 8321, 9780, 11313
2319, 7013, 7382, 7405, 9886, 10005, 12710, 12946, 13295
2326, 6389, 7165, 7687, 8287, 9139, 11017, 11376, 11801
1559, 6040, 6516, 10643
5092, 7525, 8767, 12737
112, 927, 940, 2850, 3527, 4826, 5306, 7668, 7960, 8289, 12887, 13046
1575, 2814, 8296
229, 2104, 2730, 3736, 7060, 8548, 12225, 13258
419, 3495, 3690, 5651, 7937, 8357, 9267, 11192, 13073
496, 510, 2180, 2307, 3365, 5925, 10589, 10756, 12213
5232, 6876, 7006, 8398, 9690, 9691, 9979, 9980
1118, 1752, 2347, 2431, 3511, 4556, 5073, 7499, 8750, 9093, 9727, 10694
13372
390, 5638, 7917, 8577, 11531
280, 1136, 11175, 12873
2421, 3634, 9515
500, 1034, 1086, 12868, 13226
1216, 1346, 1838, 3018, 3200, 3802, 7139, 7453, 7506, 9149, 9710, 12759
7119, 9792, 9793, 11617, 13312
125, 147, 1177, 4220, 6456, 8128, 8186, 10218, 11566, 12236
5917
8178, 11618, 12531
676, 1293, 3663
1834, 2335, 3091, 4371, 5983, 6109, 13248, 13378, 13399
31, 3582, 8072, 8073, 10327, 10446, 12481, 13099
2648, 3809, 4005, 4111, 5989, 6259, 6286, 11685, 11689, 12061, 12608, 12828
2577, 7227, 7403, 7404, 7531, 7532, 7535, 7536, 8511, 8777, 9121, 9125
1676, 8153, 8739
1078, 1451, 6948, 7011, 11586
270, 1685, 9346, 12691
1626, 3939, 5671, 5822, 9931, 10620, 11835
2033, 5491, 6969, 9170, 10929, 11028, 12697
2569, 4817, 4818, 6779, 9572
1360, 5745, 8313, 12044, 12914
4625, 5980, 13385, 13386, 13387, 13417, 13418, 13419
185, 305, 458, 1294, 1934, 2057, 2986, 3743, 4130, 5821, 6089, 8847
234, 1769, 1770, 2082, 2083, 2084, 2366, 7641, 9252, 11675, 11676, 13092
629, 2124, 6077, 8742
5444, 7438, 8741, 9587
586, 588, 1607, 2517, 3422, 3963, 5109, 5236, 8922, 10228, 10549, 11572
1469, 6057, 7288, 9807, 11874
328, 450, 935, 1019, 4507, 5072, 6746, 9043, 9585, 9769, 11641, 12281
5033, 5034, 5084, 5694, 7335, 9331, 9706, 13035
3343, 3973, 7015
370, 3968, 4630, 5374, 7783
548, 1055, 2312, 2838, 4699, 4822, 5950, 6486, 7016, 7207, 8155, 8790
695, 732, 6532, 7814, 8506, 8531, 9233, 9278, 10587, 11979, 13282, 13284
914, 3877, 4425, 4492, 4904, 5057, 6644, 6742, 7630, 8381, 10419, 11317
2776, 3347, 3945, 5085, 11114, 11346
5640, 8052, 8053, 8238, 9297, 9548, 9565, 9566, 9567, 9568, 9583, 9867
3041, 5481, 6237
2202, 3066, 3700, 8443, 8725, 9074, 11484
1421, 1535, 2533, 2736, 4734, 5275, 6337, 6511, 8461, 9646, 12327
4417, 4927, 5372, 5571, 6315, 6357, 7010, 7527, 8387, 9318, 10534, 12215
342, 827, 3130, 3562, 6061, 6461, 10181, 10344, 10459, 10556, 11149, 12315
766, 1900, 3386, 3989, 4999, 6196, 6376, 9887, 10606, 11031, 11731, 12408
90, 720, 2857, 3695, 3947, 4316, 6166, 6311, 10459, 10956, 12234, 13308
4269, 11375, 13037
8815, 11264, 11853
259, 1326, 1938, 4435, 8569, 9693
817, 8480
7958
663, 1017, 4447, 4747, 5328, 10736
3898, 4069, 5053, 5253, 5670, 6249, 7364, 7798, 9921, 11235, 11828
934, 1550, 1845, 9735, 11211, 13222
2116, 2701, 4308, 6300, 7406, 9907, 10073, 10905, 11712, 12257, 12367, 12544
3172, 5657, 10767
3286, 3871, 6980, 7634, 12781, 13029
93, 582, 632, 829, 1209, 1378, 1788, 1829, 2420, 2568, 2979, 3168
992, 8775, 8776
432, 1437, 3046, 4432, 4515, 6327, 6970, 7224, 8516, 11056, 12554
881, 1285, 1527, 2026, 2211, 5112, 5668, 5816, 6245, 6772, 9372, 9781
5419, 5505
8819
416, 417, 2364, 2365, 2367, 5241, 6472, 6747
2478, 2581, 2787, 3901, 4896, 6631, 6741, 7465, 7526, 8865, 9432, 13294
130, 621, 2931, 4095, 4096, 4426, 5561, 5576, 6140, 6314, 7645, 10529
796, 797, 798, 800, 801, 4092, 4234, 4448, 4593, 6694, 8378, 11429
570, 1127, 2049, 5191, 6172, 8728, 13008
933, 1023, 2472, 2829, 3171, 3884, 5989, 10211, 12061, 12235, 12789, 12828
1824, 3074, 5168, 5360
7287, 8576, 12093
1103, 2066, 3281, 3718, 4328, 7673, 7807, 9716, 9913, 10019, 10422, 11732
1818, 2135, 3944, 7932, 8718, 9604
2999, 11704
732, 903, 1954, 2266, 7362, 7456, 7781, 9054, 10587, 11571, 11979, 12854
938, 1592, 1766, 2342, 3972, 4142, 4302, 4844, 5063, 7175, 10811, 13011
407, 652, 1944, 2389, 4461, 4583, 5976, 6022, 9557, 10334, 11987, 12773
3175, 4716, 6444, 8383
7227, 7403, 7404, 7531, 7532, 7533, 7536, 8511, 8777, 9121, 9125, 11770
5764, 11705
140, 141, 142, 730, 2555, 3138, 3139, 3906, 4239, 5885, 5886, 12518
1276, 5429, 8298
4365, 4546, 5781, 5845, 8119, 8786, 10364
1858, 1949, 3763, 6574, 8082, 12998
670
6864, 8845, 8846, 9421, 9422, 9423, 9674
1141, 2066, 2565, 4336, 5135, 9716, 10400, 11053, 11163, 11732, 12359, 12751
638, 2226, 3229, 5287, 5776, 6014, 7231, 8500, 8816, 10060, 11162, 12939
625, 6904, 8320, 8341, 10751
31, 3836, 7239, 8071, 8072, 8073, 8255, 8526, 10327, 10328, 10446, 12481
1478, 2676, 3255, 4277, 5395, 5963, 7116, 8984, 9503, 11180, 11664
2050, 3897, 5620, 5643, 9702, 10640
2245, 3080, 3620, 5050, 7561, 8074, 13412
1087, 1352, 2482, 3507, 10745, 11345, 13321
323, 6267, 6592, 10854
5921, 9487, 12902
3935, 4415, 6124, 6468, 10951, 11855, 11856
1063, 1601, 2646, 11558
4813, 5929, 7219, 7443, 7652, 11072
3480, 11708
54, 695, 2465, 4107, 5030, 8531, 9278, 11475, 11899, 12370, 13282, 13284
2724, 2970, 2971, 3349, 3544, 4401, 5423, 6041, 8782
812, 1286, 1729, 1871, 2321, 3682, 4440, 5571, 9939, 11166
26, 569, 967, 1171, 1182, 1294, 1864, 1934, 3705, 5108, 9903, 12575
240, 736, 13497, 13498
5831, 5972, 7943, 8612, 13068
577, 2981, 8799, 11154
2320, 3391, 4708, 4895, 5096, 6669, 7379, 8522, 8524, 8525, 10284, 11922
1148, 1376, 2163, 2405, 9048, 11985
3185, 3988, 6008, 7201, 9696, 10839, 13302
1506, 3136, 3730, 6126, 6308, 6885, 9036, 9761, 12660
626, 1229, 3356, 4812, 6544, 9291, 11471, 11568, 12075, 12472, 12799, 13061
737
72, 2206, 3518, 5043, 5495
2664, 2790, 2988, 3058, 3059, 3198, 3199, 5956, 6526, 13489, 13490, 13507
8605, 9411, 9765, 9767, 10366, 10571, 12431
2173, 10573, 11022, 11305
3225, 4088, 7667, 8288, 11652, 13171
6318, 8047, 8717, 11425
2456, 6473, 6662, 8262, 10931, 10932, 10933
2006, 2477, 3752, 4619, 4903, 8445
933, 1023, 2472, 3171, 3884, 5989, 7023, 8963, 12061, 12235, 12789, 12828
1033, 1831, 2297, 9472, 9473, 10033, 12392
565, 1199, 2851, 3411, 7463, 10629
381, 1220, 1649, 3428, 4014, 4825, 6325, 6756, 6959, 7784, 10439, 12971
694, 1913, 2631, 6427, 7474, 8114, 9530, 11487, 11858
1832, 4023, 4414, 5259, 5645, 5888, 6234, 6433, 6533, 7540, 10078, 10803
386, 4591, 5537, 6104, 6365, 7554, 9073, 10842, 13110, 13203
2577, 7403, 7404, 7531, 7532, 7535, 7536, 8511, 8777, 9121, 9125, 11770
2822, 7041, 12748, 13062
7666, 9479
1400, 2944, 4011, 9413, 10554, 11145, 13139
2647, 5143, 7111, 7511, 10141, 11295, 11296, 11297, 11298, 13190
632, 1209, 1754, 1788, 1829, 2420, 2619, 2979, 8031, 8308, 11043, 12028
579, 9249, 10502
976, 1201, 2883, 2984, 3082, 5356, 7852, 9745, 11318, 11900, 12498, 12803
6350, 6423, 8578, 10259, 10406
1930, 2055, 3093, 5035, 6690, 6804, 7873, 9489
1895, 2371, 4193, 5473, 6665, 13446, 13466, 13480, 13481, 13492, 13528, 13530
1420, 3573, 6133, 6396, 9950
7570, 10949
19, 6759, 11946, 12686, 12687, 13021
1383, 3667, 9022
1046, 1520, 1976, 3941, 5468, 6453, 8359, 9180, 11521, 11527, 13015, 13153
1388, 2651, 3717, 7233, 7933, 11849, 12018, 12869, 13069, 13160, 13181, 13478
1862, 2562, 4053, 5464, 5751, 6031, 7150, 7168, 8093, 8520, 9870, 13227
66, 3142, 4938, 6695, 6827, 7578, 10020, 10138, 11277, 11687, 12148, 12183
282, 1957, 5782, 6069
938, 1592, 1921, 3372, 4142, 4302, 8747, 10039, 10811, 11638, 12426, 13011
1124, 3512, 3520, 4756, 5298, 5405, 9611, 11373, 12152
1154, 2733, 3464, 3899, 6691, 7297, 7298, 7690, 8314, 8528, 10161, 12655
13005
617, 818, 960, 1350, 2008, 3540, 3787, 5937, 6292, 7847, 8581, 11661
22, 4856, 10064, 10065
2957, 4172, 5826, 6017, 6074, 7569, 7752, 7963, 8716, 9464, 9520, 10678
6733, 8713, 11449
1214, 1609, 2591, 6636, 6663, 7582, 7753, 8432, 8647, 10092, 10893, 11795
9280, 11106
5611, 8694, 9089
856, 1274, 2632, 2644, 5136, 5282, 5601, 6458, 6737, 7113, 7518, 12270
3092, 3294, 3295, 4258, 6439, 13410
738, 2442, 3340, 9117, 10428, 11753
1222, 2068, 12678
732, 903, 1954, 2266, 7362, 7456, 7781, 9054, 10587, 11571, 11979, 12993
2675, 6010, 6101, 6395
34, 2294, 2360, 3441, 4824, 6290, 12460, 13527, 13539
8946
2684, 4209, 5584, 6925, 11573, 11864, 12210, 13009
1592, 1766, 1921, 2342, 3372, 3972, 4142, 10039, 11638, 12734, 13011, 13291
2380, 4023, 6221, 6227, 6740, 12439, 12969
259, 1326, 1938, 2879, 4435, 6536, 8569
2229, 3174, 5102, 5523, 5688, 5859, 11281, 11876, 12849, 12861
319, 2749, 2914, 6761, 6762
8781, 11761
395, 3055, 4702, 9667, 10032, 10034
431, 4332, 5171, 12125, 12457
1231, 8184, 8690
309, 1051, 3117, 5173, 5532, 7394, 12409, 12784
842, 1319, 2816, 6476, 10802
1391, 3443, 4975, 6927, 8654, 9261, 10926, 11074, 12164
4003, 11775
3403, 6949, 7922, 8857, 11822
1056, 1126, 1866, 4956, 6011, 6723, 7458, 10538, 13089, 13206
6262, 10243
233, 1609, 2219, 2591, 2911, 2975, 3224, 4007, 6045, 6403, 10978, 13116
989, 990, 4889, 6441, 9878, 11577
101, 284, 1793, 2099, 2296, 2881, 3856, 4082, 4696, 5116, 6160, 12511
3673, 4614, 4653, 5747, 7479, 7480, 12775
2356
4185, 5542, 6882, 7939, 11396
8659, 8662, 8664, 9298, 9843
4253, 7790, 8438, 10935, 11092, 11435
6951, 11927
251, 253, 254, 255, 256, 257, 1457, 2863
11949, 12593
5837, 7427
36, 608, 2006, 2477, 3323, 4761, 5062, 5146, 5176, 8070, 9751, 10386
2326, 3975, 4833, 6389, 7165, 7687, 8287, 8700, 10725, 11017, 11376, 12717
3891, 8950, 8951, 10786, 11228, 11674, 12411
3275, 3861, 7353
5757, 8831, 13056, 13405
8917, 9971, 10434, 10922
11220
430, 5529, 7177
153, 4093, 5546, 9482, 11611
233, 1609, 2219, 2591, 2911, 3224, 4007, 6039, 6403, 6663, 7753, 8294
8365, 11289
264, 1686, 2678, 9502
1098, 3151, 3915, 4910, 6216, 9649, 10276, 10530, 10649, 11670, 12294, 12972
1356, 2665, 7484, 7537, 7584, 8090, 8737, 9895, 10501
4365, 4546, 5519, 5781, 5845, 8119, 8786, 10364, 11393, 11767
1744, 4421, 4468, 5536, 6150, 7707, 8960, 10728, 11782
170, 1928, 5070, 8611, 11581, 12181
1495, 1832, 4414, 5259, 5865, 6234, 6326, 6533, 7540, 8223, 10078, 10803
1971, 12155, 12723, 13334
87, 2558, 3067, 4976, 8625
139, 4691, 5184, 7928, 8064, 8196, 8501, 9131, 12043
4068, 6979, 10221, 10788, 11005
2730, 3166, 6795, 10523, 11541, 13095, 13258
5327, 5669, 8158, 8159, 10832, 12141
5189, 11093
9952
2277, 2868, 6463, 7078, 8009, 8038, 8712, 8810, 9859, 10464
381, 1220, 1649, 3428, 3560, 4014, 4825, 6323, 6325, 6959, 9846, 12971
3890
2855, 7148, 11137
2762, 3321, 6171, 8285, 10655
3370, 4511, 5498, 6527, 9573, 9762, 9764, 10296, 10462, 10995, 11063, 11530
2893, 3160, 7542
8582, 8583, 8584
1524, 6843, 7471, 8075, 11679, 12743
1024, 3908, 4890, 4891, 5220, 5261, 6115, 6678
4080, 13217
1131, 1540, 1763, 2353, 2939, 3196, 6827, 7775, 9450, 10436, 12183, 13147
4669, 7488, 8878
953, 4102, 5061, 12301
1318, 1585, 1669, 1747, 1997, 2051, 2503, 3519, 3636, 4042, 9082, 10235
3716, 4187, 4934, 4957, 5326, 5511, 5919, 7113, 7145, 9532, 10899, 12048
5324, 7086, 10862
197, 4798
1830, 3250, 5353, 6164, 6714, 7360, 8536, 9973, 10118
1367, 2924, 4119, 9597, 10409
65, 503, 504, 505, 506
5890, 6451, 6668, 7431, 7757, 8024, 8275, 9471, 9830, 12859, 12960
4298, 7378, 9773, 9861, 10696, 13303
628, 7048, 9335
3970, 4214, 13018
1289, 1826, 5004, 9610, 10355, 10359, 13339, 13340
2279, 5273, 5518, 5787, 6369, 6588, 11457, 11885, 12493, 12576
322, 2967, 7329, 7331, 7714
10800
3716, 4187, 4390, 4934, 4957, 5326, 5511, 5919, 7113, 7145, 9532, 10899
281, 772, 773, 1386, 1943, 3184, 11590, 13247
8216
2361, 2943, 3317, 5890, 6004, 6451, 7431, 8024, 9830, 12859, 13232
381, 1220, 1649, 3428, 3560, 4014, 4825, 5605, 6325, 6959, 10439, 12971
379, 9956
4176, 8048, 12169
6559, 12862, 13019
4121, 5044, 7722, 8975, 11908, 13237
2295, 4556, 4835, 5073, 5684, 8807, 9093
2371, 3538, 4193, 6033, 13460, 13461, 13464, 13468, 13511, 13519, 13520, 13533
537, 672, 727, 1638, 1716, 2543, 3553, 5066, 5409, 7212, 9629, 12381
1963, 4164, 4977, 5155, 5156, 5157, 5430, 10558, 12047
3080, 3620, 5050, 7551, 7561, 8074, 13412
1978, 2263, 2632, 3671, 4512, 6100, 6667, 7658, 7944, 9758, 9939, 13167
104, 5242, 8165, 10368
5606, 6802, 8834, 11996
1142, 3932, 13267
8759
1358, 4099, 9257
1640, 1641, 3161, 3913, 4178, 4843, 13310, 13369, 13383, 13420, 13421
114, 4622, 4678, 5573, 9230, 9794, 10253, 12015, 12440, 12801, 13148
794, 796, 1529, 4857, 5251, 5252, 7721, 8378, 8736, 9226, 11429, 11872
4298, 6826, 7378, 9773, 9861, 10696, 13303
7706, 8375, 8869
2856, 3453, 7830, 9209
4081, 8035, 9215
541, 4107, 6887, 9474, 10988, 11472, 13322, 13409
496, 585, 9225
3182
54, 732, 2266, 6532, 8506, 8531, 10587, 11475, 11571, 11979, 12993, 13282
427, 904, 1462, 12279, 13003
157, 632, 1209, 1788, 1829, 2420, 3168, 8087, 10022, 10529, 11043, 12028
3415, 3870, 4035, 5730, 7884, 8007
7237, 7238, 7445, 11882
611, 4246, 8333, 8334, 10732, 10733
422, 5022
2151, 5056, 7650, 12429
374, 1061, 1407, 1445, 7277, 12080, 12815
2985, 10904
961, 1090, 9605
4363, 6241, 6242, 10230, 10231, 10232
1388, 1868, 2479, 3717, 7233, 7933, 11849, 12018, 12869, 13069, 13160, 13478
3785, 3786, 4231, 5918, 6478, 10476
6557, 7912, 9276, 10566, 11722, 11846, 12462, 12499
1944, 2418, 2563, 5271, 6016, 6022, 9557, 11080, 11987, 12773
388, 1016, 1738, 1763, 2353, 2939, 4191, 5904, 6812, 10686, 13147, 13361
6887, 8540, 8958, 10773, 10988, 11354, 13409
465, 7299, 7822, 8934, 9990, 10089, 10324
3069, 11133
1741, 1958, 2894, 2987, 3341, 9041, 9118, 9633, 11011, 12437, 12446, 12671
762, 1961, 2897, 5063, 5188, 7738, 8787, 9619, 11562
538, 3558, 4518, 5931, 6244, 7095, 8338, 13136
766, 1900, 4382, 6196, 6246, 6376, 7848, 7940, 8507, 9999, 10606, 11031
10644, 10645, 12391, 12401
2102, 3307, 3747, 5977, 6540, 7141, 8543, 11777
523, 2314, 3756, 5742, 6367, 8446, 10208, 11343
54, 2465, 7781, 8531, 10587, 11475, 11899, 12370, 13282, 13284
681, 1762, 4260, 4502, 5652, 5959, 6469, 8156, 9984, 10744
1399, 6675, 9772, 11089, 11567, 13066
1154, 2733, 3464, 3899, 4180, 6691, 7297, 7298, 7690, 8528, 10161, 12241
420, 4877, 9785, 10877
2046, 4292, 4880, 8127, 8902, 9927, 11084
1375, 1659, 3244, 4399, 4506, 4663, 5058, 5676, 5809, 6606, 9784, 10483
85, 1912, 5387, 5442, 5769, 5836, 6610, 6611, 6961, 7626, 8593, 9212
2474, 2484, 2485, 10041
1038, 2660, 3649, 4253, 7036
543, 1626, 3939, 4022, 5093, 5671, 5822, 9931, 10620, 11835
360, 550, 1028, 1396, 1791, 4144, 5288, 6719, 9315, 10738, 12251, 12681
1599, 2197, 2807, 3897, 3984, 5121, 5620, 9702
21, 184, 692, 721, 1619, 2858, 3813, 4806, 7460, 8993, 10079, 12398
1978, 3671, 7658, 7944, 9758, 9939
54, 1240, 2465, 3992, 4107, 5030, 8499, 9673, 11472, 11899, 12370, 13284
6, 651, 1212, 2232, 3645, 5469, 6834, 8231, 9890, 10377, 11907, 12033
4365, 5519, 8119, 11393, 11767
2464, 5725, 7301, 9285
3359, 3360, 3957, 6960, 12139
695, 6532, 7814, 8506, 9233, 9278, 10587, 13284
98, 655, 2713, 2714, 4955, 12510
1251, 2092, 4327, 6277, 6617, 7027, 7028, 7442, 9743, 10970
3850, 7265, 10119
1139, 1919, 3344, 3800, 4847, 5223, 6581, 8266, 9124, 11009, 11569, 13309
1785, 2386, 2878, 4289, 5709, 6866, 9092
1789, 1790, 10189
5390, 10547, 10670
620, 4286, 6975, 8321, 9780, 11313
4048, 6712, 7736, 12243, 12244, 12949
6475, 6821, 12445, 12690
1815, 3566, 3568, 6567, 7623, 7834, 12286
2308, 2576, 4892, 5443, 5810, 6580, 8633, 9179, 9606, 9853, 13196
1195, 1952, 3785, 3786, 5918, 6478
71, 900, 3852, 4782, 5266, 5313, 5901, 7563, 7916, 9141, 12128, 13096
3893, 12703
834, 1230, 4188, 4475, 5041, 5493, 7520, 9528, 9800, 10711, 10737, 11312
3225, 4088, 7667, 8288, 10229, 11652, 13171
23, 1131, 1763, 2353, 5613, 6827, 7718, 9450, 10436, 11340, 12183, 12571
352, 1592, 1766, 1921, 2030, 2342, 2962, 3372, 3406, 10039, 13011, 13451
3474, 6655, 8923, 11833
12, 563, 968, 2112, 3591, 3622, 4636, 6001, 8470, 9771, 9851, 12505
2298, 7104, 7507, 8121, 8722, 9544, 9787, 9877, 10633, 11008, 12978
1091, 1198, 4582, 5420, 7261, 7611, 8723, 9070, 12330
354, 963, 2627, 5507, 7209, 11091, 11991, 13344
208, 4886, 5055, 7558, 7559, 9058, 11688, 12333
617, 818, 905, 960, 1113, 5129, 5937, 6292, 7847, 8042, 11206, 11661
4667, 9655
1552, 2512, 3814, 6020, 8518, 10790, 11845
1317, 3728, 4930, 7273, 10389, 12193
2874, 3348, 4496, 4666, 7663, 7724, 11477, 12651
435, 2468, 5772, 6656, 9410, 10139, 10321, 12200
2361, 2943, 3317, 5890, 6004, 6451, 7431, 7543, 8024, 9830, 13232
2321, 4417, 5372, 5571, 7010, 7527, 8630, 9318, 10534, 10799, 12215
1317, 3728, 6233, 8422, 12193
1526, 2716, 10220
1665, 3103, 7396, 8057, 10384, 10967, 12574, 13183
357, 358, 1427, 4016, 4632, 5762, 6338, 6339, 6340, 6341, 6342, 10435
5051, 5786, 5894, 7909
1707, 4174, 4827, 5672, 8943, 12282
761, 2429, 3023, 5005, 7596, 7597, 8221, 8249, 8616, 8957, 9601, 11538
723, 1194, 1274, 4752, 5601, 7457, 7820, 9224, 9364, 10074, 11187, 11783
907, 1053, 1085, 3180, 4922, 6415, 9623, 10227, 10817, 10947, 12725, 13529
3836, 7239, 8071, 8072, 8526, 10327, 10328, 12481
2350, 12729
4402, 9935, 9936
1327, 10279, 12514
10901, 12800
2621, 6382, 7541, 8044, 8778, 9941
2898, 6593, 13250
2607, 2891, 5254, 6509, 7115, 11861, 12027, 12300, 12836
1707, 4174, 4827, 5672, 8943, 9494, 12282
4157, 11368
3876, 10036, 10037, 11258, 11284
1440, 2422, 5330, 5331, 5332, 5333, 9683, 12997, 13403
5098, 5099, 6457
1038, 2660, 3649, 4253, 7036, 7790, 8438, 10935, 11435
2226, 3355, 5287, 5317, 5350, 5776, 6736, 6838, 9101, 10110, 11282, 12939
2867, 7220, 8399, 8632, 13223
212, 335, 1873, 2377, 2378, 2965, 4062, 6065, 6135, 10720, 12157, 12227
2874, 3348, 4496, 4666, 7663, 11477, 12651
6904, 8341, 10751
32, 7610, 8888, 9300, 10137, 10341, 12041, 12805
484, 2110, 7050, 12597, 12599
625, 6904, 8320
54, 1240, 2465, 4107, 5030, 8531, 11472, 11475, 11899, 12370, 13282, 13284
1975, 10255, 10973, 11579
2593, 3758, 3965, 4387, 4490, 5702, 5715, 6769, 6990, 8036, 8544, 12770
3131, 3325, 5647, 6962, 7102, 7615, 9067, 9228, 9325, 9618, 9722, 10705
8540, 8958, 10773, 11354, 13409
299, 300, 710, 6411
2554, 3138, 3516, 4239, 4740, 5886, 7789, 7929, 10265, 10867, 12335, 12771
264, 1686, 9502
586, 1137, 1607, 1633, 3165, 3279, 3364, 4853, 5109, 5236, 5714, 10228
114, 4622, 4678, 5573, 7934, 9230, 9794, 10253, 12015, 12440, 12801, 13148
1257, 1258, 1259, 1260, 1261, 1263, 1264, 1265, 6076, 7762, 7764, 9084
2874, 3348, 4496, 4666, 7663, 7724, 12651
5, 635, 9128, 10749, 10940, 11324, 13014, 13036
9992, 10175, 10600
906, 4809, 7135, 7524, 11467
6840, 9810, 10299, 11126, 11278
3975, 4833, 6389, 7687, 8700, 10725, 12717
1895, 2371, 4193, 5473, 6033, 6665, 13446, 13463, 13466, 13467, 13480, 13492
183, 3492, 4834, 5521, 8265
1709, 2727, 2843, 4237, 5752, 7128, 8297, 8793, 9894, 10124, 10353, 13207
148, 575, 2451, 3721, 3765, 8206, 8477, 12059, 12369, 12652
1703, 9213
1740, 4641, 5055, 5666, 5940, 7395, 9582, 10963, 12522
178, 2250, 2337, 2846, 3931, 5011, 6751, 7022, 7415, 8304, 8908, 10266
148, 575, 2451, 3721, 3765, 8206, 8477, 8484, 9316, 12059
377, 441, 488, 966, 1579, 1799, 5286, 5662, 8812, 11842
9223
1424, 9933
235, 7132, 8599, 13198
991, 1102, 2281, 3601, 3746
259, 1326, 1938, 4435, 6536, 8569, 9693
7790, 8438, 10935, 11092, 11435
3558, 4518, 5931, 6244, 8338, 13136
54, 2465, 4107, 5030, 6532, 8531, 11475, 11899, 11979, 12370, 13282, 13284
3558, 4518, 5931, 7095, 8338, 8626, 13136
6445, 6824, 8174, 8691, 9287, 9288, 10847, 11479
1933, 4008, 13496, 13513, 13517, 13518
1504, 2002, 3632, 4455, 7389, 8552, 8906, 10176, 12379
1632, 8689, 9338, 12006, 12100
5890, 6451, 6668, 7431, 7757, 8275, 9471, 12859, 12960
1577, 2051, 3337, 3522, 3636, 4042, 4868, 5667, 5749, 6671, 7691, 11170
310, 1597, 3377, 5569, 10148
4298, 6826, 7378, 9773, 13303
1038, 2660, 3649, 4253, 7036, 10935, 11435
138, 7647, 8562
2910
6350, 6423, 10406
5724, 6932, 7857, 8505, 8622, 12074, 13080, 13105
831, 2433, 5384, 9970, 10580
6123, 10304, 10921
3469, 6275, 7032, 8086
1893, 4656, 5471, 6801, 10156
562, 6180, 6181, 8994, 9002, 9009, 9010, 9013, 9014, 9733, 12023, 12024
1668, 1758, 2256, 2854, 8565, 9697, 11940
4365, 4546, 5519, 5781, 8119, 8786, 10364, 11393, 11767
1080, 3565, 5224, 6042, 8746, 11394, 13079
5932, 7659, 8041
3278, 3680, 4196, 5349, 6037, 8227, 9443
555, 556, 5898, 5899, 13442, 13443, 13503, 13522
1642, 2245, 3420, 3620, 5050, 7561, 13412
1012, 6251, 8609, 9641, 10066, 11830
9338, 12006, 12100
2295, 4556, 4835, 5073, 5684, 8807, 9093, 10694
42, 61, 729, 1325, 3795, 5818, 6138, 7256, 7609, 8848, 9129, 10961
2009, 5645, 6433