137 507 639 1074 1343 2167 2341 2368 2445 3674 3675
433 1031 1515 2434 3127 3128
200 672 1311 1440 1661 2098 2189 2885 3505 3506
173 547 1142 1295 2568 3418
191 1753 2090 2869 3218 3425
83 681 699 1277 1671 2397 2480 2535 2921
451 939 1102 1427 1886 2244 2775 2888 2989
110 729 1152 2373 2817 3015 3265
460 1170 1913 2635 2786 2854 3439
119 1451 2067 2856 3592
406 868 1025 1728 2427 2473 2496 2707 2861
1052 1354 1362 1578 3153 3376 3600 3601
487 604 675 791 1145 1204 1798
236 470 878 1050 1200 1468 2883
436 490 569 598 721 2502 2628 2741
95 1010 1404 2260 2455 2804 2940 3442 3443 3661 3662
445 620 859 950 2261 2701 2843
1109 1272 1306 1410 1792 2038 2339 2349 2580 2911
391 607 705 734 1208 1304 2610 3209 3210
472 505 642 880 1342 1524 2705
131 984 1547 2121 3051 3525
410 427 2370 2576 2787 2906 3431 3432 3656 3657
194 723 1325 1537 1772 1868 3433 3434 3659 3660
61 1298 1729 1785 1897
77 2467 3338
628 839 1437 1445 1804 2032 2590 2777
185 529 656 670 956 1551 1900
50 260 632 1713 1916 2463 2995 3502 3503
59 1552 2110 2831 2842 3519
32 906 1108 1128 1328 1471 1538 2311 2588 2673 2956 3117 3118 3119 3348 3349 3567 3568 3569 3570
68 2127
212 481 1750 1881 3033
548 744 1111
53 633 786 812 1740 2390 3356 3357
367 1444 2025 2920 3296
1931 2343 3111
608 1027 1067 1161 2987 3301
606 1363 1414 1925 2711
8 650 741 1012 1169 1776 2931
635 905 910 2197
33 358 1257 1443 1604 2033 3409 3410 3636 3637
125 514 2847
421 1110 1372 1384 3582
80 1187 1667 2158 2812 3039
295 2760 2781 3467
448 856 1055 1096 3219 3649
412 1652 1717 1767 2625
98 1764 2152 2551 2595 2880 3294 3295 3516 3517
385 740 1499 1951 3220 3426 3650 3651
11 503 782 908 986 1296 1831 2742
1243 2792 2955
66 74 659 777 1225 2743
397 970 1130 1866 2245
262 1718 2257 3011
370 844 869 948 1284 1890 2290 2442 2556 2928 2999
343 550 677 1544 1711 2055 2059 2173 2485 2975
38 1144 2221 2229 2285 2287 3328 3329
352 437 2388 3641
1251 2640 2997 3094
244 1250 1503 1778 1779 1870 3261 3262
226 545 927 976 2143 2145 2976
325 1032 1567 1668 1857 1874 2148 2619 2936 2957 2968 3484 3485 3486
20 2414 2471
235 2256 2413 3095
65 866 1013 1126 1462 1632 1982
280 870 1046 1412 1599 2680 3624 3625
5 846 1350 1563 1568 3076
319 982 1600 1816 1820 2661 2875 3035
193 1529 2539 2859 3556
265 836 934 1091 1159 2169 2443 2664
301 509 899 903 961 1172 1299 1379 1383 1416 1723 2278 3161 3162 3163 3609 3610 3611
480 2258 2279 2493 2716
337 1535 2688
211 834 916 2211
62 283 2537 2973
166 1862 2457 2720 3157 3604
14 1062 1089 1269 3178
328 676 952 3324 3541
1003 1303 2168 2241 3231
501 1114 1382 1610 1650 1673 2247 2986
202 1775 2262 2293 2638
915 1186 2934 3158
772 1153 2518 2587 3133 3134
151 1678 1974 2323 3335
250 544 591 1011 1704 3384
259 3024 3490
438 584 894 1036 1228 1341 1840 1995 2119 2337 2431 2642
124 638 2542
133 810 2840
106 943 1470 1651 1848 2118 2205 3087 3088
1681 2204 2567 3002
420 875 2592
1227 1480 1545 1876 2791 2964
178 637 854 897 2081 2816 3229 3230 3669 3670
456 1177 1323 1423 1864 2101
187 1619 2681 3607
686 1100 1292 1659 1832 1879 2064 3314 3315
176 369 2185
901 1068 1174 1188 1449 1662
181 623 873 2938 3365
163 788 817 1695 2024 3341
477 660 1942 2149 2785 3251 3468 3469
172 429 661 1335 1516 2299 3167 3168
387 3533
664 1053 1392 1555 1863 2308 2340 2941 3330 3331
756 1390 1425 2617 3374
127 807 991 1155 1364 1528 1691 2378
136 983 1023 1518 2030 2194 2400 2446 2598 2639 2894
175 1103 1113 1421 1485 1788 1838 2561 3169 3170 3171
208 615
1438 1773 1784
100 709 806 1602 1941 2091 2306 2356 2522
215 450 735 1317 1489 2319 3463 3464
671 914 1386 1584 1930 3371
109 824 1124 1850 2570 2798
405 1495 1706 1819 2214 2516 2930 3235 3236 3457
378 417 2000 2298 2364 2377 2409 2834
73 872 951 992 2051 2113 3000 3001
160 486 1381 1456
145 1338 1498 2751 3538
2153 2275 3240
85 680 1230 3147 3597
58 467 539 888 1597 1999 2520 3303 3304
751 2491
381 1463 1525 2251 3543
40 1395 1754 2155 2531 2597 2622 2908 2914 3241 3242
354 1741 2923 2971 3154
471 2506 2632 2779 3166 3385 3615 3616
130 1048 1457 3071
336 560 625 1533 1937 2107 2182 2292 2693
1367 2040 2367 2890 3672
75 148 1400 1577 1774 2012 3259 3260 3474 3475
462 2858
86 1517 1803 2154 2937 3252 3470 3471
76 314 1685 1929 2470 3316
682 775 1871 1949 2358 2636 3590 3591
16 482 840 2670 3377
97 1924 2084 2200 3646
7 1388 1486 1624 2193 2231 2440
393 531 3361
402 1500
88 2016 2974
294 3529
411 558 1151 1242 1540 1702 1794 1802 2061 2490 3321
384 590 789 1287 1559 1843 2086 2206 2724 2744 2949 3139 3140 3141 3358 3360 3586 3587 3588 3589
43 309 889 1099 3539
52 2246 2811 3466
276 1415 1497 1614 1834 2123 2329 2721 3312 3530 3531
1045 1377 2111
285 1625 2006 2867 3378
25 2389 2589
1179 1356 1780 2283
306 649 707 3040 3286
37 424 2053 2227 3243 3465
688 1735 2695
1 3652
342 523 577 904 1655 2418 3123 3124
47 207 274 2126 3534
551 1856 1892 2029 3048 3518
28 2325 3136
234 843 2097 2267 2512
1431
488 674 845 2156 2528 3532
497 1070 1327 3146 3364
1033 1131 1213 1258 1968 3427
833 945 980 1235 1548 1644 1669 1869 3068 3069 3536 3537
129 543 1160 1737 1906 2586 3144 3145 3362 3363
479 1510 1562 2769
1081 1148 1249 1301 1385 1757 2157
246 326 1698 2187 2882 3038
192 1237 1275 1330 1374 1628 2109 2314 2762 3196 3197 3198
201 602 778 877 1014 1403 1647 1715 2124 2832 3148 3149 3368 3369 3370
575 2035 2822
96 1980 2945 3417
383 754 1530 2892 3575
150 761 933
1432 2010 3579
114 852 1407 1447 2449 2599 3031 3032 3277 3278
123 510
195 500 693 892 1817 1989 2360 2514 3332 3333
204 876 988 1422 1837 2073
401 1587
540 574 694 3578
69 795
431 522 655 768 827 896 1264 1369 1542 1663 1790 1940 2482 3561 3562 3563
404 3302
90 1348
99 2435 2947 3496
45 508 1496 2041 2484 2704 3584 3585
54 989 1307 1319 1594 1657 1893 2161 2355 2671 2674 2752 3190 3191 3192
1722 1829 2147 2631 2988
422 745 2624 3299
171 1015 1889 2234 2922 3420
513 530 700 893 1026 1181 1769 1990 2959
144 559 568 634 842 1059 1730 1748 2072 2362 2644
494 706 1509 1853 1956 2020 3105 3106
162 819 1180 1285 1291 1346 1553 1743 1758 1919 2087 2461 2896 3272 3273 3274 3491 3492 3493 3494
1904 1977 2753 3182 3398
368 1467 1875 3279
36 848 1194 1534 3107 3345
1475 1476 2694
350 1847 2015 2239 2738 3043 3044 3292 3293
9 104 1997 2141
780 813 885 1028 1351 1459 1592 1666 1882 2004 2304 2395 2401 2759 2823 3096 3097 3098
18 3263
362 783 1139 1561 1608 2925 3022 3023
344 935 2093 2398 2912 3099 3100
931 1024 1396 1688 2220 2719 3472 3473
317 967 1640
353 541 1077 1080 1409 1609 1796 1922 2014 2259 2508 2905 3114 3115 3116 3564 3565 3566
84 1818 3079 3548
665 738 2666
102 516 858 969 1760 1852 2027 2330 2488 2916 3091 3092 3553 3554 3555
380 879 2002
4 281 572 1305 1985 2009 2476 2788 2821 3207
290 581 832 1682 1744 1756 2122 2648 3085 3086
30 2318 2747
142 371 871 1042 1419 1643 1654 1902 2106 2951 3382 3383
39 1508 2579
753 918 1105 1387 1402 1833 2198 2768 3287 3288
356 746 1690
230 291 585 622 1984 2428 2650 3009 3010 3476 3477
42 1231 3160
257 1219 1621 2248 2372 3029 3497 3498
24 415 884 1071 1239 1413 2682 2773 2879 3393 3394
347 2371 3416
374 518 1914 1978 2136 2403 3090
6 419 1300 3012
351 423 2265
261 2505 3082
203 850 2309
164 794 2021 3202
1326 1598 1631
1344 1899 1907 1957 2286 2965 3005 3006 3253 3254
586 1095 1824 1895 2131 2541 2794 2878 2927
293 1983 2003 2042 2045 2498
566 2075 2691 3456
493 2365 2884
152 993 1453 1620 1627 2291 3007 3008 3255 3256
188 571 1236 1950 2134 2583
269 552 1720 3028
484 2472 3540
143 528 1076 1178 1360 1969 2557 3407 3408 3634 3635
287 2946 3379
161 3070
242 278 801 814 1193 1478 1670 2207
925 1075 1218 1254 1959 1979 1994 2022 2186 2451 2765 2902 3399
197 1946 2057 2116 3072
527 804 1267 1321 1491 2130 2385 2607 3605 3606
305 1469 2756 3535
