105089 331787
167906 288975 421279 442612 451312
14960 353462 473895 232272 329263
522928
118948 209822 455700 482725 191846
55727 78359 335007
62861 475234
12147 73388 178783 269070 439998
42888 217362
213603 213604 213613 213615 213617 249025
99505 126694 133115 264885 522555
75000 156489 207684 278335 321867 388736
96239 351364 473115
15463 62494 85494 167886 193021 284926 345133 482079 517035 526381
12526 33054 346440 501788 538991
104761 166117 193805 245190 262219 484283 521532
100579 137990 373778 428792 483698
10054 26713 58514 70100 75004 96488 163865 172242 172243 219976 219977 219978 219980 228233 228236 228239 236243 247838 248267 292202 312163 336176 336180 336198 360344 397072 415652 430126 435244 435249 446646 448629 502394 535490 68779 312177 284405 488132
11799 11804 147132 449388 452567 533929
14859 27964 159043 223851 358132 459043
32428 118086 323498 367483 411766
45157 304504
135652 152314 172487 220229 249463 340532 389009
23175 379748 431927 382799
8495 150048 164309 221460 243178 281604 292542 377561 426350 449280 498126 520322 532147 4484 5437 9656 38463 45600 54536 132870 148248 169736 170987 195830 202401 217014 313050 315910 337062 339961 373268 379472 382714 396419 407156 447954 451248 462111 470171 475223 499218 517835 534133 174295 355554 254311 405500
138475 149247 149250
5384 110507 110512 110748 192985 372395
66912 261575
20182 20183 20185 20186
29159 188735 292677 411328 464161 476644
261804 334721 358944 469808
48386 157449 181471 197675 229780 294731 335993 355487 509571 537966
8558 315381 449093
10861 500504
23338 53654 74163 424802 450237 535531
68127 70872 224925 350881 353761
221215 230413 246114 270592
90508 136916 241677
26093 291832 383968
1602 316508 365982 382058 417272 425507 495172 523055
10980 68852 384492 520171 262022
57824 82730 90608 107186 109422 328644 377039 391732
10481 274969 331646 437618 514322
41233 46638 93866 149190 154979
39024 340358 346686 348122 382265 406622 461663
120942 146227 213167 267988 278186 394142 452083 508006
231176 357878 372935
57001 121673 165419 387878 433912 458054 534457
138094 164230 290174
56630 142980 205060 287196 356294 380243 448373 454314 500534
11426 31915 31935 56368 79164 132000 476278 538265
74497 243985 456156 494652 509251 519498 535871
132950 176263 176270 202686 222274 274441 305768 415354 482125 505282
100897 268935 276495 341825 448472 448478 448479
100394 173813 186430 320672 396870 536290
189330 199812 220034 382482 526388 186907
8680 40204 60792 136948 406220 432419 442368 455693 466569
55047 109596 311842 313452 315852 335798 359987 407773 431823
42828 329732 440992 459589 493912 499772
93424 473657
117609 173667 305042 306504 327667 423171 438183 490100
299655 331526 387434 505148 540854
55243 78826 103520 188784 274519 286707 293921 405928 440458 64882
12742 242504 352232 372442 425543 428381 470671 485488
157587 256350 286107 479118 499264
32531 434086 458489 523392 535215 535702
113905 188421 205459 210414 258181 338280 339151 411938 432420 456517 499824 528406
80144 205236 212864 212867 212869 223206 434083 495397
5582 193375 213676 329508 339289 350684 374744 495203 537580
59509 68430 84384 93341 172036 294094 310314 504212 537726
36240 93547 108203 344212 375470 419212 501901
35284 59771 109204 124094 149985 153287 222178 308746 329470 504430
8624 167296 201470 208857 278798 314560 314562 321722 371764 480955 503374 503379 507101 528245 71107 191306 233613 245602 307426 394812 449979 515033
20676 60967 70797 114872 222386 228567 269750 350356 388751 509194
53833 88999 112315 136935 287017 352856 387637 415698
68113 248483 324474
15708 44578 60897 85733 110288 114293 114561 182337 184866 346617 372891 508820
230959 282607 363928 493355 272473
13867 21789 43967 108325 219714 367717 410401 448789 456740 492018 496038 526750 533680
10894 223802 266177 269398 359725 367675 486535 487448 515271 343464
59813 104569 164456 245585 311064 430982
10904 91931 435284 436218 522544
26950 53522 70364 80737 102770 118665 123802 127411 173699 256539 258931 270490 280839 435495 447308 463627 479547 513436 522331 523504 524343 524821 530112 531334
599 24701 78205 198913 243898 344715 527561
239451
94879 105993 201582 223642 239954 272973 355461 377006 395464 406110 536260 166143 258569
19614 215706 267299 483438
203547 204591 470794 522328
29036 77589 108247 266452 311349 336378 392981 472012 487744
61337 129710 154384 253676 261266 285631 370763 402042 519227
80308 112477 121302 139178 189107 190820 418406
91927 215767 285310 289765 346397 398891 398893 410927 410930
227683
44426 47494 75576 204016 248069 279223 310859 433392 532459 536535
4005 97674 282981 319136 371558 391665 463620 474167 493578 496977 527275
334107 378674
2223 68284 114393 139407 244679 289508 328671 424392 479184 497568 527734 530164
25301 174471 344202 344204 440423 440425
11065 31591 55931 168287 216739 241646 299114 342259 379596 427444 478910 500652 530841
41885 66520 107582 228892 248812 253624 273314 343630 463360 525454 215778
14245 54528 144069 259746 418053 436121 446311 523611 527637 310133
85960 100001 185031 334881
34069 93746 118346 164375 268565 293070 332827 334329 358591 406380 420513 423318 430354 520700
183356 250924 275371 299770 372953 389000 425475 440811 462792 487020 522161 525784
164133 173160 530421
94558 279360 294063 312585 336521 359340 393519 403179 407071 420951 436325 451405 500578 529376 146062
225413 250186 301853 404231 488254 60469
90577 126741 153081 348218 359435 372359 471941
42868 167695 206343 273513 284791 298005 434044 453405 454097 488842 501075 501384 538160
134939 348821 415746 439139 457766 517963
60937 101631 103133 153491 181126 284423 287808 303562 326990 334991 346114 462464 493507 538396
121006 168431 175809 193599 263169 271753 301093 350839 357226 376665 422678 449137 473120 207193 324488
217508 496276 526306
43061 109415 174771 221760 290912 324000 348115 356140 448537 455432 470325
15615 60709 77776 117427 161472 191527 201338 216044 253298 275950 287774 368505
146593 542865 543666
195496 311567 381599 432389 500036
4390 30922 38325 38893 117542 146298 199234 218763 318580 331095 342640 507166 526214 531176
89139 105230 129923 145106 200053 213860 266813 299825 300708 340706 461995 475011 521116 534520 539128
22967 63725 260630 290530 331860 426567 454171 470571 491828 531263
175657 467601 530943
128 26513 374193 441002 448673 465275 530340 530910
48448 112055 143671 161659 171979 277912 302342 302350 319569 351716 418605 503245 519124 346970 193333 269571 343601
52832 78161 94146 99690 146709 159374 187702 234734 296855 297650 301723 304234 318902 333628 334780 352715 376728 400669 441673 449166 473141 498010 513131
9169 110248 172923 235924 287140 420467 475607 488004 497146 502040 510389 530238 114513 230005
544135
57455 144221 188534 331603 408758 429358 521201 529907
192722 365437
42714 100259 198172 216202 230862 242628 345528 356182 359466 399876 511516 515102 531753
67554 67555 130970 162263 171940 199941 204174 204177 215668 540481 542439 542860 542948 543633 543634
18946 21193 74639 133887 151531 241574 297110 382408 426827 428152 445944 450706 505600 451372 345863
36205 52427 62450 83103 91182 128125 157901 211039 233672 240238 258449 281286 309044 385739 402937
10641 53936 78875 118863 182663 271001 353275 398993
43572 154506 157140 238989 265976 283468 303403
10596 10598 10599 10609 10613 10627 59821 118088
4804 26284 49697 66802 84512 91726 123900 170107 266583 320914 354669 376458 417848 424287 486252 503239 518091 526735 532709
322302 405631 463403
30582 47276 61182 98764 137182 163495 228881 342258 364790 376494 421426 502459
1994 61102 73660 87268 107992 147842 169284 176914 186228 219888 246575 285201 296948 335091 389945 396216 432716 504371 520958 521909 537167 366131
38942 74213 99188 108584 167797 215664 234546 242551 266425 267735 287319 289921 337561 538964 118620 530207
10539 49330 51625 157060 172940 177681 184803 193534 212245 222181 242068 247051 254528 280526 387584 403840 413495 439133 463382 472626
276753 402482 455263 475285 477697 482546 56979
15661 42039 100918 136589 138913 246362 269429 280767 287249 295524 329653 338217 349247 392498 393554 434865 438083 443522 502147 531783
2246 40924 68704 74720 147766 199476 243994 260488 268943 338095 349653 408445 462002 464495 488231 517892 22826 126841 263014 287458
22753 47498 84217 100084 136208 179179 214023 255722 262922 359500 378414 408658 512234 530227
74023 140392 144252 144255 183871 206643 230601 255355 260920 322563 342042 364779 366253 442379 466634
11141 79941 104574 129272 153920 173927 289804 336133 353501 410519 424655 427212 462012 512038 541814
247514 290865 319325 404306 531490
144403 491995
25950 87423 128646 357272
88172 283516 390746
75600 101909 109197 128781 153991 235216 261771 278740 299942 300327 312433 329881 348662 487512 494261 531782 535205 535798 545002
51511 75966 152623 156415 172515 224878 246707 251888 261897 336439 371052 436219 508151 510977 518809 520180 526119 531909
69033 115062 296908 309758 322139 518626
348108 372238 396166 415253 443821 492595 160798 164828 233468 257621 281988 353931 522415
46196 64131 187354 196726 241848 272582 358285 368269 391238 457335
49148 145180 376640 411004 462064 531521
13146 13752 22979 43798 51660 87311 122728 225783 290347 298914 301823 316752 320545 352817 371837 395752 443545 459197 467827 473456
124 243477 302516 318491 320027 366784 10654 125100 166530 179787 195458 228556 288775 317488 331907 497889 497891 53198 136177 136179 177374 237754 262450 331946 354092 454459 499411 523408 226543 237756 354090 499414 237914 525524 31197 363420 504233
3464 105174 126775 205091 355231
10734 60559 68871 86908 93789 109891 110039 257779 259228 324314 324599 350514 377757 391981 411757 443042 487194
414 31823 265606 410079
149259 192466 276799 363813 386371 430475 437545 490395
77713 315631
169977 174729 237477 270134 274716 283188 294112 340717 407032 428062 430923 431108 439717 480598 482603 516030 518931 524036 529657 530354
17999 60502 82648 139614 186839 273870 288281 331220 331221 331222 476590 530974 543502
132457 191796 195043 200224 204353 204354 282391 300953 401574 415565 416429 446733 504361 538078 144502 200365
3980 27394 56590 111167 111170 203993 514527 42216 49638 49701 49712 74289 74300 116418 126979 194691 213232 220897 427050 462565
232842 259903 319367 344561 366254
113748 138273 163163 210212 456487 466352
8481 21046 77024 91252 95685 103400 216381 242686 246761 274946 281478 292120 423896 441658 450625 474757 480790 481279 498400 500282 506249 528442
495392
90205 262847 289685 355280 385347 529587
292085 368988 368990 369000 369002 476488 542678
81071 81128 118113 189653 189654 292331 480841
91773 237173 346293 462501
26594 43658 91655 119305 130923 133904 138501 217696 219264 220277 238708 248185 279761 280410 283793 299828 313661 317384 350642 363273 373276 396297 414043 416134 423615 458612 463809 527812
48244 55907 89052 98986 371227 492981
16942 178407 213266 498562 512100
216056 303541 366556 398182 420499
49061 360239
7563 52199 55481 106336 107678 132409 168662 172464 182338 235945 242550 251731 261287 289265 301505 325454 330626 332684 332863 375365 378831 454625 507431 219430 278358 33741 264806 513578 193742
335314 366593 436141 522668
84055 176891 201263 336715 366590 408596 455003
14372 51145 53416 57683 91784 110102 133777 176731 224731 236879 249279 257745 298612 314700 315898 316167 431428 434104 461258 463515 477993 498667 511619 524663 102978 42283 129389
217261 221400
31455 171028 467252
49098 82214 91232 127277 172194 194256 222011 233864 258976 283373 356956 439814 515581 521118
55674 109648 120923 120977 132830 137880 140689 143495 155868 157659 173171 176204 181154 201249 202731 211279 283022 411093 419011 423566 431231 453635 471834 485258 501192 420629 3123 273113
41377 53293 70108 80392 135867 153075 155151 161949 181064 185580 214046 225457 311490 342317 347739 380326 392651 426115 432920 462465 544323
4365 59908 109351 124819 148039 157047 211726 213292 231545 289611 317169 324952 335295 349450 356399 391296 409903 410732 448053 474908 493950 516340
16648 30209 44363 118433 121174 124176 134925 162112 164515 185683 186312 186915 210884 237812 336128 336618 408265 440144 483406 488903 490890 523852 333869 397560 173427
293336 413584
3085 22627 29246 30644 64313 131647 250399 265247 276688 279372 282923 320460 324311 331025 334199 335238 344070 348709 352910 368196 379064 394466 438736 443412 462049 463968 470625 512927 525344
38006 62586 111985 153965 186509 275408 419797 524665 3236 55494 62953 95142 146326 150611 197043 222379 305536 322564 329061 396806 436427 457678 464744 474918 505305
216758 301613 457714 492112
32892 78488 81957 94166 143368 187952 215497 256479 273064 279547 331930 345142 389343 391388 393538 421881 446997 470866 470946 495786 502084 505755
148918 287142 503858
6304 127782 431507 431508
5453 78987 96792 132284 242538 501529
20839 81900 97607 123315 156093 182454 194704 233263 258046 290926 328302 347983 369001 389655 494187 495549 506623 518711 521336 189841 504901 14311
448106 491470 384181
76857 192190 224555 418493 282602
15270 66281 130135 144241 158407 171071 242712 362431 370106 373682 420969 447474 518949 519172 307057
95586 95587 123842 123844 123845 139010 197816 197817 197821 312064
18190 38480 71354 81552 94855 128249 152868 182310 184264 220163 225031 227406 232303 254623 274298 290897 298738 308918 309857 311002 320438 343071 345638 368673 373165 440277 484545 517668 524359 528984 278360 344511 141989 249811 464571 333749
41190 201569 267466 475905
152001 197818 207963
24221 31001 31598 47988 71445 75184 84961 85979 128871 186391 213239 214485 231148 240723 259495 270262 283892 287345 305604 317951 320777 325282 328691 344078 348225 351766 373549 385201 385257 410779 420599 456448 467717 480390 492179 519355 523265 530309 534859
1872 2683 6690 30562 52005 53841 111123 132503 157258 169076 240480 254184 300768 306709 314403 316507 331412 357452 359145 374435 413433 449838 469791 171078 293872 311154 348197 431150
28416 150515 303431 521792 529784 533788
126397 268312 336038 376244 461964
32631 77110 172050 322480 507959
159503 246476 248173 394804 12898 44502 358002 358004 358006 174631
423341 440525 468511
76908 97659 146773 170304 172383 224705 249269 262393 276506 544141 544719 544726 544727 544729 544730 544731 544732 544734 545209 545210 545730 545972 546017 546322 547009 547392 547393 547394 547411 547574 547600 547836 548188 548418 548445
74550 74552 83155 96158 127568 172367 172369 179921 247059 252788 538287 542184 542683 543161 543173 543899 9650 90380 108194 134224 134225 144191 144193 157624 199097 199099 203703 270306 541418 542321 542446 542902 543056 543343 543720 543789 543860 543872 543873 543874 543875
11442 79797 238939 250678
55712 55719 108373 186838 325058 346881 470876 470886
429715
117068 524110
132 2753 10492 26999 67768 91930 107687 123451 136947 143715 150450 178427 187128 206097 224509 283685 287924 298937 308657 317267 317693 325902 331669 332167 333849 335782 340592 341742 344923 355913 356166 358800 380726 407613 426678 450384 452522 489563 494670 505753 536330 540235 17208 246912
83556 225562 288778 376757 448444 452315 520327
27766 42371 183393 195636 219654 440526
248053 252184 264966 109934
132031 164604 189237 248036 298879 317366 326713 399040 433881 540293
15018 126362 193802 397693 413041 413062
1841 11532 46370 49255 63495 109491 123228 125127 149492 152436 163778 171065 182875 186518 203981 211472 212191 215844 219482 245138 254741 260615 287062 304646 318724 321245 322560 335121 335452 337625 339339 365870 376846 380765 405904 409945 420862 443740 448439 457111 463472 467018 472959 484094 487028 489658 492742 507509 513947 517291 518284 520107 544796
42904 74490 94531 390335 390340 413048 509348
183955 238496
38200 98484 112070 116596 120989 159037 224453 227376 242997 286336 287610 362406 433658 441901 447429 470445 515812 516817 517161 519642 527598 531957 535727 196562 302796 386453 452842
13739 40029 133761 168584 299008 342622 421579 455425 478924 535534 541585 108184 226291 409148 493142
153688 189151 199179 231860 231862 231865 238339 256663 260324 288738 347684 368721 398297 405970 407932 506485
40935 89837 99659 108268 135360 147214 197439 198351 282863 293297 310645 334574 377165 413084 417223 538642 230333 411120
18673 218537 296685 300448 362960 387071 474169 516348 366943
204468 412241 356740
114319 198684 386738 392437 470404 304846
42420 256011 408401 462256 361541
73031 362086 462250 468090 486437 505163
19835 41045 104898 110488 116452 159145 186229 219498 278766 296598 324908 347653 353224 407840 425169 439845 472922 507160 520774
14012 164042 190637 221367 323614 528646
29205 82225 84104 130124 256587 320826 344925 517445
413965 437905 462145
38037 409524 458245 507317
53535 154372 257881 301541 347443 427063 501488
2959 90731 145910 208358 225665
18471 40254 40507 67672 68880 94065 96164 100833 110311 110323 118002 118660 121312 132318 147145 149965 158454 159005 194464 198299 201370 205588 233409 246158 265279 275335 277193 283768 289737 297774 303877 304953 337328 339366 340566 357876 362293 363607 364596 369653 369656 371021 378535 386144 399588 405799 418732 422962 462518 465830 473137 485445 504760 507999 508430 521948 526677 539010 546837
434 7100 15700 22475 32499 40152 41520 61879 86724 143401 148912 149899 150252 170956 191182 192770 198344 214614 214723 216117 219206 239063 239486 246371 247814 263674 282086 289413 334036 340967 349469 358286 360544 369105 386341 390209 392306 402463 406077 406340 409978 422178 423097 424320 427829 437613 450768 452412 460214 461666 475716 486011 514188
175831 270174 270293 471355 471370 471375 471377 471380
27423 47053 47098 71686 71689 140141 157669 192596 214161 215022 247845 253721 276474 278502 285273 338869 346469 387683 387928 392657 405849 445736 469656 469658 483307 495189 522171 542307 542308 542408 543045 543253 543652 543679 543680 543839
14073 44908 58975 58977 69337 81228 106100 113840 121514 150736 204991 211717 237111 255202 262774 276695 285798 289285 313954 326988 339225 352552 371573 396697 428546 430767 463576 465629 511063 519126 525489 525490
12645 12646 12647 12648 15449 83324 83334 107093 108776 151266 151269 194845 231917 265276 321908 326932 371827 372232 424839 520666 534920 538450
29759 39537 39538 39539 39540 39542 151456 151748 151751 176604 257397 536741 536742 542826 543731 543762 133617
5238 25749 121270 168715 168720 182430 193790 205319 228831 229510 254263 261558 317603 320128 406305 406909 412670 445716 471009 494860 539125 3833 6579 23465 26373 28053 33812 49761 56052 71736 73400 74439 76881 98269 99373 101019 105619 107972 122915 127345 131182 131211 188073 189959 195210 215955 217230 223061 311872 333916 335763 343242 349055 396649 403255 420427 432937 434966 452884 472722 494481 504305 519013 536830 19341 23890 23916 47744 55043 61178 65008 66096 67395 91592 103544 114473 120380 131093 135702 139089 141711 142427 156691 162652 163920 181953 189013 200271 210992 212553 215914 220330 234271 235970 250182 279216 327890 358034 363926 367285 368176 373188 389871 397590 421557 423859 426269 433843 444750 445441 475581 515659 522750 544898 38444 306781 382724 517224 184458 228537 381003 511237 451671 53117 203903 328468
359086 401165 401170
75183 155666 272830 335473 530008 79348 300830 313309 314477 366327 541715
1639 94267 96981 142820 199217 224937 260638 512204 544934 547527 548255
12303 27620 53701 86141 208422 351254 355291 383645
924 2154 7717 10821 28941 30018 35504 46696 48189 54375 58441 66628 67982 99219 102502 117907 156784 158013 198477 201146 219381 223290 272414 277374 278958 286679 298089 309230 310994 311140 330712 331516 344648 355273 369723 369741 376306 379961 397001 398638 414973 473965 474764 489111 496449 498378 509500 238220 331020 181932 320334 185616
24458 24462 261193 336745
221362 336486
10597 240442 327664 399829 496047 531694
13343 350390
92185 111312 185837 188895 200591 208936 247407 265543 271882 331338 379522 517885 531049 166893 222530
13316 43038 48207 63557 72771 83887 140434 265608 304374 329339 346289 358439 370367 418122 454959 477225 529494 354442 182274 228620
70878 169175 194234 206785 221525 239740 241200 433880 464218 476921 501773 526687
4109 70601 216089 338212 350856 426263
14948 32065 42826 63151 68116 73128 87891 93317 129997 134663 156457 159988 193110 194944 197841 199507 206283 233996 247651 260469 276007 284796 299112 321831 326225 353013 371067 380776 399039 410759 416423 422155 446503 452082 465402 495357 497384 501277 510562 512468 518125 518984 540659 540861 7219 204899
136446 288831 346486 397143 444825 474594 498843 527558
97561 114732 150327 185709 332264 446008 446010 446011 453018
62919 111580 212352 248013 335458 396966
152840 161205 171167 299566 381447 505203
37848 107400 215330 323988 539229
116690 247247 328962 433697 482834
6984 145595 152968 367669 531166 333031
40110 89049 111754 218900 239826 373969 446572 461015
263317 2486 30398 33251 43379 52500 59285 64879 67572 70522 75780 77701 84839 92472 93356 95427 104553 120615 127199 141618 149809 151849 152407 154509 182201 182923 186022 202986 204966 205838 208714 217871 221281 225233 229209 230262 246180 252719 261562 263093 272957 273775 275237 276567 277024 277617 287582 289953 298254 301761 309411 313307 314250 314719 318212 318538 329078 330328 335183 345901 377247 383087 390680 401268 401798 409356 416162 419862 423864 429708 433190 434830 443332 458993 496201 502212 504199 512729 522378 527792 535477 541122 541690 543516 80756 278 4328 12959 18041 21786 29354 30093 30688 30962 35067 35308 38671 42473 45362 45561 46508 49424 51902 52511 52785 59532 59613 59912 60211 60627 71187 74895 79870 83510 83906 84285 84693 85871 96125 98199 99026 104481 108259 108892 109222 110453 112056 115533 116096 119359 122517 123159 123681 123953 137050 138024 141635 145797 153979 154202 166566 172218 176184 179698 181025 181492 182435 185822 186386 186575 186827 190765 193240 196008 197919 198973 199759 203272 204126 205676 209480 211967 216422 217346 219603 222414 226541 230788 231620 236947 244578 250046 252125 258382 265066 268123 272735 273209 277713 279830 280255 285669 293587 294393 295177 296111 304727 310236 310851 313006 317146 317367 321619 325052 326211 326849 326874 334788 340331 346322 361524 365309 365354 366654 370416 370979 371029 373756 373799 374874 379102 383731 384330 385399 392463 393031 394703 394886 396502 399572 401449 402379 403034 404948 414657 417198 423306 426835 427507 428993 430314 432229 435398 440745 440989 446298 447224 448214 449985 451488 451931 460073 462210 470004 470620 473001 475666 476448 478676 482986 484561 485080 489905 491667 495476 497867 500473 503684 504412 504784 511278 511689 518306 519686 521655 523046 530647 536482 539292
5465 317640
21262 53638 57369 66395 76927 77064 81327 112595 140717 171830 175149 177452 195822 216818 293214 297837 316428 334722 369567 391404 439992 452553 467578 500843 514134
120070 444034
314443 353272 479970
13436 205388
294612 314239 403288 403291 477527 540506
63572 249599 270238 436830
73329 98270 118840 235847 284992 372995
88809 182037 456555
110413 463766
118476 184590 185177
187138 238935 241623 336468 362231 426133 120488 179726 226709 468205 484171
82245 256513 256515
192636 397137
208154 208741 210255 524274
275375 394915
73912 73929 73933 73934 73938 152543 153391 220460 274305 283470 394046 428193 428498 445204 469094 469095 469135 469140 478116 489415 489424 493980 536410 13905 439554 322297 446022 32446 73927 74795 162362 376511 453478 485510
50957 253794 286274 376122 496093 142680 325101 351669 459635 465905 476197 505195
123654 477606 481910
149339 233610 330933 334880 373181 376748 460712 522043 42046
268964 520163
75789 353622 353624
136748 178971 370178 386623 495490
22116 269590 343987
94213 110062 178554 220205 250261 269199 322607 353310 370860 448868 472803 383361
112925 137052 255701 342541 437244
140510 295308 374862
22190 55057 62762 100606 101145 104766 104768 104770 104778 119023 119025 175382 202441 289740 289742 289743 289746 289751 289753 289754 289755 289756 289760 411902 441676 485327 524040 193320 193323 354662 110393
11963 57073 91212 194821 239536 273700 285513 305014 307290 319526 332498 362096 392146 415432 448464 483965 515129
32975 38714 175966 257175 267496 326382 336242 346393 405645 477297 522364 18722
24556 72977 160597 342426 343259 524098
47117 71691 94320 96612 99883 145706 187493 199701 209501 234500 312334 360517 362851 373067 400235 438664
521 70004 127332 148870 169697 173687 174097 210373 233313 235362 292843 330506 356349 401127 404185 513756
29564 152299 205580 229792 244404 254505 254507 254551 324623 441667 479346
12062 265611 29584
315279 339336 363574
951 200511 414227 414228 445494
111722 122613 122622 138325 147105 181666 223046 249702 362176
90938 214452 244240 246173 336770 391524 537816
125167 202927
34895 38265 116969 343306 347716 355378 366824 443731
75731 262777 490580 33310
166202 382445 386562 406338 457915 467177
196132 196135 491949 47403
14011 19088 65997 107706 107709 107716 107776 122553 135151 135539 196367 211235 226384 234872 243825 285418 311950 312017 324629 342254 456222 521994
36956 354618 377661
354352 387855 402261 402264 402267 426231 434494 510899 84727 121208 143359 168278 168280 379539 379541 379547 379549 540100
3883 30039 134175 141436 197127 201731 319970 340397 510393 541139
11818 96868 425125
38926 161318 172595 308654 315446 376908 430858 517813 531212
22010 36737 49003 84346 128696 131492 133735 170339 200204 216324 236756 249476 258182 269999 322841 352591 362704 371095 395017 396491 433538 442618 448603 476581 374480 492500 1797 26829 311817
44613 73937 98804 98855 99173 235901 301581 320317 445195 543522
89730 122147 282768 415037 247239
207944 207946 234920 303698 383708 399461 530882
14305 409927
308767 308768 308769 380019
43424 130445 199656 354269 1200 51113 80433 87071 89970 142400 152589 164387 167882 189124 226140 256580 279755 317090 330293 342871 354088 354565 423673 463745 474381 531792
100582 129861 144441 250015 294760 316076 330976 366337
45287 192266 252021 337084
55714 457372 126810
12346 98663 180078 373724 429812 538597
105664 199086 199088 281568 394449
443 19197 65886 70513 86888 104176 105204 128705 139840 161232 165430 185636 195461 200228 216567 219107 227700 278001 302507 312166 318376 355253 360679 410980 457300 475488 487943 489751 508801 520753 521872 523591 524008 533027 7099
18479 52787 102292 126974 298838 387411 389114
1163 15433 36150 134714 184634 247771 263773 280696 345468 406080 482044
227369 286151
5346 189670 278338 364114 364115 403121 497155 499045 518044
293948 446392 508971 176776
27959 82924
5138 75941 275015 505734
78242 389396
92025 168180 484280 511844
320365 365096
100695 109591 110816 402779 402784 490295
385314 410603 181409
117816 296327 457642
224420 320163 338515
48394 537472
6988 11264 78474 209331 354506 396743 476077 476092 500905 500917
162905 182183 253596 268719 449139 487654 487656
102760 152006
221789 433711 437733
72226 175144 185626 233084 246160 268827 295134 337917 411027 440817
16253 27877 50037 54603 59216 74703 77068 99160 124223 132771 139847 144958 148960 152594 157592 206281 232354 247826 256182 258456 264303 295343 312581 326337 327789 330122 332507 336537 344721 348809 351039 351604 375640 380681 399606 404609 407423 411667 435530 452442 460548 482957 520459 521818 523270 529142 531808 533939 3365 60613 90677 97698 108640 110029 134894 176119 190418 222033 246286 251915 294519 331590 369501 392075 393447 459834 479755 491069 493057 505904 526090 160435 72965 510013 521011 522261 330216 187171 232913 95308 519036 180583 118408 164668 310594 131061 290324
131944
210605 210607 268119 486979
52939 279190 426017 498679
93256 93274 93403 155211 356429 356430 356435 366722 380434 384210 428268 529126
3841 353325 377372 377380 97893 148445
62554 144469 445322 507060 507063 429844 260897
172062 227921 285524 330175 468293
1164 7775 10872 12275 18396 21859 22108 22750 33972 40150 40368 41947 44417 46734 49011 49251 49404 52705 53201 58209 62816 75422 76174 78548 83365 84360 95124 96246 98598 100800 102786 103920 107337 116893 118972 123137 126263 126867 128604 135305 143180 147613 151478 153222 154922 154972 167320 169941 176655 181589 188168 193701 193968 199136 210491 210965 212190 215982 221015 232111 240177 240649 241902 245981 250555 251857 269278 286552 288210 290254 298981 312191 318316 337899 344787 355126 362412 364079 364368 386317 389994 395337 403712 407916 407983 408514 415696 415813 426901 432507 432520 439603 443438 462564 464824 466954 475193 480112 480777 489123 493163 493231 493702 493977 501189 505072 507622 511805 513605 515541 517097 522764 524164 531157 531766 531905 537583 538291 544328 544343 547472 505586
5208 50077 76957 99684 117261 126278 162503 180614 187418 201745 219094 222799 252836 310403 324951 328880 334802 343412 386468 396443 399903 410172 420903 434233 436556 446004 454321 458374 462544 464994 469968 489414 167382 390464 25930 362616 223919 338450 440723
5747 7083 26901 87846 104062 143271 146623 181922 239992 278593 390656 503505
457072 457085
213828 455453
51369 56285 85822 112416 119568 151659 177145 178246 260312 274433 274440 290612 290613 302808 310160 377022 401230 450130
57365 274517 293647 293659 293662
532011
2721 172871 189129 211198 211918 236093 260883 387809 452472
10149 30877 56711 112428 123304 171678 271402 286245 313181 385197 481100 483774 535197 144320 161645 168016 208800 216460 233811 258579 324386 409816 462355 486553 413498
50647 338877 357762
58392 387080 408944
227999 416394
9372 9382 29929 29932 29933 164480
436832 436873 509314 509537
289084
249827 251872 436129
99360 253776 272131 365606 393022 393326 438945 459852 487879 515854 519117 537610
133283 221229 284087 294372 437004 437009 437010 60508
138407 316720 441613
44628 84532 96511 169922 181142 224444 236237 273391 285348 339497 363723 394650 408706 439165 467157 483628 491454 230093
107680 119170 216471 270034 294506 487945 494471 505411 524009
31305 60344 99127 252569 269909 312454 393892 437003 438455
490377 535855 288072
18326 27384 70301 126054 128420 142745 154741 198600 236452 284448 294605 421796 421837 421843 421853 421854 421856 456294 484442 534825
46901 65002 148286 201129 203622 260126 294724 315974 361607 374151 441057 445680 478857 484183 485621 262320
31838 83592 100652 109663 166158 166162 166225 321740 352955 400798 424637 532258
135954 160749 289020 317290 522414 530719
8285 80361 336577 346464 430590 520037
688 15749 17934 19252 81909 116912 122874 127128 135006 144083 145886 162598 166494 169466 170410 201679 203632 217427 232501 241305 247096 265874 290331 294162 302782 305636 306218 355903 388799 408181 414051 416089 443830 464056 506695 512458 517843 527583 534307 548285 46650 84370 173625 119385 71210 301622 144017 331650 74494
13933 30971 34580 41775 58875 105780 139315 148899 219802 231618 329970 335883 422134 507204 508883 516740 521453 530613 539201 22157 251787
62960 120296 122211 163023 404494
33492 65243 65513 141157 258162 292574 346811 406477 430451 495620 521772 33345 316409
6224 6664 22968 54773 63856 100755 102969 120984 154218 155754 160996 244526 287618 316855 339744 339755 349850 350200 353156 382934 402866 483719 489148 495858 508515 519067 521609 526783
218100 292127 301237 333442 450744 522957 533302
73891 110743 128583 188720 300598 324597 335299 370973 442446 444336
1547 45292 45295 60658 103118 104712 141007 263181 326464 334974 351390 484333 504033 528285 536934 174485 195684 199616 448031 494565
9453 51371 51382 213650 322048 432282 482370
526469 521506
34799 34802 58848 345624 516523 520546
13635 60236 312520 407374 473351 502353 520897
279387 303927 98075
113592 127960 377832 456621
198903 204686 445938 511792 526129
179558 258340 258343 421693 421694 421692
14599 32239 73054 101295 113773 171491 200196 227747 243469 337503 387972 404752 443897 459971 492349 497338 361091
133087 296346
26714 36062 103651 465335 478810 507789
315316
4624 214232 516499
206842 541656
33374 119112 349932
77823 232310 334840 334845 334846 340946 381994 393657 394247 394281 394286 394287 394851 406835
34532 57289 83996 124086 157352 223296 239501 239502 239504 269138 277283 294717 311956 353763 353767 353768 358579 368291 393680 429215 434163 448930 467710
117069 223212
57920 148142 253872 265064 409766
422 170849 451122 535138
33371 69413 290786 433897 444567 393076 444566
7557 33603 75311 85219 92811 96207 117368 142827 162776 206674 280523 290394 308901 343097 366745 414409 422934 426267 515051 518671
325045 325048 328245 369720 373310 421283 502726
411330 419262 435347
26060 50406 138750 198685 223945 228712 271485 381732 471563 475333 496411 512678 522910 524028 528972 531578
298877 476153 476156
74447 134809 220435 255330 278871 305037 352208 410632 416374
16644 21173 196875 243839 315660 323571 383820 455142
174240 275479 410489 510102 172861
36169 48825 188821 213609 260559 402729 424292 493529 128999 221577 345163 456085 522815 523198 13169 221585
32514 107918 131925 178224 326818 392394 415761
48933 98546 134759 142299 143575 164231 189331 215588 305173 306231 370940 420948 432354 465092 208995 324827
77453 205276
68582 337833
60593 209590 503639
87769 118077 122815 167100 210348 214773 274196 340409 412316 445673 478705
162879 356980 417575 514967 540054
48712 472423 500803
64191 222382 464708 517861
20888 20903 123508 298519 301487
113217 351760
272379 524965 530490
97106 491342
195027 233306 246031 362905
257413 413700 528782
7834 29820 119727 163070 300747 532451
363229 463386 487583
6688 18059 36712 73833 80778 104911 112494 132794 133831 145503 158753 174472 201407 219575 255586 259625 276958 281468 285560 292405 331825 336749 376852 411592 416431 424508 425287 430888 432003 452257 466842 467133 511848 538944 56222 111606 307520 539854 49082 292797 316846 517285
19097 74921 121995 142454 164009 222671 244035 255990 296533 427927 479281 200738 496930
141160 166105 213112 484517
141379 160702 166344 236473 327998 332673
21053 78534 95177 109927 155380 237103 263493 284695 348315 420886 466235 490239 509466
12086 112046
124773 222735 365448 489152
159172 462347 474241
89572 434497 452209 464555
85206 177301 432414 538158 54424
12902 25476 25478 81346 103249 221601 221609 223808 247642 258835 261988 319151 335964 344218 383707 408412 441718 458212 468887 496832 526824 536622 538751 538752 138993 172808 442764 383716 134195 310323
27545 98669 122050 206352 233151 233154 233198 243505 267607 304476 312464 322390 346525 346528 346529 354098 397745
122823 132408 156043 181326 476911 500110 516511 540214
20879 194100 322414 346530 372634 372637 521731 21020
223157 373568 397512 421220 448241
26567 138036 162823 169502 209923 530596
140741 273675 305809 336994
116407 438364
15010 35072 341185 348996 394023
155697 199787 493941
1822 4645 7001 17716 29516 46774 47682 47750 51619 52944 73543 75510 83064 87508 90166 90546 93372 94201 103529 107221 110031 111430 116789 121895 125772 141236 143470 143980 150139 151205 157048 159553 164421 173327 178341 183478 184995 185045 186598 190384 192540 193112 197286 199857 202049 214048 214971 218002 218826 220496 232138 235790 243709 250774 254853 257338 269544 283617 285611 285967 291289 297914 300365 303420 311029 315058 316269 317370 321713 326307 333346 334633 336115 348376 350190 351105 354879 356552 357034 357757 360852 363412 366509 366691 367642 371490 372898 375374 376886 381792 384707 386841 400446 401615 407566 409840 410605 418859 425538 437872 439577 446414 456757 463662 469419 472011 472190 490624 490853 494409 501167 501544 516259 526811 527570 528346 531024 541918 543550 544242
122814 170619 249819 426274 515081 9477 17400 49986 61025 66324 74491 82276 91487 97983 106873 119952 120511 120721 143750 148545 165323 166089 169637 177767 182173 185964 195109 197935 209840 216658 232429 242337 243136 249536 257304 257520 257906 262051 264490 266865 270337 270721 275325 276496 278127 280033 298491 313625 315789 322361 340503 342923 347869 352727 356114 367135 367905 376753 382672 383714 387589 395015 398530 403457 414963 415603 438812 443480 446885 450302 481362 485236 511033 511383 520757 522605 529014 533768 541063 542594 82113 133754 135693 265293 382057
52159 63198 91552 104469 105844 188510 221011 232218 241413 248243 254714 298405 378932 395878 412947 417079 440889 462537
123128 447338
54336 86735 95225 352183 513572
89452 187217 247072 290671 353824 378983 386403 470382 472716
282543 356426 356431 356447 382035 405911
39366 160441 168827 209002 505531
182679 215409 109175
69805 81384
24076 38185 44867 69456 89973 91601 95977 105027 108628 116177 120959 151259 154244 168624 193691 203972 208626 233933 297278 336083 454029 514297 528522 535600 543534 517019 446826 272795 104372
49820 111022 124602 128633 165511 186703 203827 217231 236861 361112 371295 376053 415235 427438 486082 518426 528254
65047 546586
18103 34108 51103 93112 154817 183514 202852 240693 274819 289263 382571 418808 438438 457208 481287 506211 514958
56270 110150 110152 110166 150023 270055 361613 361619 361626 385426 385436 385494 385496 385427 29849
3552 7580 22749 121135 128737 178064 188787 282366 282645 287651 291810 352793 447790 539542
47347 53681 230120 282318
108179 515083
132912 204315 394557
7531 37268 60979 88632 106415 146668 241954 246032 253204 303306 320470 332256 333279 344512 398287 464143 477136 506006 519914
14445 18504 86503 127075 127341 127388 129787 231715 278417 291894 309263 309414 328428 343680 364895 367850 369811 392363 411761 452947 458122 470372 486582 498224 501516 526689 533905 537097 471071
149474 230545 436264 467909 487083 506541
194702 445930 517962
80680 422374 450180 475986
38545 39526 101573 116460 131416 157852 161271 165194 169330 247343 247358 259168 260602 288273 290420 301152 368865 384854 420916 432610 480822 481044 495935 501622 502939 522641 523585 523792 540957
52577 120769 214106 242626 442789 442796 479816 486799
67330 357761 493703 497490
259399 349244 421963 499637
298731
10732 14315 50147 67649 142383 147778 165469 199231 230958 262023 280689 288316 394334 405948 429163 529054
75155 87113 87126 87127 87129 243105 276395 330371 362229
8826 47863 113270 214715 235278 250423 269766 333303 340053 350004 397977 436165 436170 436171 475168 540486
111650 224387 264562 290301 331618 355806 380405 444646 531144
264317 335958 424654 505880 529947 538821
36734 59130 293701 325434 530707
14979 170045 245730 496722 519269
7667 199697 226854 341839 144876
323531 323532 323534 460955
274146 422043 457203
208408 320944 369146 489640 537841 169642
4464 190377 193030 229447 379369 403309 422198 494068 511456 522935 7923 47375 50651 68214 72090 75316 93106 105321 142439 145710 145912 167436 196138 222381 224414 237499 249165 262203 271676 296406 297160 329897 335880 351614 353214 395631 399100 406877 423205 430505 446578 447126 454489 459882 467567 488489 490905 499869 534791
141471 269532
47669 249126 505654
21544 48549 135434 172825 172827 192962 331740 331741 331743 336383
96688 96689 169896 201408 284699 299640 379719 507385
337044 345433 161328
229556 342774 407638
159867 416387
279582 358797 470929
100920 170945 266632 311601 361337 367186 389896 405823 413692 461863 509960 210439 313239 361444 521270 317591 433118 487032 492193
32082 35642 163587 286958 437349
153672 493461
142773 186966 378063
169423 465191 528417
35213 42560
8466 180100 336130
34813 132051 241624 292183 329439 330260 388653
62352 111230 421254
54182 112408 135747 265240 340335 372431 446676 507743 530864
284931 364317 364353 388131 388132 388133 388134 397878
88664 92707 146527 380684 122021 147259 171677 183214 199855 232462 240874 248217 250953 277503 315368 322320 331184 358887 389997 392518 392680 410695 424074 437941 480619 504513 515526 518791 530846 2411 9649 10064 10384 13768 15289 17023 21628 29098 30597 37375 45782 50999 54949 58915 61963 69201 72043 72662 75366 79662 84708 88581 93401 100344 101280 101974 105539 110557 124196 125825 128438 135843 142595 145542 151824 152237 154141 160661 161912 164140 164812 165040 168149 169162 170940 178260 178529 180067 182543 186111 196737 204136 205597 206591 207828 208097 210341 211919 218533 223555 229451 239629 240213 242887 243864 250213 254038 264194 265316 270651 280180 282747 284484 285643 288779 295118 298214 299682 301756 302476 310707 312723 318944 323558 324619 324936 327139 328570 340570 343602 347666 347774 348664 350551 351020 351405 351827 352294 354111 364755 368631 371620 379439 381294 384688 390438 394879 397827 399824 407014 408212 412348 412976 415742 427671 428277 428543 434715 434917 436894 440729 440865 442025 447487 450500 453375 453437 458888 463500 466304 466832 471583 471620 472444 475566 478992 482373 482982 483647 485254 489239 490115 492555 494286 503909 505814 507975 508516 512055 516354 521723 524460 527680 529823 530304 536296 539156 539353 539578 540798 540836 543463 543565 33563 46279 46639 47912 95344 120579 127536 144321 148541 233761 256238 262114 272828 288862 290088 295664 296790 305053 306531 308531 312209 331170 338475 407401 411849 418521 441252 453326 505613 505914 518323 520574 527948 539948
32026 101413 170001 185169 231450 265216 386984 441937 523179 93020 156266 180908 387160 390045 395309 425633 437619 445783 460244 484370 491208 526859 533815 539236 172006 473103 11413 48464 76087 223117 268517 361208 425999
11312 94655 119215 139700 168868 169911 194584 230711 278973 285717 369456 375306 381571 393415 397353 517172 517456 527594 42482
89208 113863 138405 138406 148515 206475 209238 229807 284437 311830 420387 160397
45393 59578 288004 290031 436871 476189
33957 100071 221632 410532 434764
61195 81858 150077 183631 226183 306986 352756 366700 419305 508809
2991 8183 18668 121944 271884 347926 370447 488148
52092 94727 130724 196150 320332
95025 96570 122110 143298 145667 145796 173982 190037 220940 241881 245861 251270 276303 323234 323839 343273 388820 439926 491704 514938 520043 544881 17709 29420 31816 54426 54592 62052 68266 77207 89482 99737 110845 113814 148667 153667 154531 155547 183335 192753 237412 255998 266875 267488 282030 291353 302934 323681 327230 332625 334949 362794 385452 387927 399472 406316 421055 430917 447132 449271 470241 471504 478239 490663 492019 493688 513584 518779 522052 523122 526279 534183 543383
3542 14092 37532 38132 44688 45762 49333 54865 57325 59197 131921 154864 182834 186396 201209 202791 211693 224973 237080 241253 243277 256540 265901 267766 294696 301633 327394 339120 343092 382101 390087 394014 396290 413449 417568 421503 441494 442103 443954 448951 471555 489692 496695 504502 509123 509476 519862 520946 523360 533175 534674 547579 44312
13679 14299 30348 31488 34250 34937 47550 65296 72727 78028 83362 96479 97661 119495 122267 139317 141005 163486 164157 170387 177466 187476 199961 209080 213786 241304 290337 292080 297644 321742 360322 362275 371991 378689 396135 413248 435810 443747 475188 478514 503446 510530 521184 521217 530270 539784 544322 38822
7354 14088 34701 48881 67485 95456 116168 117507 123033 158156 165937 171152 198470 244847 269951 274645 284716 335564 342933 352223 359712 396939 420729 421169 424495 442249 476202 486744 497038 509718 544993 311323 331778 381847 28152 56570 433810 450417
5197 22780 35814 37101 56342 57060 75588 100623 129143 142229 176500 176695 181785 196910 245851 246767 284216 290968 308167 352799 352885 393110 398631 407895 415981 418918 455942 485935 486884 490231 509535 515422 541552 158208
8720 22915 47521 49211 78517 118030 286824 339296 480628 488277 496847 518489 21160 24168 45559 87059 150755 177644 180594 256695 260944 407999 414652 429148 447363 482118 486548 503978 508458 508576 515797 308545
45195 73766 149180 198392 423443 490796 609 9098 18066 48086 50303 74160 74997 117356 140352 145448 165212 182894 212800 231462 245990 448156 469283 534597 534904
5457 15489 27651 31953 60667 203359 270273 310937 316207 344438 354742 369475 373680 444683 496329 323165 24669 26602 69077 75123 224389 309081 311683 335655 377116 389413 450091
157161 193300 491479 158802
253947 469529 512330 515626 9668 38967 68765 69644 95845 162406 175766 179813 184412 222692 238822 288516 352628 368443 380516 395540 397776 438576 442479 320612
15147 61160 62574 114369 213775 263425 334441 335860 430087 433898 436388 444595 460609 472790 482336 484081 35815
35446 37555 109756 165812 290573 328028 331903 518053 519887 537844 542138
196547 208712 414323 465309 508745
60316 62937 246646 544163 545245 547205 547944 548137 546176 546178 547107 548142 545044
31150 31152 203415 241701 354193 364760 378207 402117 464252
55591 121097 169552 395215 428101 76293
101649 102034 102035 413287
141498 162722 287495
74066 175864 251123 275566 275571 275574 317208 351650 396430 459875
10180 103534 121764 150312 241811 323254 343878 382935 456320 469585 519455 406805 461234
22700 175581 198253 488040
68954 280691 365863 365867 375612 400343 407103 424491 449703
11392 47706 459582 525488
69001 146269 292617 358440 468203 539633 539640
118252 346420 355427 537376 299546
155316 441286
64741 155318 542528
13590 36516 91330 159178 304965 316081 346343 394010 398934 405832 422567 430891 445445
69314 94208 107729 463487
118454 205328 210580 303442 312313 373401
