146 837 2077 2085 2410 2698 3577
851 981 1035 1771 2755 2994 3377 3630 3768 3811 3966 4719
101 332 766 1320 1464 1732 1965 2089 3340 4585
200 1440 2098 3159 3595 3772 3943 3967 4250 5280 5361
209 926 1136 1433 1823 2613 2708 3516 4292 4682 4686
1418 1906 2312 3418 3427 4290 4780 5283
1635 2105 2652 2706 2714 2862
254 1063 2096 2236 2281 3145 3210 3634 4668 5116
496 506 549 790 963 1017 1073 1334 2425 2574 3309 3739 3759 4017 4172 4195 5044 5045
245 248 357 392 1736 1825 2609 2621 3093 4448
451 939 1427 1886 2244 2775 2989 3470 4380
119 1339 1451 2856 3301 3834 4043 4270
868 1025 1728 2427 2473 2496 2707 2861 3234 3460 3793 4212 4394 4472 4494 4517 4978 5141 5142 5334 5335
487 604 675 791 1481 1798 2949 3173 3615 4213 4430 4604 4841 4857
236 470 878 1050 1200 1452 1468 1548 1710 2573 2883 2937 2977 3499 4589 4810 4967 5150 5151
23 1901 2398 3108 3716 4110 4495 4621
527 598 930 1267 2130 2385 2628 2656 3620 3973 4141 4560 5273 5274
445 620 676 859 950 2701 2843 3285 3420 4246 4609 5214 5215
391 607 1058 1208 1905 2564 2610 3323 3930 4866 4882 5237 5238 5336 5337
472 505 642 1342 2705 3072 3231 3381 3680 3809 4818
651 664 776 1053 1392 1555 1863 2340 2941 3522 3561 4151 4754 5243 5244 5486 5487
176 369 1298 3353 3515 5470
490 628 762 1445 1932 2004 2590 2774 2777 2958 3535 3769 4010 4545
185 656 670 956 1551 1900 2133 2670 3030 3305 3606 4371 4769 5110 5111
499 1240 1849 3550 4636
1713 1876 1916 3443 3484 4683 4919 5011 5093 5357
226 927 946 976 2261 2703 3006 4228 4317 4339 4892 5330 5331
59 1552 2842 3673 3700 3758 5020
645 1056 1617 1899 1957 2129 2700 2857 3186 3819 4275 4955
32 906 1128 1328 1538 2588 2673 2956 3075 3111 3321 3981 4147 4325 4650 5298 5299
545 1214 1923 1936 2145 2976 4374 5091 5356
454 1001 1721 2110 2678 2827 2831 3165 3504 5479
140 449 1158 3892 4372 5043
113 1733 2007 2866 4097 4357 4541 4876
149 713 1493 1716 2776 2815 3034 3880 4148 4787 4825 4995
273 355 1019 1039 1622 2369 2420 2596 2662 3333 3405 3431 3438 3616 3737 4335 4393 4417 4860
367 1057 1444 1988 3126 3698 4987 5178 5435
35 663 932 1630 2623 2645 3556 3672 4025 4328 4579 4940
650 1012 1169 1629 2155 2179 3366 3633 4598 4709 5355 5422 5423
182 349
44 1891 1954 3175 3683 4734 5208
430 594 644 730 781 1021 1316 1394 1569 1642 2321 2611 3099 3151 3820 4036 4286 4309 4492 4501 4533 4638 4832 5198 5199
26 1986 2412 2981 3485 4705
125 253 285 514 949 1314 2847 3380 4045 5147
1442 1865 2046 2801 2818 2952 3236 4401 4505 4960 5424
340 526 593 711 1380 2062 2421 2886 3442 3618 3954 4185 4504
205 421 1110 1372 1384 1681 3225 3480 3870 4120 4140 4651 5209 5210
869 1667 2290 2442 2999 3101 3249 4084 4320 4377 4750
89 555 719 821 2439 2510 2563 2895 3100 3439 3441 3489 3859 4439
286 1217 1502 1618 1966 2104 2492 2519 3106 3825 3976 4194 4486
295 360 2760 2781 3160 3331 5164
116 690 1359 1877 2359 2444 2618 3732 3917 4843 5008
439 617 977 2253 2758 2764 3983 4822
412 1652 1717 1767 2234 2625 2967 3448 4319 4498 4669
71 191 221 538 732 2393 3036 3071 4554 4698 5067
107 657 715 1282 1656 2721 2833 3375 4072 4249 5107
313 953 1523 2990 3313 3649 4166 4901 5260 5348
385 665 740 1141 1145 1731 1951 2666 2903 3290 3306 3471 3667 4586 4592
307 1210 2419 3655 4619 4663 4775 4918 4973 5323
66 74 659 777 1225 1435 2069 2497 2743 3077 3240 3607 3703 4131 4337 4446 4466 4738
397 970 1866 2527 3374
29 1143 1974 2478 2517 2684 3734 4308 4341 5278
343 550 677 1167 1544 1711 2059 2173 2485 2824 2975 3279 3611 3913 4207 4214 4770 5324 5325
213 297 379 1274 1455 1511 1612 2008 3041 3397 5096
352 437 535 587 2935
619 1251 2640 2997 3692 4615 5195
801 1193 1478 1503 1778 1870 2437 3329 3371 3982 4534 4646 5005 5006 5350 5351
679 1297 2316 2540 2846 2877 3205 3241 4168 4691 4938
325 1032 1238 1567 1668 1826 1857 1874 2433 2619 2957 2968 3513 3679 3836 3962 4155 4805
502 798 1030 1326 4670 4853
316 727 1089 1201 2058 2572 3501 3707 5057
65 1013 1126 1260 1632 2045 2117 3490 3596 3908 4635 4725 4890 5112 5113
271 592 1174 1188 1405 1662 2702 3346 3541 3757 4126 4887 4990 5089 5090 5352 5353
5 522 896 1051 1350 1563 1663 1703 2296 2469 2659 2754 2919 2978 3164 3182 3303 3317 3326 4346 4745 4958 5188 5189 5190
301 509 515 899 903 961 1172 1299 1379 1383 1416 1723 2157 2278 2423 2566 3107 3132 3699 4057 4362 4731 4797
175 1103 1113 1421 1657 1739 1788 1828 1838 2023 2548 2561 2805 3678 3761 3770 3849 3858 4047 4830 5276 5277 5427 5428 5429
256 610 1508 1532 2579 4018
337 1535 2228 2688 3015 3488 3953 5449
283 2537 2841 2973 4029 4703 4757 5139 5483
166 1862 2457 2720 3705 4027 4242 4760 4925
511 561 662 1016 2099 2634 3517 3571 4296
1079 1308 1375 1806 2546 2734 3802 4066 4284
739 929 3497 4836
16 167 229 482 580 840 1286 1382 1650 2464 3062 3262 3563 3938 4829 4983
202 1775 2293 3163 3412 4007 4946 5262
238 1186 2934 3619 3624 3731 3951 4511 4627 4702 5472
772 811 1153 1830 2034 2221 2518 2587 2992 3014 3083 3103 3422 4050 4127 4744 4880 5307 5308
277 861 1078 2472 2569
483 902 1185 1280 1506 1623 1953 2092 2534 2614 3478 3486 3743 4405
641 1005 1042 1246 1429 1654 2039 3117 3136 4474 5344 5345
250 544 591 1011 1704 2292 5127
55 232 3671 4059 4665
133 810 1052 2578 2840 3105 3300 3496 3681 4766 5235 5236
1175 2204 2567 4716 4742
214 758 1038 1190 2190 2219 2417 2725 3042 3152 3284 3350 3670 3719 4718 4895
652 1147 3220 3458 3558 3888 4536 4708 5421
2383 4701 5454
178 637 897 2816 4556 4628 4839 5076 5489
792 2056 2252 2322 4282 4673
967 1619 2681
196 686 900 1100 1292 1659 1674 2064 2159 2382 2604 3295 3363 3519 3727 3999 4087 4664 4827 5289 5290
241 839 867 881 1176 1271 1336 1804 1992 2345 2789 2820 2830 3444 3474 3992 4074 5268 5269
441 710 901 1068 1449 2103 3065 3157 3949 4463 5160 5161 5252 5253
84 181 873 1907 2286 4121 4804 4911 4969
172 429 661 898 1335 1516 1903 2414 2560 3359 3394 4114 4423 5402 5403
345 387 3430 3905 4727 5446
459 936 1648 1854 3357 3704 3961 4254 4305 4452 5065 5066
468 756 1390 1425 2305 2617 4012 4247 4480
136 983 1023 2030 2194 2275 2400 2446 2598 2639 2894 3183 3912 4060 4075 4156 5165 5166
199 829 1912 2066 2213 3018 3602 3765 4433 4801 5222 5223
414 512 1885 2255 3122 3557 4201 4225 4269
100 709 806 1602 2306 2522 3064 3131 3724 4790
1317 2230 2319 3467 3658 3661 3887 4363 4965
396 3048 3196 3415 4459 4538 4577 5225
820 2495 2900 3197 4301 4814 5191 5370
145 1338 1498 2713 2751 3349 3609 3777 4264 4432
784 860 1182 1776 1964 2407 2591 2608 2931 3012 4612 4657
685 1066 1991 3287 3509
3032 3051 3691 5162
408 705 734 1132 1304 1605 1814 2172 2250 2932 3750 3865 4009 4116 4479 4982 5082
139 2545 3174 4485 4540 5340
194 723 1325 1537 1772 1868 3952 4058 4458 4834 5230
49 1234 1770 2199 2354 3362 4096 4119 4233 5167 5419
130 298 1048 1457 3436 4183 4263
257 1219 2248 2372 4593 4765
1367 2040 2151 2367 2890 3963 4088 4107
658 1939 3004
148 1363 1400 1611 1774 2012 2538 3144 3294 3395 3446 4293 4942
395 462 1120 2858 4052
189 363 2636 2796 3749 4379
378 417 830 2000 2298 2364 2377 4080 4211 4823 5261
103 134 1751 2697 3330 3823 4144 5056 5221
76 314 1685 1929 2470 2543 3827 4624 5367
112 647 755 1255 1289 1331 1357 1700 1835 2494 2689 2741 2813 3291 4109 4143
682 775 1541 1871 1949 2358 2668 4039 4516 5387
94 318 857 1355 3591 4258 4694
1069 1082 1092 2351 2672 3286 3896 4026 4082 4179 4267 4453 4957 5316 5317
1106 1319 1694 1708 1822 1893 2161 2355 2674 2739 3455 3495 3862 3926 4512 5284 5285 5436 5437
97 1924 2084 2200 3974 5073
312 540 574 694 1004 2448 2963 3097 3955 4073 4355 4543 5396 5397
7 546 553 1486 1624 2231 2440 3148 4203 4240
348 578 631 1184 1686 1894 1963 2163 2405 2503 2676 2686 2737 2780 3238 3432 3498 3878 3945 4199 4391
79 570 725 1365 1697 1707 1742 1805 2984 3457 3475 3578 3852 3939 4236 4313 4415 4600 4666 5031 5032
88 2016 2889 3751 4186 4784 5394
375 737 1162 1800 1812 2710 2993 3463 3828 4620 4923 5404 5405
411 558 938 1102 1151 1242 1484 1540 1702 1794 1802 2061 2490 2888 3401 3523 3924 3927 4580 4962
70 323 666 1037 1189 1192 1313 1664 2088 2507 2549 3022 3191 3255 3391 3921 4138 4399 4531 4603 4974
384 590 911 979 1287 1559 1843 1945 2086 2095 2724 2744 2863 2891 3665 4260 5212 5213
52 368 1467 1875 2246 2811 3783 4652 5163 5258
244 276 1250 1415 1497 1614 1779 1834 2123 2329 3267 4367 4369 4578
267 1465 1855 1918 2718 2874 4431 4795 4800 4908 5186
785 1087 1123 1434 1501 1757 2692 2729 2837 3361 3600 3842 4090 4576 4848 4917 5158 5159
25 2389 2589 3733 4567 4968
290 366 815 1138 2429 4382 5343
61 749 1222 1256 1729 1867 1897 1972 1998 2226 3787 3977 4653 4714 5058 5059
306 649 707 2352 4023 5362
180 519 688 1735 2695 4251
1 3025 3866 5149
47 207 274 2126 3779 4208 4998
216 639 779 847 1097 1441 1487 1745 2552 2616 2633 3016 3074 3162 3958 4178 4198 4299 4413 4778 4959 5154 5155 5156
2224 2521 2918 3035 3636 4035 4289 4333 4338 4404
1043 1514 2336 2749 4471 4491 4655 4915 5259 5347
270 551 1856 2029 2041 2067 2675 3130 3272 3482 5018
252 4976
1930 2334 2962 3527 3651 4053 4689
234 843 2097 2267 2512 3217 4403 4648 4711
261 1431 2505 3575 5251 5417
315 1122 1557 1836 1858 2237 2848 3572 4953
174 243 1633 1753 2090 2869 3877 4175 4447 5118 5311
183 701 1290 1821 2071 2357 2424 3085 3674 3788 4807
1300 2027 2658 2757 3841 4243
461 1083 1324 2235 4139 4280 4993
129 905 910 1160 1737 2022 2197 2696 2765 3800 3894 4497 4696 5314 5315 5388 5389
230 291 622 1768 2606 2650 3837 5206 5304
1206 1571 1580 1660 1981 2268 2363 2558 2864 3259 4205 4332 4435 5245 5246
201 602 672 778 877 978 1014 1311 1403 1647 1661 1715 2124 2189 2761 2832 2885 3258 3316 3396 3832 3935 4524 4671 5391 5392 5393
517 689 748 816 990 1007 1061 1196 1417 1811 1851 1987 2465 2533 3177 3400 3481 3932 4277 4510 4606 4644
186 742 924 3127 3293 3352 3514 3706 3799 4015 4063 4261 4625 5114 5115
943 2239 2376 2763 4386 4437
501 1114 1610 1673 2165 2247 2943 2986 3208 3502 3644 3794 3898 4641 4672 5123 5124
168 1044 1125 1391 1556 2178 3187 3192 3586 3746 3813 4302 4347 4490
335 464 3622
150 761 933 2180 3098 5119
473 559 975 1203 1430 1917 2072 2192 2362 2823 2826 3049 3058 3206 3437 3897
159 1507 1892 3342 3538 3701 4220 4285
80 132 567 629 825 1397 2603 3625 3796 3911 4037 4089 5462 5463
446 916 1554 2205 2766 3310 4011 5072
6 419 1432 2010 3784 4101 4679
401 428 1587 2361 3139 3461 3553 3614 3867 4633 5047
114 852 1407 1447 1839 2449 2599 3685 4590 4820 4904 5358 5359
78 120 648 1322 1726 1777 2300 2430 2745 3526 4102
491 2450 2690 3224 3648 4021
404 1706 1819 2214 2516 4274 4551 4645
90 1348 3838 4793
219 386 913 1085 1117 1140 1607 2128 3078 3762
341 965 1536 1722 1829 3491 4476 4562 5194
793 972 1040 1782 1947 2331 2391 2991
513 530 700 893 1026 1181 1990 2191 3998 4122 4899 5061 5062 5407 5408
485 1245 1845 3308 3741 4616 5385
634 842 1059 1666 1748 2644 3816 4008 4979
611 733 964 1262 1406 2065 5019
153 227 1634 2080 2778 3907 4180
126 1368 1762 2793 3416 3863 4158 4215 4257 4324 4528
162 819 1285 1291 1346 1553 1758 1919 3167 3180 3980 3996 4840 4910
359 1977 3020 3726 4900
27 907 1676 2653 2944 3334 3426 3847 3923 4441 4699 4746 4806 5312 5313 5468 5469
646 1490 2177 2953 3419 5279 5360
440 808 828 1047 1165 2280 3185 3710 3806 3824 4231 4613
771 846 1799 1847 1896 2015 3805 4776
9 746 1997 2141 4226 4353 4733 5480
780 813 885 1028 1351 1459 1592 1882 2304 2395 2401 2759 3037 3398 3782 4064 4125 4375 4547 4558 4568 4676 4767 5038 5039 5040 5104 5105 5106
48 695 703 1976 2144 2342 2347 3697 3893 4493 4574 4634 5309 5310
57 678 1000 1581 1689 1693 1820 2483 2661 3019 3228 3297 3302 3408 3511 3936 4206 4398 4824
1303 1420 2050 2122 2168 2241 2453 2600 3322 4288
109 135 272 573 824 1993 2324
344 935 2093 2836 2912 3585 5295
3 327 534 955 2456 3094 3414 3506 4014 4410 5418
12 764 1332 1639 2585 4227 4792 5168
635 1961 2303 3428 3709 4907 5102
102 516 858 969 1565 1760 1852 2301 2330 2488 2916 3013 3854 3941 4181
299 564 623 1818 2581 2601 2938 3627 3846 4173 4999 5000 5001
853 1640 2074 2162 3092 3736 4112 4468 4954 5074 5148 5240 5241
115 308 1366 1970 2047 2125 4640 5420
30 2747 5002
39 2225 3505 3808 4070 4409 4488
111 471 589 2687 3773 3956 4051 4056 4252 4469 5086
398 1515 1824 2131 2399 3500 3546 3855 4033 5063
407 537 958 1216 1971 2332 2509 2553 3003 3576 3723 4856 5028 5029
15 1177 1310 1531 1844 1887 2076 3347 3645 5143
329 356 1690 3211 3555
865 1621 2489 2926 3204 3997 4791
338 1278 1450 1884 2146 3345 3792 3968 4388 5192 5455
247 347 2371 2555 3129 3534 5338 5416
374 518 1361 1914 1978 2403 3406 3738 3798 4123 4343 4771 4975 5456 5457
51 1116 2486 2871 3421 3986 4016
302 773 1154 1370 4163 4487 4618
3069 4164 4354 4525 5371
203 850 1590 2215 2441 3133
282 284 1545 1646 1935 2791 3452 3579 4794 4868 5004
311 586 1095 2541 2779 2794 2927 4684
493 1921 2884
179 1934 2079 2249 2481 2898 3216 5193
152 993 1453 1620 1627 2291 3874 5083 5263
188 599 1236 1950 2583 2828 3280 3604
143 528 1076 1178 1360 1969 2243 2557 3090 4276 4674 4881 5137 5138 5481 5482
215 450 735 1270 1329 1489 2770 3801 3884 4046 4402
466 948 1284 2577 3904 4202 4349 4473 4526 4637
242 814 1670 1909 2208 3199 3468 3876 4867
278 603 804 1321 1454 1491 2207 3121 3413 3610 4216 4334 4336 4406 5054 5055
0 465 960 3662 4503 4721 5270 5425
