137 507 1074 1343 1761 1861 2037 2167 2341 2368 2445 2641 3033 3695 3857 3975 4385 4584 4763 4849 4922 4948 5078 5079 5080
146 837 2077 2085 2410 2698 3577
218 630 941 1170 1913 2786 2854 2872 3325 3479 3628 4331 4687
851 981 1035 1771 2381 2755 2994 3377 3630 3768 3811 3966 4719
433 1031 1510 2434 2669 2736 2769 2983 3189 3990 4278
442 616 1283 1318 1583 2803 4042 4077 4191 4322 4376 4749 4980
200 1440 2098 3159 3595 3772 3943 3967 4250
542 1504 1898 2049 2202 2626 3434 3542 4566 4858
469 1315 1582 2181 3024 3845 3899 4054 4065
164 794 912 1312 2021
406 868 1025 1728 2427 2473 2496 2707 2861 3234 3460 3793 3903 4212 4394 4472 4494 4517 4978
236 470 878 1050 1200 1452 1468 1548 1710 2573 2883 2937 2977 3499 4589 4810 4967
23 1901 2398 3108 3716 4110 4495 4621
527 598 930 1267 2130 2385 2628 2656 3620 3973 4141 4560
95 1010 1404 2238 2455 3213 3545 3688 3767 4358
104 1109 1272 1306 1410 1792 1962 2349 2580 2911 3971 4022 4350 4489 4656 4739 4831 4912 5012 5013
391 607 1058 1208 1905 2564 2610 3323 3930 4866 4882
463 1904 2087 2140 2315 2679 2750 2966 3200 3531 3663 4361 4569 4883
651 664 776 1053 1392 1555 1863 2308 2340 2941 3522 3561 4151 4754
409 919 1943 2396 2468 2637 2851 3244 3853 3864 4715
77 1881 2467 4623 4879
490 628 762 1445 1932 2004 2590 2774 2777 2958 3535 3769 4010 4545
86 627 698 862 1517 1803 1807 3000 3797 4209 4272 4605
185 656 670 956 1551 1900 2133 2670 3030 3305 3606 4371 4769
499 1240 1849 3550 4636
724 1766 1944 2017 2068 2218 2276 2307 2432 2996 3044 3112 4104 4106 4429 4575 4933
706 2299 2416 2783 3445 3536 4115
59 1552 2842 3673 3700 3758 5020
32 906 1128 1328 1538 2588 2673 2956 3075 3111 3321 3981 4147 4325 4650
545 1214 1923 1936 2145 2976 4374
68 2127 2262 2638 3657 3659 3959
382 1226 2908 3239 3476 3720 3972 4067 4359 4392 4532 4535 4751 5048 5049
212 481 1561 1750 4038 4675 4735
140 449 1158 3892 4372 5043
149 713 1493 1716 2776 2815 3034 3880 4148 4787 4825 4995
73 548 744 872 1111 2807 3233 4852 4951
273 355 1019 1039 1622 2369 2420 2596 2662 3333 3405 3431 3438 3616 3737 4335 4393 4417 4860
394 747 849 2175 2302 3376 3677 4237 4428 4602 4928 4994
367 1057 1444 1988 3126 3698 4987
608 1067 1156 1512 2112 2987 3459 3660 4704
35 663 932 1630 2623 2645 3556 3672 4025 4328 4579 4940
606 1393 1414 1925 2422 2523 3292 4061 4085 4265
182 349
358 1257 1443 1604 3462 3582 3713 4811 4846
125 253 285 514 521 949 1314 2847 3380 4045
304 1719 1734 2348 2484 2629 2784 3856 4583 4659 4700 4989
89 555 719 821 2439 2510 2563 2895 3100 3439 3441 3489 3859 4439
601 621 1241 2109 2762 2881 2899 3009 3181 3188 3829 4189 4647 4949
439 617 977 2253 2758 2764 3983 4822
1228 1895 1995 2152 2431 2506 2551 2594 2595 2865 2880 3079 3252 4024 4099 4348
71 191 221 538 732 2393 3036 3071 4554 4698 5067
107 657 715 1282 1656 2721 2833 3375 4072 4249
385 665 740 1141 1145 1731 1951 2666 2903 3290 3306 3471 3667 4586 4592
782 908 986 1296 1752 1927 2193 2327 2384 2742 3168 3868 4167 4253 4713 5009 5010
307 1210 2419 3655 4619 4663 4775 4918 4973
571 2052 2075 2792 3626 4875
66 74 659 777 1225 1435 2069 2497 2743 3077 3240 3607 3703 4131 4337 4446 4466 4738
397 970 1866 2527 3374
56 1982 2147 2631 2873 2988 3052 3202 3562 4419 4557 4642 5041 5042
262 1718 1815 2257 4129 4937
343 550 677 1167 1544 1711 2059 2173 2485 2824 2975 3279 3611 3913 4207 4214 4770
352 437 535 587 2935
801 1193 1478 1503 1778 1870 2437 3329 3371 3982 4534 4646 5005 5006
679 1297 2316 2540 2846 2877 3205 3241 3337 4168 4427 4691 4938
325 1032 1238 1567 1668 1826 1857 1874 2433 2619 2957 2968 3513 3679 3836 3962 4155 4805
20 854 1054 2081 2471 2896 3814 4717
502 798 1030 1326 4670 4853
235 2256 2413 3343
316 727 1089 1201 2058 2572 3501 3707 5057
65 1013 1126 1260 1462 1632 2045 2117 3490 3596 3908 4635 4725 4890
280 870 1046 1412 1599 2454 2680 3385 3529 4710 4756 4783 4950
5 522 896 1051 1350 1563 1663 1703 2296 2469 2659 2754 2919 2978 3164 3182 3221 3275 3303 3317 3326 4346 4745 4902 4958
265 836 934 1159 2169 2443 2853 3146 3393 3477 3605 3778 4161 4850
256 610 1508 1532 2579 4018
399 834 1518 2153 2211 3039 3612
283 2537 2841 2973 4029 4703 4757
388 498 917 2887 4137
1079 1308 1375 1806 2546 2734 3802 4066 4284
202 1775 2293 3163 3412 4007 4946
238 1186 2934 3619 3624 3731 3951 4511 4627 4702
772 811 1153 1830 2034 2221 2518 2587 2992 3014 3083 3103 3422 4050 4127 4744 4880
72 474 556 613 1029 1975 2031 2060 2166 2782 2979 3311 3915 4626
708 2547 2809 2893 3247 3882 4238 4477 4924
124 638 1243 2542 2955 3194 3281 3508 3885 4040
106 350 1470 1651 1848 2118 2738 3254 4582 5037
420 1130 2245 2592 3851 4204 4462 4688
178 637 897 2816 4556 4628 4839 5076
967 1619 2681
241 839 867 881 1176 1271 1336 1804 1992 2345 2789 2820 2830 3444 3474 3992 4074
263 268 712 1279 1352 1747 2266 3319 3435
441 710 901 1068 1449 1763 2036 2103 3065 3157 3949 4463
84 181 873 1907 2286 4121 4804 4911 4969
172 429 661 898 1335 1516 1903 2414 2560 3359 3394 4114 4423
432 1926 3598 3766 3965 4345 4779 4941
468 756 1390 1425 2305 2617 4012 4247 4480
127 807 991 1155 1364 1528 1691 2378 3265 4124 4273 4737
136 983 1023 2030 2194 2275 2400 2446 2598 2639 2894 3183 3912 4060 4075 4156
199 829 1912 2066 2213 3018 3602 3765 4433 4570 4801
208 615 3289 3639 3684 4002 4170
217 699 1438 1773 1784 3087 3889 3922 4132 4513
100 709 806 1602 2306 2522 3064 3131 3724 4790
1317 2230 2319 3467 3658 3661 3887 4363 4965
413 928 1124 1850 2570 2798
82 923 2350 2515 3423 4929
144 495 568 1730 1827 3235 3568 4142 4693
190 669 920 1479 1955 3360 3879 4193
820 2495 2900 3197 4301 4814
405 1495 2930 3046 3351
64 443 855 1376 3082 3979 4241 4259 5052
880 1235 1524 1644 2154 2409 2834 3944 4013 4086 4182
951 992 1466 2051 2113 2855 3001 3010 4177
486 763 1381 1456 2223 3584 3693 4662
2260 2795 2804 2940 4416 4936
67 863 2170 3116 3365 3760 4594 4984
751 2491 3654 4150
139 2545 3174 4485 4540
381 971 1463 1525 1576 1591 1596 2251 3038 3314 4266 4306 4741 4768
49 1234 1770 2199 2354 3362 4096 4119 4233
98 787 1764 2632 4091 4522 4934
4 974 1309 1424 1738 2009 2582 2593 2985 3918 4886
1367 2040 2151 2367 2890 3963 4088 4107
372 557 797 1273 1941 2273 2671 3271 3386 3745 3928 4103
658 1939 3004
395 462 1120 2858 4052
157 1166 1224 1347 2222 2897 3613 3669 3964 4001 4465 4667 4788
189 363 2636 2796 3749 4379
435 2379 3403 4685 4748
444 1197 2274 2683 2838 2972 3114 3125 3872
103 134 1751 2697 3330 3823 4144 5056
112 647 755 1255 1289 1331 1357 1700 1835 2494 2689 2741 2813 3291 4109 4143
682 775 1541 1871 1949 2358 2668 4039 4516
94 318 857 1355 3591 4258 4694
312 540 574 694 1004 2448 2963 3097 3955 4073 4355 4543
7 546 553 1486 1624 2231 2440 3148 4203 4240
348 578 631 1184 1686 1894 1963 2163 2405 2503 2676 2686 2737 2780 3238 3432 3498 3878 3945 4199 4391
375 737 1162 1800 1812 2710 2993 3463 3828 4620 4923
411 558 938 1102 1151 1242 1484 1540 1702 1794 1802 2061 2490 2888 3401 3523 3924 3927 4580 4962
70 323 666 1037 1189 1192 1313 1664 2088 2507 2549 3022 3191 3255 3391 3453 3921 3942 4138 4399 4531 4549 4603 4974
52 368 1467 1875 2246 2811 3783 4652
249 1187 1521 2158 2812 3223 3525 4169 4294 4507 4508 4542 4720
1112 1625 2006 2867 2910 3273 3621 3890 4499 4796
785 1087 1123 1434 1501 1757 2692 2729 2837 3361 3600 3842 4090 4576 4848 4917
34 838 1134 1378 2139 2386 2731 2844 4500 4845
240 765 1371 1680 2217 2504
321 1461 1973 2011 2913 2933 2954 3253 3754 3950 4611
61 749 1222 1256 1729 1867 1897 1972 1998 2226 3787 3977 4653 4714 5058 5059
10 864 1133 1150 1513 1765 2270 2408 3675 4833
46 225 532 1223 1448 1613 1637 1795 2727 3341 3640 4162 4307 4561
306 649 707 2352 4023
180 519 688 1735 2695 4251
333 609 728 800 922 998 1755 1769 2233 2715 3063 3242 3902 3925 4378 4395
1 3025 3866
216 639 779 847 1097 1441 1487 1745 2552 2616 2633 3016 3074 3162 3958 4178 4198 4299 4413 4778 4959
2224 2521 2918 3035 3636 4035 4289 4333 4338 4404
324 1560 1574 1938 3171 3532 3539 3631 4889 4914
1043 1514 2336 2749 4471 4491 4655 4915
198 1247 1522 1615 2565 2961 3266 3533 3540 3601 4835
270 551 1856 2029 2041 2067 2675 3130 3272 3482 5018
1930 2334 2962 3527 3651 4053 4689
261 1431 2505 3575
525 994 1888 2375 2562 2647 2878 3120 3169 3565 4366
315 1122 1557 1836 1858 2237 2848 3572 4953
600 1344 2284 2965 3050 3632 3850 4759 4863
488 674 774 845 2156 2528 3176 3454 3933 5023
1300 2027 2658 2757 3841 4243
228 720 1049 1084 3166 3232 3409 4031
461 1083 1324 2235 4139 4280 4993
833 945 980 1669 1869 2487 2788 2909 3603 3608 3844 4192 4381 4426 4753 4785 4970
129 905 910 1160 1737 2022 2197 2586 2696 2765 3800 3894 4497 4696
479 1562 4094 4268 4502 4932
452 822 1101 1121 1146 1220 1626 1797 2013 3031 3356 3690 3711 4966
230 291 622 1768 2606 2650 3837
1206 1571 1580 1660 1981 2268 2363 2558 2864 3259 4205 4332 4435
192 1237 1275 1330 1374 1603 1628 2048 2314 2726 4312 4464
517 689 748 816 990 1007 1061 1196 1417 1811 1851 1987 2465 2533 3177 3400 3481 3932 4277 4510 4606 4644
60 2055 2254 2335 3623 3807 4234 4321 4370
186 742 924 3127 3293 3352 3514 3706 3799 4015 4063 4261 4625
575 1696 2035 2288 2822 3278 4454 4520
943 2239 2376 2763 4386 4437
83 96 1980 2740 2945 3702 4134 4595 4798 4986
501 1114 1610 1673 2165 2247 2943 2986 3208 3502 3644 3794 3898 4641 4672
383 1530 1572 1787 1846 2892 3946
473 559 975 1203 1430 1917 2072 2192 2362 2823 2826 3049 3058 3206 3437 3897
141 915 1793 1859 3158 4079
6 419 1432 2010 3784 4101 4679
105 884 1027 1161 1505 1809 2392 2438 2732 3694 4244 4588
195 500 892 1989 2360 2514 3128 3456 3528 3839 3869 4629 5033 5034
204 667 876 909 988 1422 1672 1837 2073 2195 3901 4200 4781
69 211 795
231 643 1091 1127 1302 1345 3150 3184 3214 3410 3957 4864 4909 5014 5015
1119 1408 1842 2387 2800 3338 3368 3906 4159 4219 4755
404 1706 1819 2214 2516 4274 4551 4645
99 1288 2435 2723 2947 3969 4303
219 386 913 1085 1117 1140 1607 2128 3078 3762
3304 3549 4407 4916 4956
54 989 1307 1520 1594 2091 2216 2356 2752 3023 3142 3510 4117 4527 4661 4762
341 965 1536 1722 1829 3491 4476 4562
422 745 1832 1879 2624 3179 3243 3245 3472 3473 3791 3895 3929 4145 4152 4184 4197 4529 4905
171 1015 1889 2922 4884
377 759 1191 1221 1265 1653 2998 3299 3774 4581
513 530 700 893 1026 1181 1990 2191 2959 3061 3998 4122 4899 5061 5062
81 1413 2520 2602 3119 4003 4069 4555 4591 4740 4906
494 1956 2020 2137 3881
153 227 1634 2080 2778 3907 4180
359 1977 3020 3726 4900
36 702 848 1194 1337 1534 2114 2313 2799 3256 3988 4364 4564
1679 2232 3207 3588 3909
1002 1263 1564 1645 1996 2513 2825 3084 3153 3274 3367 4443
18 1813 3424 3581 3721 4774
48 695 703 1976 2144 2342 2347 3697 3893 4493 4574 4634
362 783 1139 1608 2404 2925 3123 3429 3833
21 224 331 1088 1333 2474
57 678 1000 1581 1689 1693 1820 2402 2483 2661 3019 3086 3228 3297 3302 3408 3511 3835 3936 4206 4398 4824 4927
1303 1420 2050 2122 2168 2241 2453 2600 3322 4288
109 135 272 573 824 1993 2324
344 935 2093 2836 2912 3585
317 1785 1860 3407 3569 3822 4373 4389 4390 4470 4571 4842
12 764 1332 1639 2585 4227 4792
635 1961 2303 3428 3709 4907
93 738 1163 1658 2612 3283 3296 4133 4877 4945
102 516 858 969 1565 1760 1852 2301 2330 2488 2916 3013 3854 3941 4181
115 308 1366 1970 2047 2125 4640
380 879 987 2002 3096 4062
330 416 636 1202 1211 1389 1477 3005 3190 3227 3298 5026 5027
75 1232 1577 2143 2366 2646 3378 4171 4484
281 572 1305 1606 1701 1985 2476 2790 2821 3215 3358 3803 4019 4654
30 2747 5002
39 2225 3505 3808 4070 4409 4488
398 1515 1824 2131 2399 3500 3546 3855 4033 5063
329 356 1690 3211 3555
2 585 1164 1984 2148 2428 2936 3717 3725 4229
42 1231 1595 2318 3047
247 347 2371 2555 3129 3534
921 1252 1709 2209 2436 2532 3804 4311 4326
165 320 351 423 671 1386 2240 2265 2282 3250 3551 4677 4736
302 773 1154 1370 4163 4487 4618
275 310 3521 4108
282 284 1545 1646 1935 2791 3452 3579 4794 4868 5004
365 673 887 1205 1759 2271 2277 2394 2819 3201 3883
266 823 1411 1482 2475 2499 3493 3643 3650 4034 4304 4408 4445
239 802 1266 1398 2974 3270 3646 3817 4223
566 2018 2691 3282 4210
179 1934 2079 2249 2481 2898 3216
50 260 632 883 959 2463 2995 3007 3109 3771 4327 4365 4530
269 552 1720 3382 4160 4297 4329
484 2111 4509 4947
170 757 1060 1499 1727 1749 5077
466 948 1284 2577 3904 4136 4202 4349 4473 4526 4637
504 1911 2100 2544 2685 3324
305 1469 2756 4068
