137 507 639 1074 1343 2167 2216 2341 2368 2445 2641
218 630 941 1215 2872 3057
101 766 1965 2089 2387 2800
173 547 1142 1295 2568
209 865 926 1136 1433 1687 1823
182 349 2312
191 1753 2090 2869 3218
1063 2096 2281 3129
542 1504 1898 2049 2202 2626
155 2654
478 1714 2404 2462 2685
376 799 831 2422 3054
451 939 1102 1427 1484 1886 2244 2775 2888 2989
110 729 1152 2373 2817 3015
460 1170 1913 2635 2786 2854
119 1451 2067 2856
216 779 1097 1441 1487 1745 2188 2552 2571 2616 2633
236 470 878 1050 1200 1468 2883
445 620 859 950 2261 2701 2843
391 607 705 734 1058 1208 1304 2610 3209 3210
472 505 642 711 880 1342 1524 2705
463 1783 2140 2315 2679 3125
122 704 1094 1725
194 723 1325 1537 1772 1868
61 1298 1729 1785 1897
409 919 2228 2396 2468 2637 2851
627 698 862 3214
185 529 656 670 956 1551 1900
158 1072 1315 1565 1766 1944 2017 2068 2218 2276 2307 2432 2996
167 229 2464
400 717 1020 1474 1588 1616 1746 2526
251 373 668 1056 1617 2129 2303 2857 2960
41 364 476 1214 1923 3025
382 1226 1294 1629 1928 2179 2608
140 1158 1679 2135 2232
149 713 1493 1716 2776 2815
273 355 1019 1037 1039 1622 2369 2507 2662 3026 3027
394 747 849 2175
53 633 786 812 1740 2390
367 1444 2025 2920
809 1931 2343 3111
608 1027 1067 1161 1512 2112 2987
35 663 932 1630 2623
17 579 696 1229 1960
430 594 644 730 781 1021 1206 1252 1316 1394 1569 1580 1642 2321 2611 3102 3103 3104
26 1986 2412 2981 3004
304 1339 1719 1734
421 1110 1372 1384
80 1187 1667 2158 2812 3039
1082 1092 1618 2104 2351 2519
601 621 1241 1466 1867 2881 2899 3121 3122
116 690 1233 2344 2444 2618 2660
412 1652 1717 1767 2625 2967
34 107 715 838 2833
313 519 953 1472 2990
11 503 782 908 986 1296 1831 2742
307 1210 1943 2419 3180
66 74 659 777 1225 2497 2743
56 965 1536 2873 3101
298 1579 2415 2615
370 844 869 948 1284 1890 2290 2442 2556 2928 2999
213 379 1612 2008 2288
244 1250 1503 1778 1779 1870
325 1032 1567 1668 1857 1874 2148 2619 2936 2957 2968
289 1173 1482 1519 1967 2709 2717 2845
316 1201 2058 2572 3159
271 441 592 1405 2150 2212 2702
280 870 1046 1412 1599 2680
5 846 1350 1563 1568 1703 2296 2978 3075 3076
193 618 1529 2539 2859
265 836 934 1091 1159 2169 2443 2664
480 2258 2279 2493 2716
748 847 990 1739 1828 2533 2548
256 520 610 1532 3179
337 1535 2688
211 834 916 2211
62 283 2537 2841 2973 3201
166 1862 2457 2720 3157
220 1207 1880 2327 3203
772 811 1153 1830 2034 2518 2587 3133 3134
72 474 556 613 1029 1975 2060 2166 2191 2782 2984
641 805 978 1005 1246 1429 2005 2039 2761 2799
612 1401 1606 1701 1786 2458 2487 2746
151 1678 1974 2323
223 987 997 1041 1340 1699 2411 2452
259 3024
438 584 894 1036 1228 1341 1840 1995 2119 2337 2431 2642
124 638 2542
133 810 1127 2840
106 943 1470 1651 1848 2118 2205 3087 3088
214 758 1038 1190 2190 2219 2725 3155 3156
456 1177 1323 1423 1864 2101
792 960 2056 2252
187 1619 2681
686 1100 1292 1659 1832 1879 2064
614 962 1149 1279 1352 1420 1747 2050
901 1068 1174 1188 1449 1662
181 623 873 2938
477 660 1942 2149 2785
172 429 661 1335 1516 2299 3167 3168
46 225 532 1448 1637 2302 3018 3019
459 1648 1854 2456
118 1933 3239
468 756 1390 1425 2617
136 983 1023 1518 2030 2194 2400 2446 2598 2639 2894
217 1438 1773 1784 2466
215 450 735 1317 1489 2319
671 914 1386 1584 1930
82 923 2350
396 3172
405 1495 1706 1819 2214 2516 2930 3235 3236
64 1086 1376
378 417 2000 2298 2364 2377 2409 2834
399 2153 2275 3240
85 680 1230 3147
58 467 539 888 1597 1999 2520
751 2491
139 338 763 2146 2223 2545
300 3185
1047 1165 1248 1677 1872 2280 2479 2835
336 560 625 1533 1937 2107 2182 2292 2693
974 1238 1309 1424 1738 1761 1826 2037 2426 2433 2582 2915 2985
1367 2040 2367 2890
453 658 1939 2543 3052
121 1209 1293 1813 1877 3067
189 363 1590 2441 2796
31 565 1022 1135 2737 2998
444 2274 2683 2838 2972 3053
86 1517 1803 2154 2937
103 134 1751 1938 2697
76 314 1685 1929 2470
112 647 930 1255 1289 1331 1357 1700 1835 2494 2689 2813
97 1924 2084 2200
312 1004 1245 2448 2963
7 546 1388 1486 1624 2193 2231 2440
348 403 578 631 724 1184 1686 1894 1962 1963 2163 2405 2406 2503 2676 2686 2780
402 1500
88 2016 2974
294
375 654 727 737 1006 1162 1675 1800 1812 2269 2710 2771 2993
411 558 1151 1242 1540 1702 1794 1802 2061 2490
70 323 666 1189 1192 1313 1664 2088 2549 2820 3227 3228
384 590 789 1287 1559 1843 2086 2206 2724 2744 2891 2949 3139 3140 3141
52 2246 2811
180 249 3152
276 1282 1415 1497 1614 1834 2123 2329 2721
285 1625 2006 2867
25 2389 2589
366 616 815 1138 1583 2429 3237 3238
1134 1378 1917 2139 2192 2386 2731 2826 3150 3151
240 432 765 1371 1680 1926 2217 2504
321 1461 1973 2011 2913 2933 2954
1171 1223 1613 1795 2727
1
47 207 274 2126
264 425 1910
198 1247 1615 2565 2961
252 258 2917
19 554 588 835 1399 1460 1712 2171 2839 2852 2876
28 2325 3136
234 843 2097 2267 2512
1431
315 1122 1197 1557 1858 2237 2848
282 284 600 1646 2284
174 243 1633 2687
183 701 1290 1312 2357 2424 3046 3047
156 1585 2164
228 720 1049 1084 1705
1033 1131 1213 1258 1968
461 1083 1133 1324 2235
833 945 980 1235 1548 1644 1669 1869 3068 3069
129 543 1160 1737 1906 2586 3144 3145
452 822 1101 1121 1146 1220 1626 1797 2013 2203
1002 1564 1645 1996 2825 3126
165 320 714 1571 2240 2268 2282 2363
237 596 1104 1150 1212 1636 2272 2338
246 326 1698 2187 2559 2882 3037 3038
192 1237 1275 1330 1374 1603 1628 2048 2109 2314 2762 2860 3196 3197 3198
201 602 778 877 1014 1403 1647 1715 2124 2832 3148 3149
689 816 940 1061 1851
535 2078 2376 2763
96 1980 2297 2740 2945
580 1069 1286 2672
168 1391 2178 2538
13 177 874 2176 2511 3217
383 754 1530 2892
464
455 492 767 890 1566 2806
204 876 988 1422 1837 2073
540 574 694
78 120 648 1322 1777 2550 2745
491 861 2450 2690
332 1119 1320 1408 1464 1732 1842
431 522 655 768 827 896 1264 1369 1542 1663 1790 1940 2482 2651 3108 3109 3110
99 1288 2435 2947
45 508 1496 2041 2242 2484 2704
395 1120 2489 2926 3045
144 559 568 634 842 1059 1730 1748 2072 2362 2644
81 196 900 2159 2382 2602 2604 3194 3195
494 706 1509 1853 1956 2020 2137 3105 3106
126 1368 1762 2793
1904 1977 2753 3182
440 808 828 1261 1473 1483 1550 2643 3186 3187
36 702 848 1194 1534 3107
449
135 1993 2606 3120
458 760 1118 1428 2115 2374 2655 2950 3183 3184
1475 1476 2694
9 104 1997 2141
18
346 389 457 697 2807 2855 3221 3222
362 783 1139 1561 1608 2925 3022 3023
263 268 712 1490 2266
12 764 1639 2585
718 722 1281 3181
434 605 937 942 1199 1649 2196 2333 2529 2620 2663 2846 2849 2877 2929
335 536 1373 2310 2416 2783
308 1366 1970
30 2318 2747
142 371 871 1042 1419 1643 1654 1902 2106 2951
537 708 958 1216 2332 2509 2547 2553 2893
753 918 1105 1387 1402 1833 2198 2768
230 291 585 622 1984 2428 2650 3009 3010
24 415 884 1071 1239 1413 2682 2773 2879
938 1278 1450 1884 2083 2459
576 716 726 1558 1873 2132
374 518 1361 1914 1978 2136 2403 2706 3089 3090
6 419 1300 2757 3012
221 502 1638 2393
248 921 1709
203 850 2309
164 794 2021 3202
1344 1899 1907 1957 2286 2965 3005 3006
293 1983 2003 2042 2045 2436 2498
254 266 823 1411 1805 2475 2499
239 802 1273 1398
566 2052 2075 2691
493 2365 2884
179 1934 2079 2249 2481 2898
645 883 959 2114 2700
269 552 1720 3028
757 2425 3232
653 1270 1329 2770
287 2946
161 3070
197 1946 2057 2116 3072
504 1088 1911 2100
305 1469 2756
0 465
21 224 331 1333 2818
