137 507 639 1074 1343 1761 1861 2167 2216 2341 2368 2445 2616 2641 3033 3857 3975 4385 4849 4948
146 837 2071 2077 2085 2410 3577 3718
218 630 941 1215 2872 3325 3628 4098 4331 4687
771 981 1035 1771 1799 2015 2381 3377 3630 3768 3805 3966 4719
433 1031 1515 2434 2669 2736 2983 3189 3855 4278
818 966 1458 1494 2319 3328 3567 3661 3763 3887 4965
442 1166 1283 1318 2803 2897 4042 4077 4376 4465
101 766 2089 2387 2489 2800 2926 3340 3997
200 672 702 978 1311 1440 1661 2761 2799 2885 3258 3316 3595 3943 3967 4524 4671
173 547 595 1009 1090 1142 1295 1353 2568 3111 3288 3930 4475 4608 4639 4888 4972
209 865 926 1136 1433 1687 1823 2613 2708 3159 3193 3516 3635 4052 4682 4686
182 349 2312
191 1753 2869 3877 4554
1063 2096 2281 3113 3210 3365 3530 4668
542 1504 2202 2626 3434 3542 4566 4858
83 681 699 1277 1671 1784 2311 2466 2480 2535 2921 3087 4130 4224 4387 4513 4798 4871
496 506 549 790 963 1017 1073 1334 2574 3309 3739 3952 4017 4172 4195 4450
469 895 999 1582 2785 4065
155 2654 3081 3104 3123 3402 4190 4809 4944 4963
478 1714 2462 2530 2544 2685 2808 2817 3017 3043 3722 4991
376 799 831 2422 4298 4422 4483 4515
245 4448
451 939 1102 1427 1484 1886 2244 2775 2888 2989 3265 3470 3924 3927 4048
110 729 1152 2373 3163 3172 3728
460 1170 1913 2635 2786 2854 2860 3010 3312 3479 3656 3740 3812 4723
119 1451 2841 2856 3301 3834 4043 4270
216 779 1097 1441 1487 1745 2552 2633 3016 3074 3147 3162 3507 3958 4198 4299 4413 4584 4778 4959
406 868 1025 1728 2427 2473 2496 2707 2861 3146 3234 3460 3793 3903 4212 4394 4472 4494 4517 4978
1052 1354 1362 1578 1683 4766
487 604 675 791 1145 1204 3173 3615 4213 4430 4604 4857
236 470 878 1050 1200 1329 1452 1468 1710 2230 2573 2883 2977 3467 3499 4363 4589 4810 4967
93 1658 2612 3283 3296 3874 4110 4877
436 490 569 598 721 2385 2656 2741 4482 4560
95 552 1010 1404 2260 2455 2804 2940 3213 3688 3767 4416
445 620 859 950 2261 2843 3285 3420 4023 4246 4609
1109 1272 1306 1410 1792 2339 2349 2580 2911 3432 3878 3971 4022 4199 4350 4391 4656 4697 4739 4831 4912
391 607 705 734 1058 1208 1304 1905 2250 2564 2610 3008 3323 4316 4400 4622 4802 4819 4882
472 505 642 711 880 1342 1524 2705 3072 3231 3381 3680 3809 4818
131 984 1547 2121 3178 3682 4572 4977
410 427 2370 2576 2787 2906 3028 3040 3583 3989 4055 4451 4695
463 1783 1904 2140 2315 2679 2966 3200 3531 3663 4361 4569 4883
122 704 1094 1725 4412
194 723 1325 1537 1772 1868 2255 3522 4058 4201 4225 4458
61 1298 1785 3407 3822 4373 4389
409 919 2228 2637 2688 2851 3015 3244 3364 3514 3864 3953
418 1093 2353 3124 4728
77 1819 2467 4879
628 762 839 1437 1445 1932 2032 2590 2774 2777 2958 3535 3769 4010 4545
627 698 862 1807 3000 3797 3900 4605
185 529 656 670 956 1551 1721 1900 2133 2670 3030 3606 4769
499 1240 1849 3550 4636
158 1072 1315 1565 1766 2017 2068 2218 2276 2307 2554 2996 3024 3845 3899 4106 4429 4575 4933
167 229 2464 3062 3262 3563 4829
50 260 632 1713 2463 2995 3007 3109 3484 4327 4365 4530 4919
946 2701 2703 3006 4228 4339
400 717 1020 1474 1588 1616 1746 2526 3384 3843 4514 4712 4726 4803
59 1552 2110 2831 2842 3673 3700 3758
251 373 668 910 1056 1617 2303 2857 2960
32 906 1108 1128 1328 1471 1538 2588 2673 2956 3321 3574 3886 3981 4147 4325 4360 4650 4745
41 364 476 1214 3261
68 2127 2262 2638 3657 3659 3959 4748
382 1226 1294 1629 2155 2908 3239 3476 3554 3720 3972 4392 4532 4535 4598 4709 4751
212 481 1750 4038 4675
454 1001 2678 2827 3165 3504
140 1158 1679 3892 4372
113 1733 2007 2795 2866 4097 4541 4876 4936
149 713 1493 1716 2776 2815 3880 4148 4274 4623 4645 4787 4995
548 744 1111 2807 3233 4852 4951
273 355 1019 1037 1039 1622 1851 2369 2420 2507 2596 2662 3022 3391 3405 3431 3737 3942 4335 4393 4417 4531 4860
394 747 849 2067 2175 3376 3677 4237 4428 4602 4994
53 633 812 1527 1740 2390 3985
367 1057 1444 3126 3698 4987
555 583 776 1526 1589 2019 2317 2328 2439 2501 2895 3383 3439 3859 4104 4439 4506 4521 4544 4854 4878
809 1931 2343
608 1027 1067 1512 2112 2987 3459 4704
35 663 932 1630 2623 2645 3556 3672 3687 4025 4328 4579 4940
606 1393 1414 1925 2523 3292 4061 4085 4265
8 650 741 851 1012 1169 2179 2622 3366 3633
635 905 1418 1906 1961 2197 3427 3709 4780
44 128 1891 1915 1954 2070 4111 4330 4344 4436 4935
17 579 696 1229 1960 3137 4812 4847 4894
33 358 1257 1443 1604 2033 3462 3713 3748 4811 4846
430 594 644 730 781 1021 1206 1252 1316 1394 1569 1580 1642 2321 2611 3099 3151 4309 4326 4501 4533 4599 4638 4832
26 1986 2412
125 514 949 2847 3815 4045
304 1339 1719 2348 2484 2629 2784 3856 4583 4659 4700
1442 2046 2698 2801 2818 3236 4401 4505 4960
340 526 593 1380 2062 2421 2788 2886 3433 3442 3618 3954 4185 4283 4504
421 1110 1372 1384 3225 3313 3480 4120 4140 4651
80 1187 1521 1667 2158 2812 3223 3525 4067 4169 4294 4359 4377 4507 4542 4720
89 651 719 821 1815 2510 2563 3100 3441 3489 4937
1082 1092 1618 2104 2351 2519 2672 3286 3810 3896 3976 4026 4179 4271 4453 4957
295 360 2760 2781 3331
117 448 856 1055 1096 3135 3566 3861 4996
601 621 1241 1466 1867 2109 2762 2881 2899 3009 3181 3188 3829 4189 4411 4647 4949
116 690 1233 2444 2618 3917 4384 4843 4897
439 617 977 2253 2758 2764 3983 4822
412 1652 1717 1767 2625 2967 3448 4319 4498 4669
98 1764 2152 2506 2551 2594 2595 2632 2865 2880 3876 4091 4099
71 538 732 3036 3071
34 107 715 2833 3375 4249
313 519 953 1472 1523 2990 3649 4166 4773 4901
385 740 1499 1727 1731 1951 2903 3290 4592 4667
322 1349 1942 2149 2814 4449 4808
11 503 782 908 986 1296 1752 1831 1927 2327 2384 2742 3168 3868 4167 4253 4713
307 1210 2396 2419 3655 3853 4619 4663 4715 4775 4918
1243 2792 2955 3194 3281 4040
66 74 659 777 1225 1435 2069 2094 2497 2743 3077 3240 3607 3703 4131 4446 4738
397 970 1130 1765 1866 2527 3374
56 965 1536 1982 2147 2873 2988 3052 3202 3562 4279 4419 4557 4642
262 1718 2257 4129
298 1579 2615 3029 3690 3711
370 844 869 948 1284 1890 2290 2442 2577 2928 2999 3101 3249 4084 4291 4320 4349 4637 4750
29 710 1143 1763 1921 1974 2103 2478 2517 3065 3157 3734 4308 4341
343 550 677 1167 1544 1711 2059 2173 2254 2824 2975 3279 3611 3807 3913 4207 4214 4466
38 1144 1908 2221 2229 2285 2287 2289 3184 3277 3469 3916 4006
213 379 1274 1612 2008 4491 4655
352 437
1251 2640 2997 3692 4208 4615
244 1250 1503 1778 1779 1870 2437 3329 3371 3982 4336 4534 4646
226 545 927 976 1936 2143 2145 2976 4317 4892
253 521 891 1112 1244 1314 2269 2910 4424 4964
325 1032 1567 1668 1857 1874 2957 2968 3513 3679 3836 3962 4155 4805
361 489 739 929 1488 1570 2667 2728 4706
20 897 1054 2081 2299 2471 4556 4717
798 1030 4670 4853
2 803 944 1483 1734 2001 2201 2263 2380 2630 2722 3315 3449 3725 4229 4747 4989
235 2256 2413 3343
289 725 754 1173 1519 1742 1967 2845 3457 3466 3496 3666 3686 3939 3940 4232 4236
316 1201 2058 2572 3501 3643 3707
65 1013 1126 1260 1462 1632 2045 2117 3490 3596 3908 4725 4890
271 441 592 1405 2702 3346 3757 4126 4887 4990
280 870 1046 1412 1599 2454 2520 2680 3385 3529 4036 4710 4752 4756 4783 4827 4950
5 846 1051 1350 1563 1568 1703 2296 2469 2659 2755 2978 2994 3055 3164 3182 3221 3275 3303 3317 3326 3729 3811 4071 4346 4776 4902 4958
319 982 1600 1816 2875 3102 4074 4342 4872
597 1426 1981 2236 2460 2558 3259 4005 4174 4205 4332
193 618 2539 2859 3134 3689 4735
265 836 934 1091 1159 2169 2664 3026 3477 3957 4909
301 509 515 899 903 961 1172 1299 1379 1383 1416 1723 2157 2278 2423 2566 3107 4362 4731 4797
480 2258 2279 2493 2716 3355 4952
748 847 990 1103 1739 1828 1987 2533 2548 3761 4047 4830
256 520 610 1276 1532 2579 4018
337 1535 3488 4303
211 834 916 1518 3612 3696
62 283 1858 2537 4029 4757
292 752 1065 1268 1439 3027 4235 4997
388 498 917 2383 2887 4137
166 1862 2457 2720 4380 4461 4476 4925
247 561 662 1085 3517 3762 4296
1079 1308 1375 1522 1541 1806 2546 2668 2734 2961 3266 4066 4284
14 1062 1089 1269 2344 3392 3589 3776 4239 4408 4690 4782
328 676 952 2322
1003 1303 2050 2168 2241 4288
220 1207 1880 2969 3620
501 1114 1382 1610 1650 1673 2247 2986 3208 3502 3644 3794 3898 4641 4672
202 1775 2293 3412 4007 4685 4946
238 915 1186 1859 2934 3619 3624 3731 3951 4627 4823
310 772 811 1153 1830 2034 2518 2587 2992 3014 3083 3103 3422 4050 4127 4744 4880
277 1078 2472 2569
72 474 556 613 1029 1975 2060 2166 3311
483 902 1185 1280 1506 1623 1953 2092 2534 2614 3478 3705 3743 4027 4242 4760
641 805 1005 1246 1429 2005 2039 3136 3597 3780 4474 4518
612 1401 1606 1701 1786 2458 2487 2593 2746 3088 3141 3918 3919 4381 4596 4772 4970
151 1678 2323 4900
223 997 1041 1340 1699 2411 2452 3318 3647
250 544 591 1011 1704 1946 2292
55 232 3671 4059 4665
259 3947
438 584 894 1228 1341 1995 2642 2893 3199 3252 4024 4348 4352
124 638 2542 3508 3885
447 684 743 796 1018 1137 1175 2605 2677 3031 3344 3970 4742
133 810 1127 2578 2840 3105 3300 3425 3681 4600
106 943 1470 1651 2239 2738 3254 4386 4437 4582
205 1681 2204 2415 2567 3870 4716
214 737 758 1038 1190 2190 2219 2417 2725 2782 3042 3152 3350 3670 3719 3915 4438 4626 4718 4895
420 875 2245 2592 2981 3851 4462 4688 4705
652 1147 3220 3458 3558 3881 3888 4536 4708
1227 1545 1876 1935 2791 2964 3552 3875 4153 4396 4683 4794 4833 4868
169 4701
178 637 854 2816 3264 4628 4839
456 687 1177 1323 1423 1864 2101 3011 3156 4420 4903
792 960 2056 2252 4282
115 3263 4196 4692
187 1619 2681 4112
686 1100 1292 1659 1832 1879 2064 3179 3295 3895 3929 4087 4145 4152 4529 4634 4664 4905
241 867 881 1176 1271 1336 1804 1992 2345 2789 2820 2830 3444 3474 3564 3992
962 1149 1279 1352 1420 1747 2336 2453 2600 3319 3322
176 369 2185 3353 4078 4425 4869
901 1068 1174 1188 1449 1662 2036 3388 3949 4463
181 623 873 2683 2938 3627 4121 4173 4804 4911 4969
163 788 817 1695 2024 2907
477 660 1801 3752 4988
172 429 661 898 1335 1516 1903 2414 2560 3359 3394 4114 4115 4423 4493
387 3430 3905
46 225 532 1448 1637 1988 2302 3198 3341 4162 4307 4928
459 1648 1854 2456 3357 3492 3704 3961 4254 4305 4410 4452
664 1053 1392 1555 1863 2308 2340 2941 4151 4345 4779
118 1933 4202 4821
468 756 1390 1425 2305 4480
127 807 991 1155 1364 1528 1691 2378 3524 4273 4737
136 983 1023 2030 2194 2196 2400 2446 2598 2639 2877 2894 3032 3205 3912 4156
175 829 1113 1485 1838 1912 2023 2213 2561 2735 2805 3059 3332 3455 3495 3616 3678 3765 3770 3849 3858 4128
208 615 3082 3289 3639 3684 4002 4170
217 1438 1773 3889 3922 4132 4595 4986
286 414 512 1217 1502 1885 1966 2492 3106 3122 3557 3825 4194 4269 4486
100 709 806 1602 1941 2306 2522 3064 3131 3724 3745 4790
215 450 735 1317 1489
671 914 1386 1584 2240 2265 4041 4414
109 824 1124 1850 2798
82 923 2350 3423 4929
199 495 1730 1813 1827 2066 3018 3568 3602 4433 4570 4693 4743 4801
91 731 996 1768 1958 2102 2120 3149 3654 3747 4135 4221 4300 4813
190 669 920 1479 1955 3360 3879 4193
396 3048 3196 3415 4459
820 2495 2900 3197 4094 4301 4502 4814 4932
405 1495 1706 2214 2930 3046 3351 4318
64 1376 1749 4241
378 417 830 2000 2298 2364 2377 2409 2834 3944 4086 4211
73 872 951 992
160 338 486 763 1381 1456 1884 2146 3345 3693 3968 4388 4519
145 1338 1498 2713 2751 3349 3777 4264 4432
154 784 860 936 985 1182 1492 1593 1724 1776 1964 2407 2591 2608 2931 3012 4612 4657 4844
685 1066 1991 3160 3287 3509
426 1168 1253 1388 1840 2119 2337 2447 3054 3089 3417 3503 3840 4323 4573
399 2153 2275 3039 3051 3691
85 680 1230 3545
58 467 539 888 1597 1999 3335 4069 4555 4591 4740 4828
408 1132 1605 1814 2172 2932 3487 3750 3865 4009 4116 4479 4982
67 863 1129 1572 1660 1787 2170 2864 3116 3760 4594 4984
751 2491 4150 4258 4694
139 2223 2545 3174 3584 4485 4540 4662
300 3561 4754 4834
381 1463 1525 1898 2049 2151 2251 2649 3038 3314 4266 4306 4741
40 1395 1754 2531 2597 2914 3451 3891 4083 4861
354 1741 2971 4985
390 1047 1165 1248 1677 1872 2148 2280 2479 2835 2936 3161 3226 3570 3710 3744 3789 3806 4231 4548 4613 4649
49 773 1154 1234 1770 2199 2354 3362 4096 4119 4163 4487 4618
471 4051 4056
130 1048 1457 4263
336 560 625 1533 1937 2107 2182 2693 3170 3276 3787 4660 4920
974 1238 1309 1424 1738 1826 2009 2037 2426 2433 2582 2619 2915 2985 3695 4763 4886 4922
345 4727 4765
1367 2040 2367 2890 3963 4088 4107
372 557 797 995 1575 2026 2273 3271 3386
658 1939 2543 3004
75 148 1363 1400 1611 1774 2012 2538 3144 3294 3395 3446 3813 4293 4347 4484 4942
462 2858 4567
121 1209 1293 1877 2660 3948 4799
157 855 1060 1224 1347 2222 3613 3669 3964 3979 4001 4788
22 736 882 918 1107 1573 2665 2980 3080 3440 3937 4100 4146 4230 4337
189 363 1590 2215 2441 2796 3749 4379 4421
435 2379 3403
31 565 1022 1135 2737 3067 3399 3945
444 2274 2838 2972 3114 3125 3872
86 1517 1803 4013 4080 4209 4272
103 134 1751 2697 3330 3823 4144
76 314 1685 1929 2470 3827 4624
112 647 930 1255 1289 1331 1357 1700 2494 2502 2628 2689 2813 3267 4072 4109
682 775 1871 1949 2358 2636 3195 3629 3802 4039 4516
94 318 857 1355 3591
327 534 691 692 1195 1928 2043 2082 2948 3138 3248 3871 3910 4913
16 482 840 3305 4371
357 1106 1694 1736 2974 3093 3115 3270 3862 3926 4512 4681
97 1924 2084 2200 3974
312 1004 1245 2448 2963 3741 3955 4073
7 546 553 1486 1624 2193 2231 2440 3148 4203 4240
348 403 578 631 724 1184 1686 1894 1944 1962 1963 2038 2163 2405 2406 2432 2503 2676 2686 2780 3044 3112 3238 3498 3638 4256 4523 4546 4630
393 531 2135
79 570 1365 1707 1805 2984 3061 3284 3475 3493 3578 3852 4313 4415 4666
402 1500 3931 4455 4550 4859 4870
88 2016 4186 4223
294 2164 4076 4095
288 303 774 841 2183 2575 3176 3821 4338 4404 4496 4896
375 654 727 1006 1162 1675 1800 1812 2710 2771 2993 3230 3463 4620 4923
411 558 1151 1242 1540 1702 1794 1802 2061 2490 4280 4962
70 323 666 1189 1192 1313 1664 2088 2549 3191 3255 3453 3921 4113 4138 4399 4547 4549 4603 4974
384 590 789 979 1287 1559 1945 2086 2206 2724 2810 2891 3665 4200 4260
43 309 889 1099 2126 3339 3779 3781 3795 4434 4559
52 2246 2811 3783
180 249 4508
276 1282 1415 1497 1614 1834 2123 2329 2721 4367 4369 4578
1045 1377 2111 2699 3652 4509
285 1625 2006 2867 3273 3518 3621 3890 4499
267 1465 1855 1918 2718 2874 3604 4431 4795 4800 4908
785 1087 1123 1434 1501 1543 2692 2729 2837 3361 3600 3842 4090 4576 4917
25 2181 2389 2589 3733 4054 4968
339 973 1781 2524 2627 3668 3708 4157 4245 4314 4382 4758
366 616 815 1138 1583 2122 2429 4191 4322 4749 4980
838 1134 1378 2139 2386 2731 4500 4845
240 432 765 1371 1680 1926 2217 2504 3598 3766 3965 4941
321 1461 1973 2011 2913 2933 2939 2954 3253 3754 3950 4611
749 1222 1256 1729 1897 1972 1998 2224 2226 2918 3035 3636 3977 4333 4653 4714
10 864 1513 2270 2408 3675
1179 1356 1780 2283 3464 3559 4553
1171 1223 1613 1795 2727 3075 3640 4248 4561
306 649 707 1577 1821 2352 4171 4807
37 424 2053 2227 2584 4188 4658 4862
688 1735 2695 3755 4251
333 609 728 800 922 998 1755 1769 2031 2233 2715 3063 3902 3925 4378 4395
1 3025 3211 3866 4525
342 523 577 866 904 1655 1883 2418 4632
47 207 274 4998
517 750 1007 1417 1446 1811 2054 2210 3177 3676 3932
264 425 624 1910 2264 3831 4035 4289
324 1560 1574 1938 2087 3171 3532 3539 3631 4889 4914
297 1043 1455 1511 1514 2749 3041 4915
198 1247 1615 2565 3533 3540 3601 4511 4702 4835
270 551 1856 2029 2675 3130 3482
252 258 2917 4976
279 1952 2108 3497 4680 4836 4865
184 1359 2334 2359 2962 3527 3651 3732 4689
19 554 588 835 1399 1460 1712 2171 2188 2485 2525 2571 2839 2852 2876 3683 4178 4734 4770 4891 4971
28 2325 4538 4815
234 843 2097 2267 2512 3217 4403 4648 4711
1431 3575
525 994 1635 1888 2105 2375 2562 2647 2652 2687 2714 2862 3120 3169 3565 4366
315 1122 1197 1557 1836 2237 2848 3572 4953
282 284 600 2284 3050 3452 3579 3850 4759 4863
174 243 1633 2090 3773 4175 4447 4469
488 674 845 2156 2528 3454 3933
92 147 947 968 2320 2868 3715 3735
497 1070 1327 1539 2150 3379 3873
183 701 1290 1312 2357 2424 3085 3674 3788
156 1585 2658 3841 3941 4243
255 2536 2733 3068 3609
228 720 1049 1084 1705 3409 3520 4031
1033 1131 1213 1258 1968 2184 2809 3056 3203 3218 3222 3369 3712 3730 3882 4044 4218 4678
461 1083 1133 1324 2235 4139 4204 4993
833 945 980 1235 1548 1644 1669 1869 2154 2909 2937 3073 3483 3603 3844 4182 4192 4426 4753 4785
170 443 1086 1198 4259 4281
129 543 1160 1737 1920 2586 2696 3418 3436 3800 4183 4290 4497 4696
479 1510 1562 2769 3798 3990 4268
452 822 1101 1121 1146 1220 1626 1797 2013 2025 2203 2920 3356 3617 3714 3775 4966
138 1549 1586 2772 2942 3155 3593 3653 3818 4992
210 275 334 886 2870 2970 3521 4108 4926
219 386 1601 1607 1726 2128 2212 2300 2430 4537
1002 1564 1645 1996 2428 2825
1081 1148 1249 1301 1385 1757 1791 2160 2326 2982 3066 3110 3257 3699 4028 4397 4442 4848
165 320 714 1571 2268 2363 3250 3551 3804 4435 4677 4736
237 596 1104 1150 1212 1480 1636 2272 2338 3246
246 326 1698 2187 2559 3320 3390 3548 3993 4049 4730 4816 4954
192 1237 1275 1330 1374 1603 1628 1943 2048 2314 2468 2726 3228 3936 4464
201 602 778 877 1014 1403 1647 1715 2124 2189 2832 3396 3772 3832 3935 4292
689 816 826 940 1061 1196 2465 2924 3400 3481 4277 4510 4606 4644
60 563 2055 2335 3143 3623 4234 4321 4340 4370
186 742 924 2723 3127 3293 3352 3706 3799 4015 4063 4261 4625
575 1696 2035 2288 2822 3278 3397 3645 4454 4520
222 1034 2979 3057 3154 3380 3828 4444
87 524 582 2078 2346 2850 3934 4187 4777
535 587 2376 2763 2935
96 1980 2297 2397 2740 2945 3091 3372 3702 4134
580 1069 1286 3938 4082 4267 4983
168 1125 1391 2178 3183 3187 3192 3378 3586 3746 4060 4075 4262 4427 4490 4691 4930
13 177 453 874 2176 2511
383 1530 1846 2709 2892 3145 3634 3946
392 1064 2621 2712 2748 3512
464 3485 3622
150 761 933 2180 2973 3098 4577 4703
473 657 755 975 1203 1430 1656 1835 1917 2072 2844 3291 3897 4143
159 1507 1892 3342 3538 3701 4220 4285
132 567 629 825 1397 2603 3625 3796 3911 4037 4089
141 619 1793 3158 4079
446 1554 2205 2766 3310 4011
1432 2010 3594 3904
105 1016 1505 1809 2438 2634 2732 3694 4244 4588
455 492 767 890 1566 2806 3166 3175 3580 3860 3914 3978 4295
428 2922 3139 3461 3614 3867 4633
114 852 1407 1447 1839 2449 2599 3685 4820 4904
123 510 3060 3447 3515 3848 4610
195 500 693 892 1817 1989 2360 2514 3045 3128 3839 3869 4629
204 876 988 1422 1837 1843 2073 3544 3901 4781 4806
401 1587 2361 3219 3553 3587 3642 4873
540 574 694 3097 4355 4543
69 795
78 120 648 786 1322 1777 2550 2745 3132 3526 3541 4057 4102
491 861 2450 2690 3224 3648 4021
231 643 1302 1345 3150 3214 3410 4838 4864
332 1119 1320 1408 1464 1732 1842 1965 3338 3368 3906 4159 4219 4585 4755
431 522 655 768 827 896 1264 1369 1542 1663 1790 2138 2482 2651 2754 2901 2919 3002 3456 3528 3756 3826 3920 4418 4724
404 2051 2516 4551
90 1348 1848 2118 4062
63 533 2028 2063 2767 3268 3373 3790 4222 4383 4855
99 1288 2435 2947 3969
511 913 1117 1140 2099 2443 2853 3078 3393 3605 3778 4161 4850
45 508 1496 2041 2242 2704 2923 3272 3543 4457 4921
395 1120 3304 3549 4407 4916 4956
54 989 1307 1319 1421 1594 1657 1708 1788 1822 1893 2091 2161 2355 2356 2671 2674 2739 2752 3023 3142 3646 3928 4527 4661
341 1722 1829 2631 3491 4562
422 745 2624 3243 3245 3472 3473 3697 3791 4184 4197 4405 4574
171 1015 1889 2234 4884
377 1191 1221 1265 2998 3299 3774 4247 4552 4581
413 793 928 972 1040 1263 1520 1782 1947 2331 2391 2513 2570 2991 3084 3153 3274 3510 4117 4443 4762
513 530 700 893 1026 1181 1990 2191 2959 3242 3998 4122 4899
485 1845 3308 4616
144 559 568 634 842 1059 1666 1748 2192 2362 2644 2826 3049 3058 3235 3333 3437 3438 3816 4008 4142 4979
81 196 900 1161 2159 2382 2602 2604 3119 3363 3519 3727 3999 4003 4906
494 706 1509 1853 1956 2020 2137 2416 2783
611 733 964 1262 1406 1684 2065
153 227 1634 2080 2778 3907 4180
126 1368 1762 2793 3416 3863 4158 4215 4257 4324 4528
162 819 1180 1285 1291 1346 1553 1743 1758 1919 2461 2750 2896 3167 3180 3260 3814 3980 3996 4840 4910
359 1977 2753 3020 3053 4478 4539 4931
27 907 909 1672 1676 2195 2653 2944 3334 3426 3847 3923 4441 4699 4746
368 646 1467 1875 2177 2238 4358 4652
440 808 828 1261 1473 1550 2243 2643 3090 3185 3824 4081 4176 4368 4481
36 848 1194 1337 1534 2098 2313 4250 4364 4564
770 957 1115 1923 2174 4374 4631
449 2232 3207 3588 3909
135 1993 2606 3367
108 562 626 954 1157 1297 2044 2295 2657 2663 3960
458 760 1118 1428 2115 2374 2655 2950 3486 3560 4004 4310 4764 4893
1475 1476 2694 3991 4149 4643 4732 4837
350 1847 1896 3838 4793
9 104 1997 2141 4489
780 813 885 1028 1351 1459 1592 1882 2004 2304 2395 2401 2759 2823 3037 3206 3398 3782 4064 4125 4375 4558 4568 4676 4767
18 3424 3581 3721 4774
346 389 457 697 2113 2855 3001 4177
48 695 703 1156 1674 1976 2144 2342 2347 3660 3893
362 783 1139 1529 1561 1608 2404 2925 3429 3833
21 224 331 1333 1865 2474 2952 3095 4590
57 678 1000 1581 1689 1693 1820 2402 2483 2661 3019 3086 3297 3302 3408 3511 3835 4206 4456 4824 4927 4973
263 268 712 1490 2266 2953 3419 3435
272 573 2324
344 935 2093 2398 2836 2912 3585 3716 3726 4495
931 1024 1396 1688 2556 2719 4118 4786 4851
317 967 1640 1860 3569 4312 4390 4398 4470 4571 4842
353 541 1077 1080 1409 1609 1796 1922 1940 2014 2132 2259 2500 2508 2905 3229 3327 3411 4817 4866
12 764 1639 4227 4792
718 722 1281 2521 2797 3076
84 2129 3404 3428 4275 4907
434 605 937 942 1199 1649 2211 2333 2388 2529 2620 2846 2849 2929 3387 3987 4315 4565
665 738 1141 1163 1481 1798 2666 2949 3306 3389 3471 3494 3667 4133 4586 4841 4945
102 516 858 969 1760 1852 2027 2301 2330 2488 2802 2916 3013 3590 3854 4181
299 564 1818 2581 2601 3846 4020 4999
640 853 2074 2162 2477 2882 3092 3736 3994 4468
335 536 1373 2310 3370 3445 3536 4154 4255 4614
308 1366 1970 2047 2125 4640
380 879 987 2002 3096
330 416 636 1202 1211 1332 1389 1477 1641 2585 3005 3190 3227 3298 4357
679 1044 1232 1556 2316 2366 2540 2646 3241 3337 4168 4302 4938
4 281 572 1305 1985 2476 2790 2821 3215 3358 3592 3608 3803 4019 4654 4981
290 581 614 832 1682 1744 1756 2648 3021 3118 3537 3573 4093 4939
30 2747
142 371 871 1042 1419 1643 1654 1902 2106 2951 3117 3637 4607
39 1508 2225 3505 3808 4070 4409 4488
111 589 787 3956 4252 4522 4934
398 407 1971 2399 2515 3723 4033 4856
537 708 958 1216 2332 2509 2553 3003 3247 3576 4238 4477 4924
753 1105 1387 1402 1833 2198 2768 3251 3336 3664 4217 4597 4601
15 23 1531 1844 1887 1901 3108 3347
746 3555 4226 4353 4733
230 291 585 622 1164 1984 2650 3717 3837
42 1231 1595 2318 3047 4796
51 759 1008 1098 1116 1546 1653 1789 1810 2142 2220 2486 2617 2871 3421 3465 4012 4016 4761
257 1219 1621 2248 2372 3204 4593 4791
24 415 884 1071 1239 1413 2392 2682 2773 2879 3070 3354 3450 3571 4165
938 1278 1450 3401 3523 3792 3984 4580
576 716 726 1558 1873 2730 3582 4440
347 2371 2555 3129 3534
374 518 1361 1914 1978 2136 2403 2706 3406 4123 4343 4771 4975
6 419 1300 2757 3784 3986 4000 4101 4460 4679
221 502 1638 2393 3209 3738 4698
248 921 1709 1825 2209 2532 2609 2889 3751 4784
351 423 1930 2282 4053
3 302 955 1370 3094 3414 3506 4014 4233
261 329 356 1690 2505 3069 4164 4354
203 850 2309 3133
164 794 912 1881 2021
769 1326 1598 1631 3995 4722 4826
1344 1646 1899 1907 1957 2286 2965 3632 4955
311 586 1095 1824 1895 2131 2541 2547 2779 2794 2878 2927 3500 3546 4684
293 1983 2003 2042 2436 2498 3140 3348 3764 3786 3820 4092 4286 4311 4467 4492 4635
365 673 887 1205 1310 1759 2076 2271 2277 2394 2684 2819 3201 3883 4621
254 266 823 1411 1482 1697 2475 2499 2717 3650 3785 3830 4034 4304 4445 4707 4961
239 802 1266 1273 1398 3817 4103
566 2018 2052 2075 2691 3282 3626 4210
493 2365 2884 4563
179 1934 2079 2249 2481 2898 3216
152 993 1453 1620 1627 1841 2291
188 571 599 1236 1950 2134 2583 2828 3280 4875
645 883 959 1916 2114 2700 3186 3256 3443 3771 3819 3988
269 1720 3382 4160 4297 4329
475 971 1576 1591 1596 1692 1808 2083 2459 2904 3269 4124 4768 4789 4874 4885 4898 4943
484 4947
757 2425 3759
143 528 1076 1178 1360 1969 2557 4276 4674 4881
653 1270 2770 3232 3658 3801 3884 4046 4402
466 1259 1358 1436 4136 4473 4526
287 2946
161 3307 4287 4471 4729
242 278 801 814 1036 1193 1478 1670 1909 2207 2208 2431 3079 3413 3468 3610 4867
925 1075 1218 1254 1959 1979 1994 2022 2186 2451 2765 2902 3641 3753 3894 4032 4356 4617
197 2057 2116 2711 2829 3034 3599 3742 4030 4351 4587 4825
504 1088 1911 2100 3324 3547
206 667 683 911 1878 2095 2165 2744 2863 2943 3237
233 1948 2294
296 1183 1665
527 603 804 1267 1321 1454 1491 2130 2607 3121 3973 4141 4216 4334 4406
305 1469 2756 4068
0 465 3212 3662 4105 4503 4673 4721
