146 837 2071 2077 2085 2410 3577 3718
771 981 1035 1771 1799 2015 2381 3377 3630 3768 3805 3966 4719
818 966 1458 1494 2319 3328 3567 3661 3763 3887 4965
200 672 702 978 1311 1440 1661 2761 2799 2885 3258 3316 3595 3943 3967 4524 4671
182 349 2312
1063 2096 2281 3113 3210 3365 3530 4668
542 1504 2202 2626 3434 3542 4566 4858
110 729 1152 2373 3163 3172 3728
119 1451 2841 2856 3301 3834 4043 4270
216 779 1097 1441 1487 1745 2552 2633 3016 3074 3147 3162 3507 3958 4198 4299 4413 4584 4778 4959
1052 1354 1362 1578 1683 4766
236 470 878 1050 1200 1329 1452 1468 1710 2230 2573 2883 2977 3467 3499 4363 4589 4810 4967
93 1658 2612 3283 3296 3874 4110 4877
95 552 1010 1404 2260 2455 2804 2940 3213 3688 3767 4416
445 620 859 950 2261 2843 3285 3420 4023 4246 4609
1109 1272 1306 1410 1792 2339 2349 2580 2911 3432 3878 3971 4022 4199 4350 4391 4656 4697 4739 4831 4912
391 607 705 734 1058 1208 1304 1905 2250 2564 2610 3008 3323 4316 4400 4622 4802 4819 4882
472 505 642 711 880 1342 1524 2705 3072 3231 3381 3680 3809 4818
194 723 1325 1537 1772 1868 2255 3522 4058 4201 4225 4458
61 1298 1785 3407 3822 4373 4389
409 919 2228 2637 2688 2851 3015 3244 3364 3514 3864 3953
418 1093 2353 3124 4728
627 698 862 1807 3000 3797 3900 4605
499 1240 1849 3550 4636
167 229 2464 3062 3262 3563 4829
400 717 1020 1474 1588 1616 1746 2526 3384 3843 4514 4712 4726 4803
32 906 1108 1128 1328 1471 1538 2588 2673 2956 3321 3574 3886 3981 4147 4325 4360 4650 4745
212 481 1750 4038 4675
149 713 1493 1716 2776 2815 3880 4148 4274 4623 4645 4787 4995
394 747 849 2067 2175 3376 3677 4237 4428 4602 4994
53 633 812 1527 1740 2390 3985
367 1057 1444 3126 3698 4987
555 583 776 1526 1589 2019 2317 2328 2439 2501 2895 3383 3439 3859 4104 4439 4506 4521 4544 4854 4878
35 663 932 1630 2623 2645 3556 3672 3687 4025 4328 4579 4940
44 128 1891 1915 1954 2070 4111 4330 4344 4436 4935
17 579 696 1229 1960 3137 4812 4847 4894
430 594 644 730 781 1021 1206 1252 1316 1394 1569 1580 1642 2321 2611 3099 3151 4309 4326 4501 4533 4599 4638 4832
26 1986 2412
1442 2046 2698 2801 2818 3236 4401 4505 4960
340 526 593 1380 2062 2421 2788 2886 3433 3442 3618 3954 4185 4283 4504
421 1110 1372 1384 3225 3313 3480 4120 4140 4651
89 651 719 821 1815 2510 2563 3100 3441 3489 4937
295 360 2760 2781 3331
117 448 856 1055 1096 3135 3566 3861 4996
601 621 1241 1466 1867 2109 2762 2881 2899 3009 3181 3188 3829 4189 4411 4647 4949
98 1764 2152 2506 2551 2594 2595 2632 2865 2880 3876 4091 4099
71 538 732 3036 3071
34 107 715 2833 3375 4249
313 519 953 1472 1523 2990 3649 4166 4773 4901
385 740 1499 1727 1731 1951 2903 3290 4592 4667
1243 2792 2955 3194 3281 4040
66 74 659 777 1225 1435 2069 2094 2497 2743 3077 3240 3607 3703 4131 4446 4738
397 970 1130 1765 1866 2527 3374
56 965 1536 1982 2147 2873 2988 3052 3202 3562 4279 4419 4557 4642
298 1579 2615 3029 3690 3711
253 521 891 1112 1244 1314 2269 2910 4424 4964
325 1032 1567 1668 1857 1874 2957 2968 3513 3679 3836 3962 4155 4805
361 489 739 929 1488 1570 2667 2728 4706
798 1030 4670 4853
235 2256 2413 3343
271 441 592 1405 2702 3346 3757 4126 4887 4990
5 846 1051 1350 1563 1568 1703 2296 2469 2659 2755 2978 2994 3055 3164 3182 3221 3275 3303 3317 3326 3729 3811 4071 4346 4776 4902 4958
597 1426 1981 2236 2460 2558 3259 4005 4174 4205 4332
193 618 2539 2859 3134 3689 4735
265 836 934 1091 1159 2169 2664 3026 3477 3957 4909
301 509 515 899 903 961 1172 1299 1379 1383 1416 1723 2157 2278 2423 2566 3107 4362 4731 4797
480 2258 2279 2493 2716 3355 4952
748 847 990 1103 1739 1828 1987 2533 2548 3761 4047 4830
256 520 610 1276 1532 2579 4018
247 561 662 1085 3517 3762 4296
1079 1308 1375 1522 1541 1806 2546 2668 2734 2961 3266 4066 4284
14 1062 1089 1269 2344 3392 3589 3776 4239 4408 4690 4782
328 676 952 2322
220 1207 1880 2969 3620
310 772 811 1153 1830 2034 2518 2587 2992 3014 3083 3103 3422 4050 4127 4744 4880
277 1078 2472 2569
72 474 556 613 1029 1975 2060 2166 3311
641 805 1005 1246 1429 2005 2039 3136 3597 3780 4474 4518
223 997 1041 1340 1699 2411 2452 3318 3647
259 3947
124 638 2542 3508 3885
447 684 743 796 1018 1137 1175 2605 2677 3031 3344 3970 4742
133 810 1127 2578 2840 3105 3300 3425 3681 4600
106 943 1470 1651 2239 2738 3254 4386 4437 4582
205 1681 2204 2415 2567 3870 4716
214 737 758 1038 1190 2190 2219 2417 2725 2782 3042 3152 3350 3670 3719 3915 4438 4626 4718 4895
420 875 2245 2592 2981 3851 4462 4688 4705
1227 1545 1876 1935 2791 2964 3552 3875 4153 4396 4683 4794 4833 4868
169 4701
792 960 2056 2252 4282
187 1619 2681 4112
686 1100 1292 1659 1832 1879 2064 3179 3295 3895 3929 4087 4145 4152 4529 4634 4664 4905
962 1149 1279 1352 1420 1747 2336 2453 2600 3319 3322
176 369 2185 3353 4078 4425 4869
163 788 817 1695 2024 2907
172 429 661 898 1335 1516 1903 2414 2560 3359 3394 4114 4115 4423 4493
46 225 532 1448 1637 1988 2302 3198 3341 4162 4307 4928
664 1053 1392 1555 1863 2308 2340 2941 4151 4345 4779
118 1933 4202 4821
468 756 1390 1425 2305 4480
127 807 991 1155 1364 1528 1691 2378 3524 4273 4737
100 709 806 1602 1941 2306 2522 3064 3131 3724 3745 4790
671 914 1386 1584 2240 2265 4041 4414
109 824 1124 1850 2798
396 3048 3196 3415 4459
405 1495 1706 2214 2930 3046 3351 4318
73 872 951 992
160 338 486 763 1381 1456 1884 2146 3345 3693 3968 4388 4519
154 784 860 936 985 1182 1492 1593 1724 1776 1964 2407 2591 2608 2931 3012 4612 4657 4844
685 1066 1991 3160 3287 3509
399 2153 2275 3039 3051 3691
67 863 1129 1572 1660 1787 2170 2864 3116 3760 4594 4984
300 3561 4754 4834
40 1395 1754 2531 2597 2914 3451 3891 4083 4861
345 4727 4765
75 148 1363 1400 1611 1774 2012 2538 3144 3294 3395 3446 3813 4293 4347 4484 4942
121 1209 1293 1877 2660 3948 4799
157 855 1060 1224 1347 2222 3613 3669 3964 3979 4001 4788
22 736 882 918 1107 1573 2665 2980 3080 3440 3937 4100 4146 4230 4337
189 363 1590 2215 2441 2796 3749 4379 4421
435 2379 3403
31 565 1022 1135 2737 3067 3399 3945
86 1517 1803 4013 4080 4209 4272
94 318 857 1355 3591
16 482 840 3305 4371
97 1924 2084 2200 3974
7 546 553 1486 1624 2193 2231 2440 3148 4203 4240
393 531 2135
294 2164 4076 4095
288 303 774 841 2183 2575 3176 3821 4338 4404 4496 4896
70 323 666 1189 1192 1313 1664 2088 2549 3191 3255 3453 3921 4113 4138 4399 4547 4549 4603 4974
384 590 789 979 1287 1559 1945 2086 2206 2724 2810 2891 3665 4200 4260
43 309 889 1099 2126 3339 3779 3781 3795 4434 4559
52 2246 2811 3783
180 249 4508
267 1465 1855 1918 2718 2874 3604 4431 4795 4800 4908
339 973 1781 2524 2627 3668 3708 4157 4245 4314 4382 4758
366 616 815 1138 1583 2122 2429 4191 4322 4749 4980
838 1134 1378 2139 2386 2731 4500 4845
749 1222 1256 1729 1897 1972 1998 2224 2226 2918 3035 3636 3977 4333 4653 4714
1179 1356 1780 2283 3464 3559 4553
306 649 707 1577 1821 2352 4171 4807
37 424 2053 2227 2584 4188 4658 4862
688 1735 2695 3755 4251
333 609 728 800 922 998 1755 1769 2031 2233 2715 3063 3902 3925 4378 4395
1 3025 3211 3866 4525
517 750 1007 1417 1446 1811 2054 2210 3177 3676 3932
324 1560 1574 1938 2087 3171 3532 3539 3631 4889 4914
270 551 1856 2029 2675 3130 3482
252 258 2917 4976
28 2325 4538 4815
1431 3575
497 1070 1327 1539 2150 3379 3873
228 720 1049 1084 1705 3409 3520 4031
1033 1131 1213 1258 1968 2184 2809 3056 3203 3218 3222 3369 3712 3730 3882 4044 4218 4678
461 1083 1133 1324 2235 4139 4204 4993
833 945 980 1235 1548 1644 1669 1869 2154 2909 2937 3073 3483 3603 3844 4182 4192 4426 4753 4785
129 543 1160 1737 1920 2586 2696 3418 3436 3800 4183 4290 4497 4696
452 822 1101 1121 1146 1220 1626 1797 2013 2025 2203 2920 3356 3617 3714 3775 4966
210 275 334 886 2870 2970 3521 4108 4926
219 386 1601 1607 1726 2128 2212 2300 2430 4537
1002 1564 1645 1996 2428 2825
237 596 1104 1150 1212 1480 1636 2272 2338 3246
192 1237 1275 1330 1374 1603 1628 1943 2048 2314 2468 2726 3228 3936 4464
689 816 826 940 1061 1196 2465 2924 3400 3481 4277 4510 4606 4644
186 742 924 2723 3127 3293 3352 3706 3799 4015 4063 4261 4625
87 524 582 2078 2346 2850 3934 4187 4777
13 177 453 874 2176 2511
392 1064 2621 2712 2748 3512
464 3485 3622
150 761 933 2180 2973 3098 4577 4703
473 657 755 975 1203 1430 1656 1835 1917 2072 2844 3291 3897 4143
132 567 629 825 1397 2603 3625 3796 3911 4037 4089
141 619 1793 3158 4079
446 1554 2205 2766 3310 4011
105 1016 1505 1809 2438 2634 2732 3694 4244 4588
123 510 3060 3447 3515 3848 4610
204 876 988 1422 1837 1843 2073 3544 3901 4781 4806
401 1587 2361 3219 3553 3587 3642 4873
69 795
491 861 2450 2690 3224 3648 4021
332 1119 1320 1408 1464 1732 1842 1965 3338 3368 3906 4159 4219 4585 4755
404 2051 2516 4551
90 1348 1848 2118 4062
63 533 2028 2063 2767 3268 3373 3790 4222 4383 4855
99 1288 2435 2947 3969
511 913 1117 1140 2099 2443 2853 3078 3393 3605 3778 4161 4850
341 1722 1829 2631 3491 4562
422 745 2624 3243 3245 3472 3473 3697 3791 4184 4197 4405 4574
171 1015 1889 2234 4884
513 530 700 893 1026 1181 1990 2191 2959 3242 3998 4122 4899
144 559 568 634 842 1059 1666 1748 2192 2362 2644 2826 3049 3058 3235 3333 3437 3438 3816 4008 4142 4979
81 196 900 1161 2159 2382 2602 2604 3119 3363 3519 3727 3999 4003 4906
153 227 1634 2080 2778 3907 4180
126 1368 1762 2793 3416 3863 4158 4215 4257 4324 4528
162 819 1180 1285 1291 1346 1553 1743 1758 1919 2461 2750 2896 3167 3180 3260 3814 3980 3996 4840 4910
36 848 1194 1337 1534 2098 2313 4250 4364 4564
135 1993 2606 3367
108 562 626 954 1157 1297 2044 2295 2657 2663 3960
458 760 1118 1428 2115 2374 2655 2950 3486 3560 4004 4310 4764 4893
780 813 885 1028 1351 1459 1592 1882 2004 2304 2395 2401 2759 2823 3037 3206 3398 3782 4064 4125 4375 4558 4568 4676 4767
18 3424 3581 3721 4774
21 224 331 1333 1865 2474 2952 3095 4590
263 268 712 1490 2266 2953 3419 3435
272 573 2324
931 1024 1396 1688 2556 2719 4118 4786 4851
353 541 1077 1080 1409 1609 1796 1922 1940 2014 2132 2259 2500 2508 2905 3229 3327 3411 4817 4866
12 764 1639 4227 4792
84 2129 3404 3428 4275 4907
308 1366 1970 2047 2125 4640
380 879 987 2002 3096
4 281 572 1305 1985 2476 2790 2821 3215 3358 3592 3608 3803 4019 4654 4981
30 2747
142 371 871 1042 1419 1643 1654 1902 2106 2951 3117 3637 4607
39 1508 2225 3505 3808 4070 4409 4488
111 589 787 3956 4252 4522 4934
398 407 1971 2399 2515 3723 4033 4856
15 23 1531 1844 1887 1901 3108 3347
746 3555 4226 4353 4733
51 759 1008 1098 1116 1546 1653 1789 1810 2142 2220 2486 2617 2871 3421 3465 4012 4016 4761
257 1219 1621 2248 2372 3204 4593 4791
24 415 884 1071 1239 1413 2392 2682 2773 2879 3070 3354 3450 3571 4165
576 716 726 1558 1873 2730 3582 4440
347 2371 2555 3129 3534
6 419 1300 2757 3784 3986 4000 4101 4460 4679
351 423 1930 2282 4053
3 302 955 1370 3094 3414 3506 4014 4233
1344 1646 1899 1907 1957 2286 2965 3632 4955
365 673 887 1205 1310 1759 2076 2271 2277 2394 2684 2819 3201 3883 4621
254 266 823 1411 1482 1697 2475 2499 2717 3650 3785 3830 4034 4304 4445 4707 4961
239 802 1266 1273 1398 3817 4103
566 2018 2052 2075 2691 3282 3626 4210
493 2365 2884 4563
179 1934 2079 2249 2481 2898 3216
152 993 1453 1620 1627 1841 2291
188 571 599 1236 1950 2134 2583 2828 3280 4875
645 883 959 1916 2114 2700 3186 3256 3443 3771 3819 3988
484 4947
757 2425 3759
143 528 1076 1178 1360 1969 2557 4276 4674 4881
287 2946
161 3307 4287 4471 4729
242 278 801 814 1036 1193 1478 1670 1909 2207 2208 2431 3079 3413 3468 3610 4867
925 1075 1218 1254 1959 1979 1994 2022 2186 2451 2765 2902 3641 3753 3894 4032 4356 4617
504 1088 1911 2100 3324 3547
233 1948 2294
296 1183 1665
527 603 804 1267 1321 1454 1491 2130 2607 3121 3973 4141 4216 4334 4406
305 1469 2756 4068
0 465 3212 3662 4105 4503 4673 4721
