200103 220085 311307 359487
160294 304770 135499
14960 353462 473895 232272
179001
118948 209822 455700 482725 191846
302489 363427 363428
82995 156987 280502
42888 217362
4092 104191 341575 389644 413419
301834 353399 497007
47797 58633 89278 340186
266568 340791 412272 453272 526727
99505 126694 133115 264885 502972 522555
96239 351364 473115
74354 128808 201212 345411 376224 431343 432551 484443
104761 166117 193805 245190 262219 484283 521532
169543 219957 284749 346229
100579 137990 373778 428792 483698
11799 11804 147132 449388 452567 533929
135652 152314 172487 220229 249463 340532 389009
132737 135088 364856 428580 428582 474613 516378
5384 110507 110512 110748 192985 372395
7916 86421 88597 126382 153577 188170 200838 214804 226320 251763 264382 266291 288764 370403 430441 476094 476822 535698 425892
119540 273430 538298
66912 261575
17215 353654 443155
29159 188735 292677 411328 464161 476644
116154 291163 521598 531640
8558 315381 449093
23338 53654 74163 424802 450237 535531
93003 163816 212108 347287 387941 422973 536483
221215 230413 246114 270592
90508 136916 241677
28346 122368 382295 493122
68164 90017 164035 209103 221076 234757 344437 386267 395500
1602 316508 365982 382058 417272 425507 495172 523055
26093 291832 383968
57824 82730 90608 107186 109422 328644 377039 391732
10481 274969 331646 437618 514322
41233 46638 93866 149190 154979
2230 17348 47156 63867 303329 312849 351508 353748 361150
120942 146227 213167 267988 278186 394142 452083 508006
59586 60022 86758 100707 119487 128025 143005 166165 166170 166173 167893 191264 191279 196142 244171 307846 424622 424626 505371 505374 533174 534471 68775 188036 269006 501967
231176 357878 372935
138094 164230 290174
13837 15316 293389 382801 392824 430704
56630 142980 205060 287196 356294 380243 448373 454314 500534
11426 31915 31935 56368 79164 132000 476278 538265
42761 58894 102756 108405 172687 173342 329503 387236 426707 455994
132950 176263 176270 202686 222274 274441 305768 415354 482125 505282
100897 268935 276495 341825 448472 448478 448479
100394 173813 186430 320672 396870 536290
193203 228571 253308 460939
189330 199812 220034 382482 526388
8680 40204 60792 136948 406220 432419 442368 455693 466569
13507 52414 73606 77307 101960 114258 136805 162278 182520 326114 350260 362817 363913 365166 392538 411500 445249 472275
42828 329732 440992 459589 493912 499772
69474 378519 426387 422756
16111 97128 97129 97202 216065 268915 280334
130722 203259 234035 341428 452316 463827 488085
190422 542889 542891 542893 543618 543619 543620
94085 98742 152903 226158 274813 544421 545678 545919 546598
51162 294043 362026 470113 482419 507403 528331
117609 173667 305042 306504 327667 423171 438183 490100
299655 331526 387434 504235 505148 540854
64751 214829 250005 253000 308617 331600 392902
241283 309494 478888
14254 17479 19463 40144 64777 73725 217657 363008 487180
54237 139208 161829 215794 253322 269821 291619 387913 446679 507731 507736 507737 507750
5582 193375 213676 329508 339289 350684 374744 495203 537580
59509 68430 84384 93341 172036 294094 310314 504212 537726
36240 93547 108203 344212 375470 419212 501901
35284 59771 109204 124094 149985 153287 222178 308746 329470 504430
63076 67221 182616 249104 274294 354326 438866 463165 465766 484041 400510
20676 60967 70797 114872 222386 228567 269750 350356 388751 509194
8624 167296 201470 208857 278798 314560 314562 321722 371764 480955 503374 503379 507101 528245 71107 191306 233613 245602 307426 394812 449979 515033
68113 248483 324474
15708 44578 60897 85733 110288 114293 114561 182337 184866 346617 372891 508820
230959 282607 363928 493355
192260 201171 230723 400924 464459
62212 283926 311238 335193 480585 521499
94157 228971 387856 473690
10894 223802 266177 269398 359725 367675 486535 487448 515271
13437 29680 90726 228006 231984 232184 275232 281326 286390 292478 333743 411034 527883
10904 91931 435284 436218 522544
11462 163294 209787 318299 319527 385265 416994 421463 430736 514230
17994 27468 67232 133986 162036 182146 263489 279061 288871 381698 435800 436924 466532 479941 519796
40257 149459 302298 323354 391957 468596 532365
94879 105993 201582 223642 239954 272973 355461 377006 395464 406110 536260
78535 165352 546303 547111 547342 547343
19614 215706 267299 483438
29036 77589 108247 266452 311349 336378 392981 472012 487744
80308 112477 121302 139178 189107 190820 418406
7933 15292 16714 20070 73991 77749 102398 127074 165039 190124 196165 205831 257703 341768 366000 382206 433499 472771 481690 516440 251441
44426 47494 75576 204016 248069 279223 310859 433392 532459 536535
4005 97674 282981 319136 371558 391665 463620 474167 493578 496977 527275
25301 174471 344202 344204 440423 440425
41885 66520 107582 228892 248812 253624 273314 343630 463360 525454
14245 54528 144069 259746 418053 436121 446311 523611 527637 310133
42155 258784 354458 396741 414237 486636
225413 250186 301853 404231 488254
90577 126741 153081 348218 359435 372359 471941
134939 348821 415746 439139 457766 517963
11773 48550 73233 133069 213093 238783 253868 281946 332097 368011 391925 501400 505764 519200 525564
60937 101631 103133 153491 181126 284423 287808 303562 326990 334991 346114 462464 493507 538396
224059 340825 77973 104619 138098 157451 200073 215235 272992 341906 374113 396912 451406 475476 520641 540456
155539 267320 342293 462683 477039 491661 542743
121006 168431 175809 193599 263169 271753 301093 350839 357226 376665 422678 449137 473120 207193 324488
217508 496276 526306
66845 78137 87081 117839 126668 143384 212946 217171 220921 262565 325480 356109 378276 388855 423092
40389 44825 49681 118929 127273 197822 220482 326525 401298 465054 489348 513780 522984 502143 123091
78909 215320 224554 369575 405822 530108 539677
38076 362908 388892 450893
15615 60709 77776 117427 161472 191527 201338 216044 253298 275950 287774 368505 458040
6290 16051 20998 91627 186585 223416 277700 302104 342521 384625 417199 471109 495975 524273
146593 542865 543189 543666
195496 311567 381599 432389 500036
203826 365198 365199 503396 517526 517527 365196 516830
4390 30922 38325 38893 117542 146298 199234 218763 318580 331095 342640 507166 526214 531176
89139 105230 129923 145106 200053 213860 266813 299825 300708 340706 461995 475011 521116 534520 539128
12629 41702 67693 89528 90297 92608 96938 114916 132917 133918 157752 189521 211515 236396 315562 342020 368609 389835 466850 486160 520870
95647 164236 199674 264636 297091 319430 342614 358037 375289 440086 451990 467636 485361 520733
49230 360803 420228
22967 63725 260630 290530 331860 426567 454171 470571 491828 531263
175657 467601 530943
128 26513 374193 441002 448673 465275 530340 530910
52832 78161 94146 99690 146709 159374 187702 234734 296855 297650 301723 304234 318902 333628 334780 352715 376728 400669 441673 449166 473141 498010 513131
9169 110248 172923 235924 287140 420467 475607 488004 497146 502040 510389 530238
237977 435552 481973
26015 238365 286350 343737 344307 348522 441053 535666
544135
149703 192027 279526 478314 480259 501820 521157
23051 122983 362571 458331
7651 34204 35242 62164 112685 179116 179914 235463 235864 238654 361420 388591 395097 404319 502010
57455 144221 188534 331603 408758 429358 521201 529907
42080 48627 66647 155864 165125 177942 205662 225318 226635 328494 359726 364489 428164 428900 442766 473812 536067
192722 365437
42714 100259 198172 216202 230862 242628 345528 356182 359466 399876 511516 515102 531753
67554 67555 130970 162263 171940 199941 204174 204177 215668 540481 542439 542860 542948 543633 543634
18946 21193 74639 133887 151531 241574 297110 382408 426827 428152 445944 450706 505600 451372 345863
299842 434493 434495 438850 535349 535350
4085 10486 60002 415440 508129
67412 87694 116840 199841 213022 235471 255529 261886 327390 338053 377548 522428 530854 540364
43606 50157 103921 134935 368947 447988 452260 517606
36205 52427 62450 83103 91182 128125 157901 211039 233672 240238 258449 281286 309044 385739 402937
10641 53936 78875 118863 182663 271001 353275 398993
43572 154506 157140 238989 265976 283468 303403
10596 10598 10599 10609 10613 10627 59821 118088
70863 83615 91645 95788 102898 108191 134064 158928 192759 230977 255781 292712 301086 317602 341644 377255 386664 437385 442207
4804 26284 49697 66802 84512 91726 123900 170107 266583 320914 354669 376458 417848 424287 486252 503239 518091 526735 532709
322302 405631 463403
30582 47276 61182 98764 137182 163495 228881 342258 364790 376494 421426 502459
1758 9323 24694 57014 59710 77102 81958 86168 101776 111955 131181 137178 154620 155142 161382 177501 190275 196335 201881 209023 212260 213422 214328 236079 244865 282389 292279 335149 342299 348300 352674 401485 426918 432714 474443 481587 502756 530182 532864 533262 538656
19994 43938 57643 68489 82549 114756 149140 177851 206831 231528 300044 391504 493495 498882
10539 49330 51625 157060 172940 177681 184803 193534 212245 222181 242068 247051 254528 280526 387584 403840 413495 439133 463382 472626
26233 87261 251237 360195
19006 20353 36212 130580 147273 164738 184854 266542 267803 309698 357847 375611 414330 446541 462268 463325 465393 495135 517602 544044 544964
144403 491995
33771 271638 523952
11141 79941 104574 129272 153920 173927 289804 336133 353501 410519 424655 427212 462012 512038 541814
180712 288126 304564 331974 356196 364176 380137 56946 133099
42687 161938 201570 201574 215112 216724 252984 277248 44355 51882 143104 257863 260603 463234 509575 81166
75600 101909 109197 128781 153991 235216 261771 278740 299942 300327 312433 329881 348662 487512 494261 531782 535205 535798 545002
51511 75966 152623 156415 172515 224878 246707 251888 261897 336439 371052 436219 508151 510977 518809 520180 526119 531909
348108 372238 396166 415253 443821 492595 160798 164828 233468 257621 281988 353931 522415
124 243477 302516 318491 320027 366784 10654 125100 166530 179787 195458 228556 288775 317488 331907 497889 497891 53198 136177 136179 177374 237754 262450 331946 354092 454459 499411 523408 226543 237756 354090 499414 237914
3464 105174 126775 205091 355231
149259 192466 276799 363813 386371 430475 437545 490395
77713 315631
544663 544666
1585 148532 159036 300116 300117 300120 310216 335158 335159 335171 341594 351682 425066 425067 429655 488537 513170 532991 35191 481957
17999 60502 82648 139614 186839 273870 288281 331220 331221 331222 476590 530974 543502
232842 259903 319367 344561 366254
113748 138273 163163 210212 456487 466352
12746 122537 303521 303549 320702
8481 21046 77024 91252 95685 103400 216381 242686 246761 274946 281478 292120 423896 441658 450625 474757 480790 481279 498400 500282 506249 528442
495392
6936 24169 104066 218474 246022 265339 344497 437263 466104 523617 526436
292085 368988 368990 369000 369002 476488 542678
26594 43658 91655 119305 130923 133904 138501 217696 219264 220277 238708 248185 279761 280410 283793 299828 313661 317384 350642 363273 373276 396297 414043 416134 423615 458612 463809 527812
19043 59514 73765 143573 169293 192709 205568 229736 237027 255918 280211 359417 383743 390104 418481 450023 468033 490635
78497 84342 127711 207962 259116 277892 282665 327251 328525 352696 451489 2641 391377
65060 125994 133562 144713 159868 162977 164250 168743 182116 189339 207402 231714 260596 293562 308944 313823 339172 343646 406785 422696 455986 472600 475084 515316 532383
73719 114536 128824 136590 138828 160179 170291 212243 236022 266172 299023 355594 355906 376623 388080 412785 435329 466444 488471 507142 532963 81482
5829 13732 48968 98588 118943 143608 145927 168570 174928 187370 193654 255303 255775 327145 334757 366418 377884 410943 419483 444875 498286 507155 539820 541959
31455 171028 467252
8619 64259 89532 100452 107976 108073 182478 190065 224978 239320 327059 360260 363769 375710 382607 404936 411334 415818 417210 435207 450533 453454 454437 459849 484008 503238
129718 172754 295873 506571
49098 82214 91232 127277 172194 194256 222011 233864 258976 283373 356956 439814 515581 521118
55674 109648 120923 120977 132830 137880 140689 143495 155868 157659 173171 176204 181154 201249 202731 211279 283022 411093 419011 423566 431231 453635 471834 485258 501192
41377 53293 70108 80392 135867 153075 155151 161949 181064 185580 214046 225457 311490 342317 347739 380326 392651 426115 432920 462465 544323
4365 59908 109351 124819 148039 157047 211726 213292 231545 289611 317169 324952 335295 349450 356399 391296 409903 410732 448053 474908 493950 516340
16648 30209 44363 118433 121174 124176 134925 162112 164515 185683 186312 186915 210884 237812 336128 336618 408265 440144 483406 488903 490890 523852
11892 12009 35115 76213 80999 90260 91945 105595 135311 204884 229019 248070 272841 311508 332908 450997 481877 487539 496242 498600 538792 544871 546444 206810 421873
128627 136234 141226 155398 243929 298956 340063 346543 533990 537803 113067 131985 234545 310111
35651 60708 70392 107783 187563 517993
30750 34871 84256 95613 110514 111861 128494 136771 144738 153115 169867 194926 202702 227251 241853 260745 269403 273321 273547 298033 302756 326539 335113 339242 343976 364433 383249 431169 474655 513119
293336 413584
216758 301613 457714 492112
181730 409204
5453 78987 96792 132284 242538 501529
20839 81900 97607 123315 156093 182454 194704 233263 258046 290926 328302 347983 369001 389655 494187 495549 506623 518711 521336 189841
448106 491470 384181
76857 192190 224555 418493 282602
15270 66281 130135 144241 158407 171071 242712 362431 370106 373682 420969 447474 518949 519172 307057
118500 138301 185469 318344 321153 471730 505190 519051
95586 95587 123842 123844 123845 139010 197816 197817 197821 312064
18190 38480 71354 81552 94855 128249 152868 182310 184264 220163 225031 227406 232303 254623 274298 290897 298738 308918 309857 311002 320438 343071 345638 368673 373165 440277 484545 517668 524359 528984 278360 344511 141989
1872 2683 6690 30562 52005 53841 111123 132503 157258 169076 240480 254184 300768 306709 314403 316507 331412 357452 359145 374435 413433 449838 469791 171078 293872 311154 348197 431150
33775 34344 55884 68039 93187 98625 109736 111770 134429 145091 150045 176450 181537 185741 192523 208913 227118 228947 233940 239847 261341 271300 274085 300749 319133 333494 350452 377920 401870 403157 425786 430938 449042 466662 469062 477450 487125
28416 150515 303431 521792 529784 533788
33373 102751 226599 365061
40443 85270 107054 144416 146481 155513 164014 180755 185174 194103 235411 236017 281125 289496 304639 334170 336162 346319 352500 392857 452292 459124 483247 493148 522191
219574 293470 445812
423341 440525 468511
310063 360181 394975
101861 106173 114322 148907 153636 161757 201671 207228 221661 275045 280108 283055 311040 313296 341228 364875 388652 393295 397377 466428 476504 526555 539909
31477 89137 99819 124384 206440 235296 316259 340403 341356 354668 368619 395288 450336 474308 497868
188409 288952 446726
80447 500105 520891
93478 484070 535228
11442 79797 238939 250678
4146 21483 25701 33803 35571 42149 49035 51773 51935 53222 63874 66787 102775 108580 133152 178686 195538 201227 214149 220904 248037 251959 271813 272524 276246 301600 304321 306793 331207 337486 403381 407774 421033 451183 462832 468261 468948 478839 483679 493743 497701 499925 503771 504740 519747 520679 525716 537153
132 2753 10492 26999 67768 91930 107687 123451 136947 143715 150450 178427 187128 206097 224509 283685 287924 298937 308657 317267 317693 325902 331669 332167 333849 335782 340592 341742 344923 355913 356166 358800 380726 407613 426678 450384 452522 489563 494670 505753 536330 540235 17208 246912
83556 225562 288778 376757 448444 452315 520327
236462 318313 392318
2935 8546 37312 52850 57868 92451 99270 115476 121551 159870 167319 179255 183430 197590 216822 219109 242336 243758 243803 268300 314903 329234 365332 375325 376975 392090 400604 422473 472911 490032 492754 498635 502495 505175 516834 517850 532895 533033 542607
138889 138890 163775 499031
177204 237989 304250 437722 462984
42904 74490 94531 390335 390340 413048 509348
183955 238496
13739 40029 133761 168584 299008 342622 421579 455425 478924 535534 541585 108184 226291 409148 493142
40935 89837 99659 108268 135360 147214 197439 198351 282863 293297 310645 334574 377165 413084 417223 538642
58088 62692 104408 112089 195101 206941 217095 262513 270094 348874 396905 433594 506776
63368 157272 256198 373528 427654 466283 482155 497000 517875
18673 218537 296685 300448 362960 387071 474169 516348 366943
114319 198684 386738 392437 470404 304846
42420 256011 408401 462256
32115 193098 380604 428448
14012 164042 190637 221367 323614 528646
88030 395816 420502
134811 143095 154832 224007
91765 131554 210783 226898 234650 242071 463803 488316 524331 524962
419621 520468 529818
2959 90731 145910 208358 225665
6866 41056 45028 72777 76615 83469 85939 98963 102118 142413 144541 163711 184227 184237 191141 335966 363689 438202 453943 476929 523226 537684 540421 546859 546860 546926 548103
5238 25749 121270 168715 168720 182430 193790 205319 228831 229510 254263 261558 317603 320128 406305 406909 412670 445716 471009 494860 539125 3833 6579 23465 26373 28053 33812 49761 56052 71736 73400 74439 76881 98269 99373 101019 105619 107972 122915 127345 131182 131211 188073 189959 195210 215955 217230 223061 311872 333916 335763 343242 349055 396649 403255 420427 432937 434966 452884 472722 494481 504305 519013 536830 19341 23890 23916 47744 55043 61178 65008 66096 67395 91592 103544 114473 120380 131093 135702 139089 141711 142427 156691 162652 163920 181953 189013 200271 210992 212553 215914 220330 234271 235970 250182 279216 327890 358034 363926 367285 368176 373188 389871 397590 421557 423859 426269 433843 444750 445441 475581 515659 522750 544898
9762 16457 126438 196682 214555 542319 542780 51175 136210 159972 189286 204831 221801 301886 301889 313801 379184 542026 544939 542899 28513
19767 31348 51187 137338 216885 217970 225811 273670 430544 530090 540372 14981 69831 74852 113192 171689 199263 233859 362572 367645 389494 391528 504792 8533 11683 13850 22036 34011 42769 50574 56822 66284 73601 92249 98536 118315 140265 165124 170461 171214 172228 184612 208216 213303 224371 225637 237646 262995 268848 279185 303673 313078 316345 357203 360161 373473 380727 382881 392875 403958 414636 439593 440566 440606 453411 464863 501634 502786 503628 520005 541185
359086 401165 401170
75183 155666 272830 335473 530008 79348 300830 313309 314477 366327 541715
68139 128205 307436 334903 426857 450061 517043 535832
12969 17440 17442 177782 193609 210707 210944 360223 414010 429334 477237
17651 27941 223909 223912 338888 395199
281058 447090 461414 516345 370840
924 2154 7717 10821 28941 30018 35504 46696 48189 54375 58441 66628 67982 99219 102502 117907 156784 158013 198477 201146 219381 223290 272414 277374 278958 286679 298089 309230 310994 311140 330712 331516 344648 355273 369723 369741 376306 379961 397001 398638 414973 473965 474764 489111 496449 498378 509500 238220 331020 181932 320334 185616
24458 24462 170798 261193 336745
202056 273441 339154
131606 194419 267520 345790
13343 338539 350390
10597 240442 327664 399829 464899 496047 531694
4109 70601 216089 338212 350856 426263
237774 363864 531441 543408 311724
8050 166768 179327 193507 412931 533900
95353 134505 140199 194007 201631 210570 276645 306456 351661 351673 351676
64498 342953
62919 111580 212352 248013 335458 396966
152840 161205 171167 299566 381447 505203
37848 107400 215330 323988 539229
116690 247247 328962 433697 482834
56618 166948 273463 456543 498058
6899 37829 70409 244754 336593
398645 409979 437578 482249
12217 46365 282787 361395 422700 448660
5465 317640
210464 235705 271023 276501 336961 471385 234839
120070 444034
61530 83599 148944 174182 210875 439731 444804 464000
30600 279287 339180 342724 415141 425574 481907 515124 496284
161487 520439
68136 110648 168437 274280 350351 388282 471342 427997
99000 205050 251359 343813 360916
55637 58670 73810 185383 212225 242680 289741 368252 404060 415676 437455 463509 488077 488851 519580 531535 542645
345032 464020 117667
73329 98270 118840 235847 284992 372995
88809 182037 456555
13922 48340 405403 430146 452788 493034
118476 184590 185177
139308 225913 225917 225920 270531 394455 402113 402118 424025 426077 450891 473881 185975 430324 453584
187138 238935 241623 336468 362231 426133 120488 179726 226709 468205 484171
49502 79444 156874 156876 173793 244533 269011 430740
82245 256513 256515
208154 208741 210255 524274
66081 79786 89597 107736 198484 205739 273096 282498 353324 353333 355197 406398 444215 520291
50957 253794 286274 376122 496093 142680 325101 351669 459635 465905 476197 505195
55017 158534 339500 469396 66413 155096 300910 318079 318090 407868 425656 518217
123654 477606 481910
39840 45922 395427
118203 206513 212121 365285 381652
66078 131037 240998 241019 299583
241707 351881 357744 386269 480500 490791
75789 353622 353624
11074 105139 201095 221647 347908 381506 388324
381352 456223
72994 173411 288816
93813 217054 226679 239069 263728 273303 471341 488806 513604 517124
32975 38714 175966 257175 267496 326382 336242 346393 405645 477297 522364 18722
24556 72977 160597 342426 343259 524098
47117 71691 94320 96612 99883 145706 187493 199701 209501 234500 312334 360517 362851 373067 400235 438664
111722 122613 122622 138325 147105 181666 223046 249702 362176
72949 133416 146317 338396 415656 462883
125167 202927
2517 13948 58522 118905 143603 149744 224211 226965 279708 282410 301181 328021 328447 419721 430559
4465 124908 202570 229395 230023 434832 452470 497934 503387 523812 451346 478089 502966
35725 43137 133308 239463 307276 312046 423981
196132 196135 491949
28914 435234 442226 463375
36956 354618 377661
14011 19088 65997 107706 107709 107716 107776 122553 135151 135539 196367 211235 226384 234872 243825 285418 311950 312017 324629 342254 456222 521994
50774 62962 102093 112326 293362 391145 396595 414633 521099
3114 36638 40035 45625 56335 70193 73922 136344 148444 148725 150549 161142 169366 194423 203424 216586 272052 319737 364241 435749 436280 479189 484103 484636 489771 516044
11818 96868 425125
38926 161318 172595 308654 315446 376908 430858 517813 531212
22010 36737 49003 76800 84346 112573 128696 131492 133735 170339 200204 216324 236756 249476 258182 269999 311817 322841 352591 362704 371095 395017 396491 433538 442618 448603 476581 374480 492500
44613 73937 98804 98855 99173 235901 301581 320317 445195 543522
5726 5728 5734 30565 105042 105049 129719 129721 145811 161874 161883 174181 195404 243096 243103 323993 329617 422812 445998 507149 514917 519385 522201
293039 293044 434190 436949 461185 525180 540024
89730 122147 282768 415037 247239
14305 409927
308767 308768 308769 380019
187025 214465 427532 6394 37672 133679 297412 430427 434433 442152 443776 451022 523676 434436
50739 82953 148423 369409 369455 451280 453071 477597 502452 514143 534712
36521 325123 342902 405679 405684 495822 495823 495829
100582 129861 144441 250015 294760 316076 330976 366337
55714 457372
84836 519897
218279 426952 379559
105664 199086 199088 281568 394449
68641 140683 350932
6351 168646 228092 390836 477206
19323 86563 292001 517847 517859
293948 446392 508971
16710 20571 90704 116757 191382 238369 407908
26767 26769 32688 63369 63371 77328 77339 112824 112825 112827 122005 122007 152199 187294 187297 195054 287916 346709 444048 444051 458949 458950 483106 483126 504543 522078 533138 93631 416747
320365 365096
100695 109591 110816 402779 402784 490295
385314 410603
102864 224684 300185 312794 462180
20297 23130 24614 26617 27657 41404 42131 61016 69255 73088 81150 98011 101561 112788 135071 135956 136696 137370 140470 140620 162935 174384 182254 191740 203088 204147 204274 220860 223593 244374 249943 251415 263822 264454 279196 281767 288913 294082 297017 301693 308995 314034 314189 320915 321449 324586 328079 337678 337991 338223 342319 345602 347320 357724 369646 369677 377046 380885 405524 412826 414226 415843 430553 435149 436557 448131 458021 490680 496424 511245 516611 517663 523930 526828 2849 3460 4825 56436 58350 70287 71772 124082 147607 149819 186065 215184 238836 294495 305967 313182 318012 325027 341087 352323 362720 372872 457476 464888 474959 527901
6988 11264 78474 209331 354506 396743 476077 476092 500905 500917
162905 182183 253596 268719 449139 487654 487656
18871 156783
22044 51893 76847 77458 79412 110946 126072 134417 175837 202849 211862 329352 349908 362180 449531 473521 218050
102760 152006
54222 106194 136774 155598 225247 229584 254345 356240 408029
221789 433711 437733
10711 70709 73196 143147 168084 200962 201617 210144 215148 248505 276648 293920 313563 339079 371116 373238 418827 428857 452678 465744 487986 497754 523753 527849 320805 280988 81205 399339
72226 175144 185626 233084 246160 268827 295134 337917 411027 440817
117614 139711 161457 368364 368371 442550 462227 465116 480472 509896
16595 207304
14157 33301 37883 54265 58422 74745 84106 101663 148741 173996 220470 259515 260876 284697 285123 285246 330397 366775 401654 411066 422447 425578 432649 450282 454152 473398 490984 514902 520119 520455
11880 56773 295064 344141 484610 497899 501518 509570 520413
2894 3679 8026 24580 89055 94083 97717 107131 108363 110775 110777 122664 122666 137527 137545 148848 195564 208201 212045 230357 237858 241235 282393 328417 328419 328430 330850 348754 364623 364634 381719 395197 404010 432293 450297 454413 478362 523811 526185 541417 541419 541801 517201 332872 403965 46711 524208
19370 50246 192052 305365 492792
52939 279190 426017 498679
406965 537922
18129 32753 53014 59093 93642 102545 114137 127218 133133 147857 158005 158869 183057 196192 218136 235570 251516 270219 292178 318094 330924 409083 431773 476415 510869 543434
172062 227921 285524 330175 468293
73466 73477 419978
5208 50077 76957 99684 117261 126278 162503 180614 187418 201745 219094 222799 252836 310403 324951 328880 334802 343412 386468 396443 399903 410172 420903 434233 436556 446004 454321 458374 462544 464994 469968 489414 167382 390464 25930
5747 7083 26901 87846 104062 143271 146623 181922 239992 278593 390656 503505
213828 455453
51369 56285 85822 112416 119568 151659 177145 178246 260312 274433 274440 290612 290613 302808 310160 377022 401230 450130
57365 274517 293647 293659 293662
496855 496857
89972 163303 165121 223142 272427 314957 316782 441755 482876 530563
207523 383169 399151 399156 399158 509512 28873 332530 365064 451370
85046 119819 168972 172824 201863 248716 263268 345974 538606 538610
532011
2721 172871 189129 211198 211918 236093 260883 387809 452472
195526 413461
50647 338877 357762
29335 29345 29348 250725 312657 312658 312660 312722 371821 395795 396983 409386 423649 487499 542733
21403 89742 270559 397210 415121 450338 515427 421427
31020 49744 133331 533555 53069
55312 132823 199467 237209 343491 526816
6557 11352 67614 67617 67618 67619 134561 225624 306814 392622 437058 471348 474245
44945 289084
99360 253776 272131 365606 393022 393326 438945 459852 487879 515854 519117 537610
138407 316720 441613
490377 535855
245030 334490 318229
18326 27384 70301 126054 128420 142745 154741 198600 236452 284448 294605 421796 421837 421843 421853 421854 421856 456294 484442 534825
4216 91450 108411 226228 245639 400169 473302 478692 526764
135954 160749 289020 317290 522414 530719
35237 51400 67936 92834 349561 496149
5223 133273 322051 440411 440416 518049
62960 120296 122211 163023 404494
31061 275568 416985 433420 459621 485312
79070 121919 142230 165141 286636 294783 316850 340933 448617 516510 532925 537035
176255 468259 532724 67976 299422 484708
35867 369336 484428
9453 51371 51382 213650 322048 432282 482370
526469
34799 34802 58848 345624 516523 520546
27890 48131 52064 55386 55388 57383 165463 219781 238491 389895 405178 483076 538129
62211 99302 123836 154277 154282 209163 236304 287800 344610 359862 372706 407647 431741 522205
122115 473502 495814
84309 148221 414685 193837 448427 509142
113592 127960 377832 456621
101 12525 41105 54204 81019 124786 136798 149285 152118 161590 186707 270951 368140 384513 427650 466129 489538 538851
398328 422104 426714 430272 454223 536575
133087 296346 356553
3954 106506 206340 250469 264361 274975 279552 290541 299296 345253 369293 485231 498869 510212
315316
4624 214232 516499
173149 268606 284821
21270 84409 262923 412703
29866 192608 232195 468680 478760
206842 541656
69059 94571 197418 444527
77823 232310 334840 334845 334846 340946 381994 393657 394247 394281 394286 394287 394851 406835
6596 47694 124093 134888 154240 300585 324665 371886 399682 428784 456290
117069 223212
33371 69413 290786 433897 444567 393076 444566
84915 143456 184555 223247 248775 279503 281920 321284 344146 360020 371631 379022 437822 444728 34883 92489 137114 175887 179969 262611 285265 294613 337785 344252 348401 360478 439377 447303 462377 466951 473834 513880 519390 518522
230731 255527 278776 303218 405971
28531 28556 28570 28591 179193 179195 179197 179200 179201 179202 179207 179209 222647 233248 298950 299705 299709 426432 440259
7557 33603 75311 85219 92811 96207 117368 142827 162776 206674 280523 290394 308901 343097 366745 414409 422934 426267 515051 518671
8334 12983 12985 45252 78005 90567 120449 149759 168585 185541 197411 207306 213313 264630 293343 388934 462233 535978 544121
411330 419262 435347
298877 476153 476156
178203 230382 349175 459127 478862
116984 472121 484566
16644 21173 196875 243839 315660 323571 383820 455142
112786 112792 235293 347667
84016 164427 244635 258534 296540 418557
174240 275479 410489 510102
18761 55464 68576 70820 72560 93483 142708 177643 188145 218956 243937 326811 396350 398611 409245 413997 420131 422366 462174 483799 488493 512409 42023 80532 410027 171252 459666
41783 66432 115952 217106 279875 296850 354293 404506 503711 541044 131344 520360
36169 48825 188821 213609 260559 402729 424292 493529 128999 221577 345163 456085 522815 523198
187112 267237 344635
12382 150444 216938 290148 324252 325240 384227 526724 437177
77453 205276
34464 53577 115788 443467
37922 199497 287016
64191 222382 464708 517861
522601
195027 233306 246031 362905
242613 357172 381138 405013
363229 463386 487583
6688 18059 36712 73833 80778 104911 112494 132794 133831 145503 158753 174472 201407 219575 255586 259625 276958 281468 285560 292405 331825 336749 376852 411592 416431 424508 425287 430888 432003 452257 466842 467133 511848 538944 56222 111606 307520 539854 49082 292797 316846 517285
141160 166105 213112 484517
141379 160702 166344 236473 327998 332673
12086 112046
283859 404474 424093 457110 463706
473674
159172 462347 474241
89572 434497 452209
85206 177301 432414 538158 54424
57444 67586 68955 269644 296579 303297 303361 321472 336267 337201 348167 398838 409526 409527 409529 409534 409535 409540 466141 477860 481062 494459 509802 520403 524067 539656 409536 271979 218003
198530 215365 217086 223267 288236 315835 338513 357585 396677 397738 425450 425466 428867 444210 474021
20879 194100 322414 346530 372634 372637 521731 21020
223157 373568 397512 421220 448241
68823 75157 88617 99183 172446 249808 348925 426724 508485
26567 138036 162823 169502 209923 530596
140741 273675 305809 336994
226605 468003 529460
18696 31264 119100 181783 211881 234948 375352 534454
155697 199787 493941 368036
1822 4645 7001 17716 29516 46774 47682 47750 51619 52944 73543 75510 83064 87508 90166 90546 93372 94201 103529 107221 110031 111430 116789 121895 125772 141236 143470 143980 150139 151205 157048 159553 164421 173327 178341 183478 184995 185045 186598 190384 192540 193112 197286 199857 202049 214048 214971 218002 218826 220496 232138 235790 243709 250774 254853 257338 269544 283617 285611 285967 291289 297914 300365 303420 311029 315058 316269 317370 321713 326307 333346 334633 336115 348376 350190 351105 354879 356552 357034 357757 360852 363412 366509 366691 367642 371490 372898 375374 376886 381792 384707 386841 400446 401615 407566 409840 410605 418859 425538 437872 439577 446414 456757 463662 469419 472011 472190 490624 490853 494409 501167 501544 516259 526811 527570 528346 531024 541918 543550 544242
122814 170619 249819 426274 515081 9477 11501 17400 22905 49986 54159 61025 66324 74491 82276 91487 97983 106873 119952 120511 120721 132521 143750 148545 165323 166089 169637 177767 182173 185964 195109 197935 209840 216658 224110 224870 232429 242337 243136 249536 257304 257520 257906 262051 264490 266865 270337 270721 275325 276496 278127 280033 298491 313625 315789 322361 340503 342923 347869 352727 356114 364400 367135 367905 376753 382672 383714 387589 395015 398530 403457 414963 415603 438812 442743 443480 446885 450302 481362 485236 511033 511383 520757 522605 529014 533768 540572 541063 542594 82113 133754 135693 265293 382057 517108
852 2556 2613 2917 49336 70350 90820 103626 150211 160859 170622 196298 218600 222789 224305 292251 329483 330153 358490 367698 407147 409740 420580 424145 444965 448512 513011 517958 524313
9210 49314 54316 62738 67777 85948 101383 116877 137265 147649 209209 221671 230077 245109 300093 330655 367155 379579 419374 438432 459223 467413 479594 507327 507451 535943
54336 86735 95225 352183 513572
28959 60856 274952 379960 486260
34869 177542 247967 438089 525731 302567
282543 356426 356431 356447 382035 405911
39366 160441 168827 209002 505531
24662 43435 43439 65780 75851 98042 109195 122538 130635 214433 214441 254723 267623 280853 282965 282967 283195 350170 361086 365599 366969 373230 403170 443596 494728 528029 62113 251941
262492
69805 81384 250579
24076 38185 44867 69456 89973 91601 95977 105027 108628 116177 120959 151259 154244 168624 193691 203972 208626 233933 297278 336083 454029 514297 528522 535600 543534 517019
72969 327736 49820 111022 124602 128633 165511 186703 203827 217231 236861 361112 371295 376053 415235 427438 486082 518426 528254
65047 546586
56270 110150 110152 110166 150023 270055 361613 361619 361626 385426 385436 385494 385496
34448 50982 420620 476959 476975 44778
3552 7580 22749 121135 128737 178064 188787 282366 282645 287651 291810 352793 447790 539542
108179 515083
14445 18504 86503 127075 127341 127388 129787 231715 278417 291894 309263 309414 328428 343680 364895 367850 369811 392363 411761 452947 458122 470372 486582 498224 501516 526689 533905 537097 471071
212909 237561 242766 496699
52577 120769 214106 242626 442789 442796 479816 486799
67330 357761 493703 497490
298731 436007
73952 147969 147982 272558 317005 325609 504965
107781 529629
8826 47863 113270 214715 235278 250423 269766 333303 340053 350004 397977 436165 436170 436171 475168 540486
111650 224387 264562 290301 331618 355806 380405 444646 531144
139762
36734 59130 293701 325434 530707
14979 170045 245730 496722 519269
7667 199697 226854 341839
323531 323532 323534 460955
274146 422043 457203
188202 208523 456247 522092
4464 190377 193030 229447 379369 403309 422198 494068 511456 522935 7923 47375 50651 68214 72090 75316 93106 105321 142439 145710 145912 167436 196138 222381 224414 237499 249165 262203 271676 296406 297160 329897 335880 351614 353214 395631 399100 406877 423205 430505 446578 447126 454489 459882 467567 488489 490905 499869 534791
162229 275061 338137 371279
224970 304629 469721
21544 48549 135434 172825 172827 192962 331740 331741 331743 336383
144151 208740 239067 243438 276109 328728 367291 486875
96688 96689 169896 201408 284699 299640 379719
73661 85308 204652 349757 451174
337044 345433 161328
159867 416387
19778 69991 80880 111814 117075 126017 162714 174023 178367 202699 237543 270302 294787 319959 342978 362454 407678 416640 417607 425882 429837 522719 536549 38836
151862 242226 399318 435179
44696 80221 80563 94663 102383 113628 118792 135637 149946 169816 175456 191821 192404 193928 203312 232737 236746 251381 256375 262671 270973 293015 300191 317425 336113 341467 347180 352371 372978 441304 477925 478411 482512 485589 495931 510576 512529 514773 518097 534011 543929 234154
8365 42999 47207 51254 56713 77936 86000 88312 108788 159455 162365 188898 200810 216507 240914 241228 261544 265730 271540 286224 307482 339081 377099 381983 391315 391924 425149 431123 434532 442929 443611 457527 458250 471993 536082 540508 20904 115966
42128 134868 158917 190509 212517 364015 380892 435607 471818
61988 161587 173589 186785 201513 201515 282755 328420 445524 469573
66334 66338 136733 287486 423025
100920 170945 266632 311601 361337 367186 389896 405823 413692 461863 509960 210439 313239 361444 521270 317591 433118 487032 492193
77445 190019 300785
32082 35642 163587 286958 437349
142773 186966 378063
169423 465191 528417
8466 180100 336130
34813 132051 241624 292183 329439 330260 388653
198496 339508 422982
62352 111230 421254
71069 476657 494030
31185 88071 88664 92707 109100 146527 380684 424948 522219 122021 147259 171677 183214 199855 232462 240874 248217 250953 277503 291528 315368 322320 331184 358887 389997 392518 392680 410695 424074 437941 480619 504513 515526 518791 530846 2411 9649 10064 10384 12604 13768 15289 17023 21628 22699 29098 30597 37375 45782 50999 54949 58915 61963 69201 72043 72662 75366 79662 84708 88581 93401 100344 101280 101974 105539 110557 124196 125825 128438 135843 142595 145542 151824 152237 154141 160661 161912 164140 164812 165040 168149 169162 170940 178260 178529 180067 182543 186111 196737 204136 205597 206591 207828 208097 210341 211919 217935 218533 223555 229451 239629 240213 242887 243864 250213 254038 264194 265316 270651 280180 282747 284484 285643 288779 295118 298214 299682 301756 302476 310707 312723 318944 323558 324619 324936 327139 328570 340570 343602 346707 347666 347774 348664 350551 351020 351405 351827 352294 354111 360890 364755 368631 371620 379439 381294 384688 390438 394879 397827 399824 407014 408212 412348 412976 415742 427671 428277 428543 434715 434917 436894 437689 440729 440865 442025 447487 450500 453375 453437 458888 463500 466304 466832 471583 471620 472444 475566 478992 482373 482982 483647 485254 489239 490115 492555 494286 501043 503909 505814 507975 508516 512055 516354 517559 520048 521723 524460 527680 529823 530304 536296 539156 539353 539578 540798 540836 543463 543565 33563 46279 46639 47912 62163 95344 112689 120579 127536 144321 148541 194712 233761 256238 262114 272828 288862 290088 295664 296790 305053 306531 308531 312209 331170 338475 407401 408890 411849 418521 441252 444520 453326 505613 505914 518323 520574 527948 539948
11312 94655 119215 139700 168868 169911 194584 230711 278973 285717 369456 375306 381571 393415 397353 517172 517456 527594 42482
34120 184680 219207 293154 300584 300590 451794 519084 33551 268686
8287 13998 16240 18134 38783 59151 147916 182078 222180 244192 247042 343725 434815 466190 468048 508080
45548 215266 249771 360314 468231 532208 147931
45393 59578 288004 290031 436871 476189
8323 149680 198204
33957 100071 221632 410532 434764
61195 81858 150077 183631 226183 306986 352756 366700 419305 508809
101218 236362 302431
448 2117 28123 52713 56684 75848 80796 114138 121361 130042 131874 154321 158327 170021 203546 260305 271148 333085 334420 338709 362528 366149 389968 392186 396362 410087 449691 455467 467401 471848 485055 491851 519832 520877 525658 529820 544416 547506 11915 15922 36802 40326 66017 70230 79419 79705 81790 89918 95258 98343 104350 106397 110425 111550 131043 135409 146401 149579 154146 155663 162974 175213 183231 189882 209915 216697 228082 254963 259788 286536 301483 310488 325745 327922 344483 349627 354715 389791 397448 397575 403346 403540 413490 416018 416364 421373 433792 463529 477664 485524 498651 499716 524779 535908 41015 152512 375133 394515 482169 504629
3542 14092 37532 38132 44688 45762 49333 54865 57325 59197 131921 154864 182834 186396 201209 202791 211693 224973 237080 241253 243277 256540 265901 267766 294696 301633 327394 339120 343092 382101 390087 394014 396290 413449 417568 421503 441494 442103 443954 448951 471555 489692 496695 504502 509123 509476 519862 520946 523360 533175 534674 547579 44312
13679 14299 30348 31488 34250 34937 47550 65296 72727 78028 83362 96479 97661 119495 122267 139317 141005 163486 164157 170387 177466 187476 199961 209080 213786 241304 290337 292080 297644 321742 360322 362275 371991 378689 396135 413248 435810 443747 475188 478514 503446 510530 521184 521217 530270 539784 544322 38822
116101 178800 257678 294220 313315 377735 450376 488765 524390 8692 23486 47961 85096 103262 103444 128002 145288 148592 150787 151088 154776 163339 164111 165032 174682 190629 194740 203458 213196 222987 236168 251371 260179 266243 277846 306761 318984 362442 365635 367031 410900 413457 518817 519367 520715 523261 536093 540171 544840
7354 14088 34701 48881 67485 95456 116168 117507 123033 158156 165937 171152 198470 244847 269951 274645 284716 335564 342933 352223 359712 396939 420729 421169 424495 442249 476202 486744 497038 509718 544993 311323 331778 381847 28152 56570 433810 450417
55107 168754 380082
45195 73766 149180 198392 423443 490796 609 9098 18066 48086 50303 74160 74997 117356 140352 145448 146150 165212 182894 198897 212800 231462 245990 448156 469283 534597 534904 541942
46515 47075 116731 299453 332834 375255 457735 478539 529871
12904 18493 49830 67416 68152 161796 182190 221490 233927 246279 248522 260643 265479 400566 401575 418739 422194 450464 457079 540769 287304
27892 54044 423281 514837
202170 270508 287742 541707 4015 48899 133720 223513 318905 342041 357018 478326 541015 314370 349893
15147 61160 62574 114369 213775 263425 334441 335860 430087 433898 436388 444595 460609 472790 482336 484081 35815
35446 37555 109756 165812 290573 328028 331903 518053 519887 537844 542138
21106 49504 225450 228363 320295 355676 512502 513547 529251
196547 208712 414323 465309 508745
31150 31152 203415 241701 354193 364760 378207 402117 464252
126223 131652 163166 234758 309704 417203 468065 492552
66653 82400 113380 223285 321616 331718 370317 535681 385591
52588 74313 206374 395623 425893 426065 541515 541516
3373 13472 13475 50948 54958 339002 393765 520150
1965 1978 4704 8934 37874 68131 95192 123237 158734 158906 167220 229030 239165 247783 353741 362545 384540 534698
22700 175581 198253 488040 512853
7606 17667 32290 113434 132461 135104 205265 286421 404481 466969 467080 530618
6372 182335 316666 450071
32902 264870 428205 428212 428214 428215 435477 435500 465815 500878 500880 500881 500896 512037 54912
69001 146269 292617 358440 468203 539633 539640
128316 337448 445147
64741 155318 542528
11030 19506 85288 87391 168776 198051 224018 227783 271354 317630 443486 490961 494959 524973
13590 36516 91330 159178 304965 316081 346343 394010 398934 405832 422567 430891 445445
69314 94208 107729 463487
