160294 304770
112823
14960 353462 473895 329263
179001 391697
21166 207188 405926 531532 540207
118948 209822 455700 482725 191846
475234 42223
302489 363427 363428 363419
12147 73388 269070 439998 178783
82995 156987 280502 236045 24632
42888 217362 58675
4092 104191 341575 389644 413419
301834 353399 497007
213603 213604 213613 213615 213617 249025
58633 340186
219649 233695 337976 337981 444709 499056
266568 340791 412272 453272 526727 28304
99505 126694 133115 264885 522555
40932 60426 69992 121380 135271 144956 178173 196826 222160 289417 302416 388977 425745 453129 467926 302698 366425
58989 219743 219746 219748 219755 398509 529963 543367 99443
351364 473115
76799 228369 228371 406903 526356 540519
100579 137990 373778 428792 483698 30704 103897
10054 26713 58514 70100 75004 96488 163865 172242 172243 219976 219977 219978 219980 228233 228236 228239 236243 247838 248267 292202 312163 336176 336180 336198 360344 397072 415652 430126 435244 435249 446646 448629 502394 535490 68779 312177 284405 488132
14859 27964 159043 223851 358132 459043
32428 118086 323498 367483 411766
8157 404155
138475 149247 149250
132737 135088 364856 428580 428582 474613 516378
5384 110507 110512 110748 192985 372395
7916 86421 88597 126382 153577 188170 200838 214804 226320 251763 264382 266291 288764 370403 430441 476094 476822 535698 425892 294698 541252
413095 413096 463313 463934 161006
20182 20183 20185 20186 2770
353654
29159 188735 292677 411328 464161 476644
261804 334721 358944 469808 97264
136220 136222 267333 543483 406400 438775 540298 175072 177231 306263 402571 283378 127683 103476 53080
116154 291163 521598 531640
449093
500504
68127 70872 224925 350881
66620 506788 21232
71651 136931 344376
93003 163816 212108 347287 387941 422973 536483 376722
221215 230413 270592 344634
90508 241677
28346 382295 493122 122368
10980 68852 384492 520171
41233 46638 93866 149190 154979 392661
59586 60022 100707 119487 128025 143005 166165 166170 166173 167893 191264 191279 244171 307846 424622 424626 505371 505374 533174 68775 188036 269006 501967 505359 534471 256475
120942 146227 213167 267988 278186 394142 452083 508006 300388
39024 340358 346686 348122 382265 406622 461663
57001 121673 165419 387878 433912 458054 534457 234939
331090 211607
88567 208899 317988 510762
13837 293389 382801 392824 430704
56630 142980 205060 287196 356294 380243 448373 454314 500534
11426 31915 31935 56368 79164 132000 476278 538265
42761 58894 102756 108405 172687 173342 329503 387236 426707 455994
132950 176263 176270 202686 222274 274441 305768 415354 482125 505282
193203 228571 253308 460939
8680 40204 60792 136948 406220 432419 442368 455693 466569
55047 109596 311842 313452 315852 335798 359987 407773 431823
130722 203259 234035 341428 452316 463827 488085
94085 98742 152903 226158 274813 544421 545678 545919 546598 240113
51162 294043 362026 470113 482419 507403 528331 214408
117609 173667 305042 306504 327667 423171 438183 490100
299655 331526 387434 505148 540854
12742 242504 352232 372442 425543 428381 470671 485488 54178
222855 226168
241283 309494
3069 81664 203243 333710 468467 492665 540757 197416
14254 17479 19463 40144 64777 73725 217657 363008 487180
54237 139208 161829 215794 253322 269821 291619 387913 446679 507731 507736 507737 507750
113905 188421 205459 210414 258181 338280 339151 411938 432420 456517 499824 528406
80144 205236 212864 212867 212869 223206 434083 495397 171238
33116 95736 200577 220425 237846 252872 338819 518003
5582 193375 213676 329508 339289 350684 374744 495203 335028
59509 68430 84384 93341 172036 294094 310314 504212 537726
8624 167296 201470 208857 278798 314560 314562 321722 371764 480955 503374 503379 507101 528245 71107 191306 233613 245602 307426 394812 449979 515033
35096 68020 100656 144036 166163 174757 191283 191284 239725 250018 308709 310642 315965 348335 364316 413326 424623 424628 446669 450131 485307 520489 364319 430746 246581
63076 67221 182616 249104 274294 354326 438866 463165 465766 484041
20676 60967 70797 114872 222386 228567 269750 350356 388751 509194
46750 134247 171553 223767 258658 306262 442607 458567 518137
230959 282607 363928 493355
86967 107110 264650 289094 486317 521391 214960
21584 43288 113369 293968 318953 341763 343017 368792 392187 464182 524986 463048
59813 104569 164456 245585 311064 430982
10904 436218 522544
26950 53522 70364 80737 102770 118665 123802 127411 173699 256539 258931 270490 280839 435495 447308 463627 479547 513436 522331 523504 524343 524821 530112 531334 322266 470056 447229 32021
11462 163294 209787 318299 319527 385265 416994 421463 430736 514230
17994 27468 67232 133986 162036 182146 279061 288871 381698 435800 519796 479941 263489
599 24701 78205 198913 243898 344715 527561
40257 149459 302298 323354 391957 468596 532365
239451 512545
26661 50066 86257 264346 375204 398286 494807 527642
19614 267299 483438
19622 30849 34477 140014 224056 367439 419643 463507 6854
61337 129710 154384 253676 261266 285631 370763 402042 519227
80308 112477 121302 139178 189107 190820 418406 129804 164015 518716
215767 285310 289765 346397 398891 398893 410927 410930 289766
334107 378674 168522
68757 74320 104500 160383 316504 331116 340590 364773 388560 509547 513310
34069 93746 118346 164375 268565 293070 332827 334329 358591 406380 420513 423318 430354 520700 362923
183356 250924 275371 299770 372953 389000 425475 440811 462792 487020 522161 525784
94558 279360 294063 312585 336521 359340 393519 403179 407071 420951 436325 451405 500578 529376
225413 250186 301853 404231 488254 60469 408235
90577 126741 153081 348218 359435 372359 471941
42868 167695 206343 273513 284791 298005 434044 453405 454097 488842 501075 501384 538160 123096 314150
134939 348821 415746 457766
340825 77973 104619 138098 157451 200073 215235 272992 341906 396912 451406 475476 520641 540456 165935 47768 374113 224059
121006 168431 175809 193599 263169 271753 301093 350839 357226 376665 422678 449137 473120 207193 324488
217508 496276 526306
12608 33227 107111 157724 252074 252075 276515 437875 437879 437883 437936 486359
40389 44825 49681 118929 127273 197822 220482 326525 401298 465054 489348 513780 522984 123091
146898 221788 247776 325697 325701 476489 514817 529612 541928
43061 109415 174771 290912 324000 348115 448537 455432 470325 150543 356140
78909 215320 224554 369575 530108 539677
15615 60709 77776 117427 161472 191527 201338 216044 253298 275950 287774 368505 119948 417972
6290 16051 20998 91627 186585 223416 277700 302104 342521 384625 417199 471109 495975 524273
146593 542865 543666
252628 463961 485383
203826 365198 503396 517526 517527 365196 516830
12629 41702 67693 89528 90297 92608 96938 114916 132917 133918 157752 189521 211515 236396 315562 342020 368609 389835 466850 486160 520870
22967 63725 260630 290530 331860 426567 454171 470571 491828 531263 160536
175657 467601 530943
52832 78161 94146 99690 146709 159374 187702 234734 296855 297650 301723 304234 318902 333628 334780 352715 376728 400669 441673 449166 473141 498010 513131 8384 384262 224194
9169 110248 172923 235924 287140 420467 475607 488004 497146 502040 510389 530238 114513 230005
237977
26015 238365 286350 343737 344307 348522 441053 535666
23051 122983 362571 458331
57455 144221 188534 331603 408758 429358 521201 529907
192722 365437 312007
49952 150470 199121 244765 247554 269072 357917 333697
42714 100259 198172 216202 230862 242628 345528 356182 359466 399876 511516 515102 531753 528956
127346 545427 545429 547254 547256 113034 44514
176 131232 201855 321841 347858 533157
299842 434493 434495 438850 535349 535350
4085 10486 60002 415440 508129
207803
36205 52427 62450 83103 91182 128125 157901 211039 233672 240238 258449 281286 309044 385739 402937
10641 53936 78875 182663 271001 353275 398993
10596 10598 10599 10609 10613 10627 59821 118088
70863 83615 91645 95788 102898 108191 134064 158928 192759 230977 255781 292712 301086 317602 341644 377255 386664 437385 442207
165139 484369
19756 20550 94878 139102 244824 379152 435000 441305 502108 23785 89856
10539 49330 51625 157060 172940 177681 184803 193534 212245 222181 242068 247051 254528 280526 387584 403840 413495 439133 463382 472626
26233 87261 251237 360195
4998 6165 29915 49151 83619 116597 173377 211010 268035 336727 338919 350246 371949 421174 426850 475281 503036 528451 353578 469736
19006 20353 36212 130580 147273 164738 184854 266542 267803 309698 357847 375611 414330 446541 462268 463325 465393 495135 517602 544044 544964
25094 30012 80153 117848 163200 188313 205669 243289 255399 284366 298966 309970 315063 315407 345802 369899 441533 455520 526608 540443 13248 29563 33799 76557 92212 97018 115144 121638 129020 136963 144348 147835 150371 152841 175604 178031 194436 200642 243240 245523 247886 248030 250378 261348 267773 268353 272525 276604 284228 299402 300621 309672 313665 322472 333602 342279 378221 390333 405609 413512 419566 425548 426084 430159 434010 438643 449361 449928 458156 478024 498764 502904 506046 524866 528695 537720 21823 48542 49299 65581 84226 90055 90392 98418 115024 126184 161640 164490 200667 211522 231590 232381 236502 252958 301724 318922 331673 342983 348796 365395 367123 372909 379854 399173 400256 414771 420643 421322 433362 436671 438641 444456 445274 457506 481513 491430 494020 501204 514884 519197 531201 536302 3670 316153 189578 366517 318245 233405 129164 184191 257155 417663 139674 466454 526095 354276 157044
2246 40924 68704 74720 147766 199476 243994 260488 268943 338095 349653 408445 462002 464495 488231 22826 126841 263014 287458 205786 222688
491995 144403
74023 140392 144255 183871 206643 230601 255355 260920 322563 364779 366253 442379 466634 413860 465991
33771 271638 523952
247514 290865 319325 404306 531490 505980
11141 79941 104574 129272 173927 289804 336133 353501 410519 424655 427212 512038 541814 403263
29195 53482 78412 127731 177514 277890 302328 315424 339438 407628 523802
32818 32819 32821 32873 32875 32877 32879 32880 53520 62523 140298 168637 173935 183395 189279 200549 216445 216449 278141 295252 320928 345620 359912 379180 465069 470095 470598 488157 525406 137763 137766 183412 22388 31673 69451 102350 126868 152486 228695 240517 285376 436108 525422 541545
180712 288126 304564 331974 356196 364176 380137 56946 133099
25950 87423 128646 357272
88172 283516 390746
51511 75966 152623 156415 172515 224878 246707 251888 261897 336439 371052 436219 508151 510977 518809 520180 526119 531909
46196 64131 196726 241848 272582 358285 368269 391238 457335
49148 145180 376640 411004 462064 531521 541932
124 243477 302516 318491 320027 366784 10654 125100 166530 179787 195458 228556 288775 317488 331907 497889 497891 53198 136177 136179 177374 237754 262450 331946 354092 454459 499411 523408 226543 237756 354090 499414 237914 525524 31197 363420 504233 138446 472715
3464 105174 126775 205091 355231
9179 18596 36535 91722 109368 139914 143589 144982 166267 182215 222047 258968 286297 293032 328351 350251 352994 434252 435044 435438 440776 445963 483624 489117 530243
3456 77482 221669 223614 238357 241282 274265 274270 288359 311109 317098 353933 378470 383468 394067 396413 404545 504241 178222 256627
414 31823 265606 410079
6633 11593 27451 49271 102198 103808 124244 175208 222832 247631 247703 265673 346493 372073 401800 404226 444299 479041 482092 493075 504729 523382 404701 420400 27841
41256 361696 361698
1585 148532 159036 300116 300117 300120 310216 335158 335159 335171 341594 351682 425066 425067 429655 488537 513170 532991 148535 300111 220705 35191
132457 191796 195043 200224 204353 204354 282391 300953 401574 415565 416429 446733 504361 538078 144502 200365 213201
3980 27394 56590 111167 111170 203993 514527 42216 49638 49701 49712 74289 74300 116418 126979 194691 213232 220897 427050 462565
148017 148080 239036 247263
67883 105792 149197 193926 205875 317160 320580 367309 504121 527109 227789
262790 353463 428005 266274 422490
6936 24169 104066 218474 246022 265339 344497 437263 466104 523617 526436 399968
32015 37761 75175 87318 96760 105873 192743 246879 256722 310207 339441 340390 363712 393304 413141 413751 435303 489224 512110 512599 439277
91773 237173 346293 462501
54269 129913 252501 503168 504163 512878 21599
131442 233222 441855
19043 59514 73765 143573 169293 192709 205568 229736 237027 255918 280211 359417 383743 390104 418481 450023 468033 490635 537626 203701
360239
7563 52199 55481 106336 107678 132409 168662 172464 182338 235945 242550 251731 261287 289265 301505 325454 330626 332684 332863 375365 378831 454625 507431 278358 264806 193742
78497 84342 127711 207962 259116 277892 282665 327251 328525 352696 451489 2641 391377 327211 65360
84055 176891 201263 336715 366590 408596 455003
73719 114536 128824 136590 138828 160179 170291 212243 236022 266172 299023 355594 355906 376623 388080 412785 435329 466444 488471 507142 532963 81482
5829 13732 48968 98588 118943 143608 145927 168570 174928 187370 193654 255303 255775 327145 334757 366418 377884 410943 419483 444875 498286 507155 539820 541959 150522 41697 463844 410887
217261 221400 264947
158129 292038 464340
171028 467252
5456 17284 61148 68431 93086 143159 179106 278920 324084 325596 352091 402327 452766 500420 535668 535920
8619 64259 89532 100452 107976 108073 182478 190065 224978 239320 327059 360260 363769 375710 382607 404936 411334 415818 417210 435207 450533 453454 454437 459849 484008 503238
129718 172754 295873 506571
41377 53293 70108 80392 135867 153075 155151 161949 181064 185580 214046 225457 311490 342317 347739 380326 392651 426115 432920 462465 544323 76728 169353 88501
4365 59908 109351 124819 148039 157047 211726 213292 231545 289611 317169 324952 335295 349450 356399 409903 410732 448053 474908 493950
16648 30209 44363 118433 121174 124176 134925 162112 164515 185683 186312 186915 210884 237812 336128 336618 408265 440144 483406 488903 490890 523852 333869 397560 173427 115348 91944 63647
11892 12009 35115 76213 80999 90260 91945 105595 135311 204884 229019 248070 272841 311508 332908 450997 481877 487539 496242 498600 538792 544871 546444 206810
128627 136234 141226 155398 243929 298956 340063 346543 533990 537803 113067 131985 234545 310111 408595 170584
35651 60708 70392 107783 517993
70432 149458 272922 324533 351983 411467
293336 413584
3085 22627 30644 64313 131647 250399 265247 276688 279372 282923 320460 324311 331025 334199 344070 348709 352910 368196 379064 394466 438736 443412 462049 463968 470625 512927 322484 376880 525344
92465 145537 146955 161336 176985 230462 284155 284970 295130 321070 341967 345173 396551 401686 422027 430353 459353 467394 484357 529577 60683 121926 335776 462308 421754
31195 36793 51142 64999 67111 90295 90734 92800 109808 166561 177538 198063 211751 212805 236925 248191 276010 285067 353233 378214 394175 432128 463724 488909 501909 520004 387968 360141 266796
33528 35633 392206 409773 462036
181730 409204 409202
33081 42712 53054 64291 93974 103232 107269 154963 230284 263035 272971 342410 383223 397772 405594 411171 431132 437291 455392 458352 486464 494644 518739 544308
3425 24448 69540 91196 105548 119813 124599 162613 163205 216984 219315 223119 228430 246595 270332 285086 303290 319839 400164 449317 481574 490424 503578 526696 528146 540299 490349 541064 446156
3210 51116 69404 70500 120294 149495 151410 167246 187198 189904 192313 217748 239249 252800 254100 266891 283003 289126 300968 303345 310366 339968 340855 376771 383250 408158 416793 451947 453446 455248 455869 491365 542493
4068 11498 61167 73615 85992 94324 118909 139410 160049 168526 168572 185056 193615 211337 232136 240860 255103 261066 285438 384553 393087 514553 526511
447929 519607
26762 56155 184730 260549 323358 328054 399966 513863 527759 175974 67190
5453 78987 96792 132284 242538 501529
117539 309574 341777 372557
76857 192190 224555 418493 282602
425504 448700 309625
448106 491470
15270 66281 130135 144241 158407 171071 242712 362431 370106 373682 420969 447474 518949 519172 307057 487619 169209
118500 138301 185469 318344 471730 519051 192628 321153 37664
95586 95587 123842 123844 123845 139010 197816 197817 197821 312064
18190 38480 71354 81552 94855 128249 152868 182310 184264 220163 225031 227406 232303 254623 274298 290897 298738 308918 309857 311002 320438 343071 345638 368673 373165 440277 484545 517668 524359 528984 344511 141989
26369 260532 341836 411791 469669 509074 461804
152001 197818 197814 207963
24221 31001 31598 71445 75184 84961 85979 128871 186391 213239 214485 231148 240723 259495 270262 283892 287345 305604 317951 320777 328691 344078 348225 351766 373549 385201 385257 420599 456448 467717 480390 492179 519355 523265 530309 534859
15127 32602 57062 316486 341838 399038 436314 509639
33775 34344 55884 68039 93187 98625 109736 111770 134429 145091 150045 176450 181537 185741 192523 208913 227118 228947 233940 239847 261341 271300 274085 300749 319133 333494 350452 377920 401870 403157 425786 430938 449042 466662 469062 477450 487125 174998 385730 18426
126397 268312 336038 376244 461964
159503 246476 248173 394804 12898 44502 358002 358004 358006 174631 272669 380100 91623
440525
310063 360181 394975 223682
76908 97659 146773 170304 172383 224705 249269 262393 276506 544141 544719 544726 544727 544729 544730 544731 544732 544734 545209 545210 545730 545972 546017 546322 547009 547392 547393 547394 547411 547574 547600 547836 548188 548418 548445 544728 546255 222158 546016 547250 547410 548190 545507
74550 74552 83155 96158 127568 172367 172369 179921 247059 252788 538287 542184 542683 543161 543173 543899 9650 90380 108194 134224 134225 144191 144193 157624 199097 199099 203703 270306 541418 542321 542446 542902 543056 543343 543720 543789 543860 543872 543873 543874 543875
17611 21518 26459 27966 30510 67500 70124 73723 80512 104658 105707 123975 147416 183542 209188 218045 222499 223527 285633 298784 299108 315995 326014 327094 354094 368934 373465 382755 396422 405980 416314 474564 476367 508858 521365
31477 89137 99819 124384 206440 235296 316259 340403 341356 354668 368619 395288 450336 474308 497868 316238
188409 446726
128209 146619
11442 79797 238939 250678
55712 55719 186838 325058 346881 470876 470886
520268
63247 158073 248473 351520 442759 487395 103300 49695
4146 21483 25701 33803 35571 42149 49035 51773 51935 53222 63874 66787 102775 108580 133152 178686 195538 201227 214149 220904 248037 251959 271813 272524 276246 301600 304321 306793 331207 337486 403381 407774 421033 451183 462832 468261 468948 478839 483679 493743 497701 499925 503771 504740 519747 520679 525716 537153
524110
132 2753 10492 26999 67768 91930 107687 123451 136947 143715 150450 178427 187128 206097 224509 283685 287924 298937 308657 317267 317693 325902 331669 332167 333849 335782 340592 341742 344923 355913 356166 358800 380726 407613 426678 450384 452522 489563 494670 505753 536330 540235 17208 246912 49948 114810 467165
27766 42371 183393 195636 219654 440526
248053 252184 264966
132031 164604 189237 248036 298879 317366 326713 399040 433881 540293 444979
2137 31014 78589 94796 147315 335132
190062 274521 328123 405565 101668
2935 8546 37312 52850 57868 92451 99270 115476 121551 159870 167319 179255 183430 197590 216822 219109 242336 243758 268300 314903 329234 365332 375325 376975 392090 422473 472911 490032 492754 498635 502495 505175 516834 517850 532895 533033 542607 367118 136512 400604 328483
3375 19319 40008 98725 105719 161231 185464 186328 208349 218069 348448 349314 373450 419909 468369 475012
42904 74490 94531 390335 390340 413048 509348
238496
38200 98484 112070 116596 120989 159037 224453 227376 242997 286336 287610 362406 433658 441901 447429 470445 515812 516817 517161 519642 527598 531957 535727 196562 302796 452842 160129 296457 282933 221813 293469
153688 189151 199179 231860 231862 231865 238339 256663 260324 288738 347684 368721 398297 405970 407932 506485
63368 157272 256198 373528 427654 466283 482155 497000 517875 180578 362196
174308 229525 312428 312429 323657 472380 344974
42420 256011 408401 462256 361541 343145
32115 193098 380604 428448
198684 386738 392437 470404 304846
19835 41045 104898 110488 116452 159145 186229 219498 278766 296598 324908 347653 353224 407840 425169 439845 472922 507160 520774 131351 263227
477532 515304 338570
29205 82225 84104 130124 256587 320826 344925 517445
413965 462145 437905
520468 529818
38037 409524 458245 507317 496657
53535 154372 257881 301541 347443 427063 501488 203209
175831 270174 270293 471355 471370 471375 471377 471380
434 7100 15700 22475 32499 40152 41520 61879 86724 143401 148912 149899 150252 170956 191182 192770 198344 214614 216117 219206 239063 239486 246371 247814 263674 282086 289413 340967 349469 358286 360544 369105 386341 390209 392306 402463 406077 406340 409978 422178 423097 424320 427829 437613 450768 452412 460214 461666 475716 486011 514188
27423 47053 71686 71689 140141 157669 192596 215022 253721 276474 278502 285273 338869 346469 387683 387928 392657 405849 445736 469656 469658 483307 522171 542307 542308 542408 543045 543253 543652 543679 543680 543839 483331 495189 483333 405851
14073 44908 58975 58977 69337 81228 106100 113840 121514 211717 237111 255202 276695 289285 313954 326988 339225 352552 396697 428546 463576 465629 511063 519126 525489
5238 25749 121270 168715 168720 182430 193790 205319 228831 229510 254263 261558 317603 320128 406305 406909 412670 445716 471009 494860 539125 3833 6579 23465 26373 28053 33812 49761 56052 71736 73400 74439 76881 98269 99373 101019 105619 107972 122915 127345 131182 131211 188073 189959 195210 215955 217230 223061 311872 333916 335763 343242 349055 396649 403255 420427 432937 434966 452884 472722 494481 504305 519013 536830 19341 23890 23916 47744 55043 61178 65008 66096 67395 91592 103544 114473 120380 131093 135702 139089 141711 142427 156691 162652 163920 181953 189013 200271 210992 212553 215914 220330 234271 235970 250182 279216 327890 358034 363926 367285 368176 373188 389871 397590 421557 423859 426269 433843 444750 445441 475581 515659 522750 544898 38444 306781 382724 517224 184458 228537 381003 511237 451671 53117 203903 328468
19767 31348 51187 137338 216885 217970 225811 273670 430544 530090 540372 14981 69831 74852 113192 171689 199263 233859 362572 367645 389494 391528 504792 8533 11683 13850 22036 34011 42769 50574 56822 73601 92249 98536 140265 165124 170461 171214 172228 184612 208216 213303 224371 225637 237646 262995 268848 279185 303673 313078 316345 357203 360161 373473 380727 382881 392875 403958 414636 439593 440566 440606 453411 464863 501634 502786 503628 520005 541185 524891 368169 20763 386234 234093 105238 347257 350418 217716
1639 94267 96981 142820 199217 224937 260638 512204 547527 548255
12969 17440 17442 177782 193609 210707 210944 360223 414010 429334 477237 23287
281058 447090 461414 370840 124119
24458 24462 261193 336745 170798
221362 336486 408908
92185 111312 185837 188895 200591 208936 247407 265543 271882 331338 379522 517885 531049 166893 222530 135953 331950
13343 350390 338539
13213 33791 37913 60524 69216 82240 94105 109753 113186 146452 152557 161090 175043 180019 182423 182511 185280 201932 203634 205422 208178 208909 209957 221231 275549 280138 284163 292492 294202 317187 320215 326003 344288 345722 370717 379377 388409 399642 416934 424297 427256 428388 440746 465019 476330 479455 480064 497024 513425 526402 535864 125335 253586 516116 448160 426533 393821 338234 436758 362460
1820 10687 26443 61891 70027 79895 85518 94903 96907 102507 102971 115002 118233 118378 119092 160700 163082 164600 167642 171437 183511 185834 187854 190337 206265 207329 228086 233088 237249 238138 261977 268581 269505 286373 287049 293591 297126 303589 310096 327126 333429 354429 363933 384350 387578 394137 411367 423187 425681 426033 429147 434725 436429 472084 489399 491494 498596 508581 508904 512048 514212 516947 520280 527136 530406 533808 537745 390225 213264 135942 178061 50313 279570 60965 341392 120970 112858 388235 200769 332244 424964 505955 509360 339725 392965
4109 216089 338212 426263
237774 363864 531441 543408
14948 32065 42826 63151 68116 73128 87891 93317 129997 134663 156457 159988 193110 194944 197841 199507 206283 233996 247651 260469 276007 284796 299112 321831 326225 353013 371067 380776 399039 410759 416423 422155 446503 452082 465402 495357 497384 501277 510562 512468 518125 518984 540659 540861 7219 204899
70878 169175 194234 206785 221525 239740 241200 433880 464218 476921 501773 526687 85809 386077
166768 179327 412931 533900 254939
126799 155064 533255 211466
97561 114732 150327 185709 332264 446008 446010 446011
62919 111580 212352 248013 335458 396966 76514
152840 161205 171167 381447 505203
323988 539229 107400
2694 74217 149937 271996 469316 498928 172017
398645 409979 437578
6984 145595 152968 367669 531166
2126 3951 19411 25482 28682 36893 37313 40330 48815 49247 55648 71938 73917 91351 92426 103928 107996 135937 137778 157349 166059 184063 202277 224377 235408 249182 260186 269463 273695 282154 283515 287734 287998 288908 298152 307186 326049 344945 354492 354845 363055 363588 373235 377269 390591 394441 401187 412381 419838 420900 425057 431285 434890 435544 438282 438922 439705 445196 448900 452964 453143 455205 458402 463156 464271 466579 471901 479011 491652 494329 501176 507462 520543 530630 533891 535792 536374
21262 53638 57369 66395 76927 77064 81327 112595 140717 171830 175149 177452 195822 216818 293214 297837 316428 334722 369567 391404 439992 452553 467578 500843 514134
314443 479970 314450
8817 18452 32976 58799 80142 85349 88269 94813 129068 137008 137236 142514 156498 160681 163919 190308 229488 232600 242690 253239 262148 264005 265353 283767 288374 294006 296571 316764 326089 371997 376997 379324 383362 385015 395891 400011 407273 414629 427216 427791 439202 459331 482859 518227 518648 518695 523737 531205 531641 487135 377041 269530 337825 246460 423625
1500 12177 19625 21516 31980 50856 72700 76261 81303 90431 100464 121344 121441 121768 124220 125000 138211 144800 145300 152770 168056 180569 182085 186400 193153 196827 200566 205402 227121 229039 251964 282212 302509 303834 304553 305601 319406 331200 356893 368669 395622 398443 407436 410747 412282 424386 442010 442541 452941 458185 463477 467195 468085 471456 488943 490490 490861 493324 498708 500747 515331 520608 526560 529227 539662 327497 541245 527121 403329 48099 409123 528829
68136 168437 274280 350351 388282 471342 427997
99000 205050 251359 343813 360916
74012 163140 329735 359073 395421 87659
55637 58670 73810 185383 212225 242680 289741 368252 404060 415676 437455 463509 488077 488851 519580 531535 542645
73329 98270 118840 235847 284992 372995 176683
88809 182037 456555
110413
13922 48340 405403 430146 452788 493034
256513 256515
55017 158534 339500 469396 66413 155096 300910 318079 318090 407868 425656 518217 407872
123654
118203 206513 212121 365285 381652 201878
149339 233610 330933 334880 373181 376748 460712 522043 42046
241707 351881 357744 386269 480500 490791
11074 105139 201095 221647 347908 381506 388324 305022
72994 288816 173411
112925 137052 255701 342541 437244
22190 55057 62762 100606 101145 104766 104768 104770 104778 119023 119025 175382 202441 289740 289742 289743 289746 289751 289753 289754 289755 289756 289760 411902 441676 485327 524040 193320 193323 354662 110393
11963 57073 91212 194821 239536 273700 285513 305014 307290 319526 332498 362096 392146 415432 448464 483965 515129
72977 160597 342426 343259 524098
521 70004 127332 148870 169697 173687 174097 210373 233313 235362 292843 330506 356349 401127 404185 513756
29564 152299 205580 229792 244404 254505 254507 254551 324623 441667 479346
60085 73898 100724 124498 138799 139160 184310 191337 191817 210828 213761 238807 244836 261169 270535 313616 326840 339854 377346 408250 416373 456402 471242 484992 507158 525995 528449 532279 543268
111722 122613 122622 138325 147105 181666 223046 249702 362176
90938 214452 244240 246173 336770 391524 537816
125167 202927 125175
34895 38265 116969 347716 355378 366824 443731
64051 317337 329327 171345
51246 161307 476208 107722
2517 13948 58522 118905 143603 149744 224211 226965 279708 282410 301181 328021 328447 419721 430559 113332 2801
166202 382445 386562 406338 457915 467177
196132 196135 491949 47403
14011 19088 65997 107706 107709 107716 107776 122553 135151 135539 196367 211235 226384 234872 243825 285418 311950 312017 324629 342254 456222 521994
36956 354618 377661
50774 62962 102093 112326 293362 391145 396595 414633 521099
38926 161318 172595 308654 315446 376908 430858 517813 531212 116233
22010 36737 49003 84346 128696 131492 133735 170339 200204 216324 236756 249476 258182 269999 322841 352591 362704 371095 395017 396491 433538 442618 448603 476581 374480 492500 1797 26829 311817 226047 211634 387441 281425 112573 76800 445160
5726 5728 5734 30565 105042 105049 129719 129721 145811 161874 161883 174181 195404 243096 243103 323993 329617 422812 445998 507149 514917 522201 519385 128018 161873
89730 122147 282768 415037 247239
207944 207946 234920 303698 383708 399461 530882
43424 130445 199656 354269 1200 51113 80433 87071 89970 142400 152589 164387 167882 189124 226140 256580 279755 317090 330293 342871 354088 354565 423673 463745 474381 531792 409881 224252 197137
50739 82953 148423 369409 369455 451280 453071 477597 502452 514143 534712 13857 148417
36521 325123 342902 405679 405684 495822 495823 495829
100582 129861 144441 250015 294760 316076 330976 366337 60095
22545 49608 117583 141177 311003 436233
411 25558 111832 172588 207834 536254
253126
45287 192266 252021 337084
84836 519897 50167
8469 16793 83901 97023 150274 264024 287686 339985 373941 445520 450013 468775 529047 533897 170809 283610
12346 98663 180078 373724 429812 538597
105664 199086 199088 281568 394449
443 19197 70513 86888 104176 105204 128705 139840 161232 165430 185636 195461 200228 216567 219107 278001 302507 312166 318376 360679 410980 457300 475488 487943 489751 508801 521872 523591 524008 533027 7099
29103 55457 65312 84639 85900 109242 110457 114761 122965 140945 150359 154377 164602 232317 272804 275458 317034 319392 371964 383679 395887 407219 422634 488010 508669 537703 543414 61091 75169 299812
18479 52787 102292 126974 298838 387411 389114
227369 286151 45501
5346 189670 278338 364114 364115 403121 497155 499045 518044
27959 12785
16710 20571 90704 116757 191382 238369 407908
5138 75941
26767 26769 32688 63369 63371 77328 77339 112824 112825 112827 122005 122007 152199 187294 187297 195054 287916 444048 444051 458949 458950 483106 483126 504543 522078 70071
102864 224684 300185 462180
117816 296327 457642
20297 23130 24614 26617 27657 41404 42131 61016 69255 73088 81150 98011 101561 112788 135071 135956 136696 137370 140470 140620 162935 174384 182254 191740 203088 204147 204274 220860 223593 244374 249943 251415 263822 264454 279196 281767 288913 294082 297017 301693 308995 314034 314189 320915 321449 324586 328079 337678 337991 338223 342319 345602 347320 357724 369646 369677 377046 380885 405524 412826 414226 415843 430553 435149 436557 448131 458021 490680 496424 511245 516611 517663 523930 526828 2849 3460 4825 56436 58350 70287 71772 124082 147607 149819 186065 215184 238836 294495 305967 313182 318012 325027 341087 352323 362720 372872 457476 464888 474959 527901 471737 25539 223160 276330 272055 426256 401775 38071 274340 280905
162905 182183 253596 268719 449139 487654 487656
18871
22044 51893 76847 77458 79412 110946 126072 134417 175837 202849 211862 329352 349908 362180 449531 473521 218050
6231 112285 182145 301684 463938 100764
221789 433711 437733
10711 70709 73196 143147 168084 200962 201617 210144 215148 248505 276648 293920 313563 339079 371116 373238 418827 428857 452678 465744 487986 497754 523753 527849 320805 280988
31894 31895 103798 298986 341236 371692 375274 419250 419253 419254 467419 472622 497706 519348
117614 139711 161457 368364 368371 442550 462227 465116 480472 509896
72226 175144 185626 233084 246160 268827 295134 337917 411027 440817 28519
16595 207304
16253 27877 50037 54603 59216 74703 77068 99160 124223 132771 139847 144958 148960 152594 157592 206281 232354 247826 256182 258456 264303 295343 312581 326337 327789 330122 332507 336537 344721 348809 351039 351604 375640 380681 399606 404609 407423 411667 435530 452442 460548 482957 520459 521818 523270 529142 531808 533939 3365 60613 90677 97698 108640 110029 134894 176119 190418 222033 246286 251915 294519 331590 369501 392075 393447 459834 479755 491069 493057 505904 526090 160435 72965 510013 521011 522261 330216 187171 232913 95308 519036 180583 118408 164668 310594 131061 290324 405299 31798 509664
19370 50246 192052 305365 492792 465934
52939 279190 426017 498679
210605 210607 268119 486979
406965 537922
62554 144469 445322 507060 507063
1105 2511 48716 48720 48721 87932 88789 111172 132270 132274 136209 136211 165101 165389 168752 213186 239736 270233 274159 304562 342327 359267 452077 467217 502037 502827 512492 532594 533977 539584 543788 415737 316307 48718 303322
73466 73477 419978
156820 327382 381820 424741 429668 453462 482450 531036 542246 479676
5747 7083 26901 87846 104062 143271 146623 181922 239992 278593 390656 503505 492497 156757
57365 274517 293647 293659 293662 293656
496855 496857 268845
89972 163303 165121 223142 272427 314957 316782 441755 482876 530563 89971
85046 119819 172824 201863 248716 263268 345974 538610
10149 30877 56711 112428 123304 171678 271402 286245 313181 385197 481100 483774 535197 144320 161645 168016 208800 216460 233811 258579 324386 409816 462355 486553 413498 482057 408416 305279
50647 338877 357762
58392 408944 387080
22153 22154 243593 544099 544101 546671 547406 243595 131663
31020 49744 133331 533555 194322 263292
286624 331605 294926
51981 342981 223189
133283 221229 284087 294372 437004 437009 437010 60508 279806
316720 441613
107680 119170 216471 270034 294506 487945 494471 505411 524009
490377 288072
245030 334490 318229
5912 10634 154396 171724 184624 187693 192194 256469 316824 341397 346359 375557 432330 474939 474942 474945 474946 473668 432383
46901 65002 148286 201129 203622 260126 294724 315974 361607 374151 441057 445680 478857 484183 485621 262320
25829 55491 226536 435660 435700 435716 459853 496805 504979 435715 504946
8285 80361 336577 346464 430590 520037
688 15749 17934 19252 81909 116912 122874 127128 135006 144083 145886 162598 166494 169466 170410 201679 203632 217427 232501 241305 265874 290331 294162 302782 305636 306218 355903 388799 408181 414051 416089 443830 464056 506695 512458 517843 527583 534307 548285 46650 84370 173625 119385 71210 247096 144017 301622 331650 74494
13933 30971 34580 41775 58875 105780 139315 231618 329970 335883 422134 507204 508883 516740 521453 530613 539201 22157 251787
62960 120296 122211
33492 65243 65513 141157 292574 346811 406477 430451 495620 521772 33345 316409 541076 98112
6224 6664 22968 54773 63856 100755 102969 120984 154218 155754 160996 244526 287618 316855 339744 339755 349850 350200 353156 382934 402866 483719 489148 495858 508515 519067 521609 526783
218100 292127 301237 333442 450744 522957 533302
35867 369336 484428 345246
1806 4389 49243 49268 164686 376498 393054 405956 528993 121188 160502 216817 321497 158841
9453 51371 51382 213650 432282 402646
34799 34802 58848 345624 516523 520546
64869 100932 200920 210859 267416 495066
62211 99302 123836 154277 154282 209163 236304 344610 359862 372706 407647 431741 522205
17239 101389 276154 387833 417412 424750 501768 238430
473502 495814 122115 139994
84309 148221 414685 193837 448427 509142
53560 64572 65000 68257 71640 81499 84239 102941 137824 145911 145932 150243 166867 194836 200952 233632 237442 276649 310305 319620 324456 325553 326762 357095 372675 384360 390782 421764 423381 427308 459129 487636 491070 509448 519807 533527 541584 355542 200801
179558 258340 258343 421693 421694 421692
32239 73054 101295 113773 171491 200196 227747 243469 337503 387972 404752 443897 459971 492349 497338
150183 392423 529242
315316
4624 214232 516499
21270 84409 262923 412703 462023
29866 192608 232195 468680 478760 239582
33374 349932
149139 149143 149144 149145 171543 211436
209225 256705 322648 348165 538888 527653 24554
117069 223212 469642
67537 352253 392495 394236 394241 532448
84915 143456 184555 223247 248775 279503 281920 321284 344146 360020 371631 379022 437822 444728 34883 92489 137114 175887 179969 262611 285265 294613 337785 344252 348401 360478 439377 447303 462377 466951 473834 513880 519390 518522
7557 33603 75311 85219 92811 96207 117368 142827 162776 206674 280523 290394 308901 343097 366745 414409 422934 426267 515051 518671
325045 325048 328245 369720 373310 421283 502726
8334 12983 12985 45252 78005 120449 149759 168585 185541 197411 207306 213313 264630 293343 462233 535978 544121 12971 80214
411330 419262 435347
394597 402636 470197
50387 152370 178467 250185
272098 329071 381137 434278 482499 487438 512302 513830
16644 21173 196875 243839 315660 323571 455142 90445
260781 364650 478744 505924 364647
112786 112792 235293 347667
18761 55464 68576 70820 72560 93483 142708 177643 188145 218956 243937 326811 396350 398611 409245 413997 420131 422366 462174 483799 488493 512409 42023 80532 410027 171252 459666 20716 508717 246045 198400 370166 513275
278731 317254 341322 341344 341352 128544
19679 35455 112758 162648 206800 212546 289400 303846 304830 360825 369143 379571 380999 425198 442046 464920 499196 21332 355619
18588 302362 325088 367797 411305 415466 424871
80429 86199 87073 138399 191707 262286 364200 387987 404725 489673
12382 150444 216938 290148 324252 325240 384227 526724
214558 280574 370607 428574 496793 496834
68582 360107
34464 53577 115788 443467
4406 19471 157089 178108 220801 226561 234224 277277 386376 430041 453999 455469 535391 194407 408420 409317 494662 32702 54892 186535 202203 230643 249831 317331 403188 464736 484963 522622
87769 118077 122815 167100 210348 214773 274196 340409 412316 445673 478705 540608 148649
48712 472423 500803
12886 250240 362762 367182 373837 418510 418514
97106 491342
195027 246031 362905
413700 528782
242613 357172 381138 405013 128214
236319 287450 324553 326801 355078 488055 496357 532242 533220 350956
62000 90315 139540 158287 168553 168555 174935 186990 203274 214187 232163 283031 290071 297405 302333 306688 312934 328685 351686 364541 384433 408237 463162 470264 496096 499025 515701 518975 521507 531261 249936
21053 78534 95177 109927 155380 237103 263493 348315 420886 466235 490239
283859 404474 424093 457110
124773 222735 365448 489152 464568
159172 462347 474241 481208
89572 452209 464555 434497
12902 25476 25478 81346 103249 221601 221609 223808 247642 258835 261988 319151 335964 344218 383707 408412 441718 458212 468887 496832 526824 536622 538751 538752 138993 172808 442764 383716 134195 310323 197806 496269 422195
198530 215365 217086 223267 288236 315835 338513 357585 396677 397738 425450 425466 428867 444210 474021
241485 255943 269112 282855 516988 85664
19752 36397 103633 113052 237888 516643
20879 194100 322414 346530 372634 372637 521731 218527 372631
223157 373568 397512 421220 448241 337102
68823 75157 88617 99183 172446 249808 348925 426724 508485
26567 138036 162823 169502 209923 530596
140741 273675 305809 336994
116407 438364 91816
155697 199787 493941 368036
1822 4645 7001 17716 29516 46774 47682 47750 51619 52944 75510 83064 87508 90166 90546 93372 94201 103529 107221 110031 111430 116789 121895 125772 141236 143470 143980 150139 151205 159553 164421 173327 178341 183478 184995 185045 186598 190384 193112 197286 199857 202049 214048 214971 218002 218826 220496 232138 235790 243709 250774 254853 257338 269544 283617 285611 285967 291289 297914 300365 303420 311029 315058 316269 321713 326307 333346 334633 336115 348376 350190 351105 354879 356552 357034 357757 360852 363412 366509 366691 367642 371490 372898 375374 376886 381792 384707 386841 400446 401615 407566 410605 418859 425538 437872 439577 446414 456757 463662 469419 472011 472190 490624 490853 494409 501167 501544 516259 526811 527570 528346 531024 541918 543550 544242
852 2556 49336 70350 90820 103626 150211 160859 170622 218600 222789 224305 292251 329483 330153 358490 367698 407147 409740 420580 424145 444965 448512 513011 517958 524313
34869 177542 247967 438089 525731 302567
39366 168827 209002 505531
182679 215409 109175 275648
24662 43435 43439 65780 75851 98042 109195 122538 130635 214433 214441 254723 267623 280853 282965 282967 283195 350170 361086 365599 366969 373230 403170 443596 494728 528029 62113 251941 10602 323808 211097
262492 256266
69805 81384 250579
24076 38185 69456 89973 91601 95977 105027 108628 116177 120959 154244 168624 193691 208626 233933 297278 336083 454029 514297 528522 535600 543534 517019 446826 272795 104372
65047 546586
47347 53681 282318 98335 365793
108179 276167
149474 436264 467909 487083 506541
522664 486164 124469
162739 179026 424078 429428 510004 510005 510016
212909 237561 242766 496699
194702 445930 517962
80680 422374 450180 475986
161427
259399 421963
11663 352260 356500 542038
298731
10732 14315 50147 67649 142383 147778 165469 199231 230958 262023 280689 288316 394334 405948 429163 529054 379766 262025 262028 323618
2249 121594 154675 179871 179872 286571 286573 339819 388255 420407 518925 518930 519237 366 363
22295 183949 322370 450136 460518 481511 529748 541480
111650 224387 264562 290301 331618 355806 380405 444646 531144
139762 485348
37475 198566 295160 313191 471388
7667 199697 226854 341839
323531 323532 323534 460955
139757 188198 432213 510439 510441 490941
4464 190377 193030 229447 379369 403309 422198 494068 511456 522935 7923 47375 50651 68214 72090 75316 93106 105321 142439 145710 145912 167436 196138 222381 224414 237499 249165 262203 271676 296406 297160 329897 335880 351614 353214 395631 399100 406877 423205 430505 446578 447126 459882 467567 488489 490905 499869 534791 218139 399426 117624
141471 269532 141467
14038 82894 124281 124283 130050 245958 245961 245966 325421 336426 364774 429855 325416 196422
144151 208740 239067 243438 276109 328728 367291 486875
159867 416387 301119
19778 69991 80880 111814 117075 126017 162714 174023 178367 202699 237543 270302 294787 319959 342978 362454 407678 416640 417607 425882 429837 522719 536549 38836 153118 45422 250038 286610 524158 190528
279582 358797 470929
42128 134868 158917 190509 212517 364015 380892 435607 471818
31054 277519 482225 527073 538805 122558
85039 142163 247773 272462 356263 358351 410235 515489 541930
100920 170945 266632 311601 361337 367186 389896 405823 413692 461863 509960 210439 313239 361444 521270 317591 433118 487032 492193
77445 190019 300785
32082 35642 163587 286958 437349 437352
153672 493461
169423 528417
35213 42560 521750
62352 111230 421254
14896 21659 21695 24397 42346 62867 67051 71036 87626 132671 145089 158674 162709 163015 166077 182587 205505 210462 233838 240678 254423 258501 278725 282906 303160 305716 350288 370812 408836 411795 422063 436124 438354 445259 486888 534790 538222 2797 31200 47626 72238 129002 129819 140476 165128 196566 198304 202609 203397 216625 264309 266187 270593 278146 283440 315577 320858 323371 323378 348877 384795 389473 412353 417383 429082 438003 439622 463702 472962 480884 497828 499649 501124 514909 516992 96812 96824 121482 243863 1015 231400 466135 96828 260329
335486 338843 359673 363073 483701 486195 508622 144629 489209
71069 476657 494030
284931 364317 364353 388131 388132 388133 397878
11312 94655 119215 139700 168868 169911 194584 230711 278973 285717 369456 375306 381571 393415 397353 517172 517456 527594
8324 9244 9246 9247 9252 9253 9254 9277 9282 9284 10034 10035 38972 38974 38977 38978 38981 38982 49756 51393 84392 106093 106103 544170 1637 1640 261662 544403 546316 546317 546961 546964 30679 38973 9834 4767 1282
34120 184680 219207 293154 300584 300590 451794 519084 33551 268686
8287 13998 16240 18134 38783 59151 147916 182078 222180 244192 247042 343725 434815 466190 468048 508080
45548 215266 249771 360314 468231 532208 147931 125857
8323 198204
53049 96237 185560 209375 374105 468184
41743 49344 66396 115914 232402 315408 495573
2991 8183 18668 121944 271884 347926 370447 488148
448 2117 28123 52713 56684 75848 80796 114138 130042 131874 154321 158327 170021 203546 260305 271148 333085 334420 362528 366149 389968 392186 396362 410087 449691 455467 467401 471848 485055 491851 519832 520877 525658 529820 544416 547506 11915 15922 36802 40326 66017 70230 79419 79705 81790 89918 95258 98343 104350 106397 110425 111550 131043 135409 146401 149579 154146 155663 162974 175213 183231 189882 209915 228082 254963 259788 286536 301483 310488 325745 327922 344483 349627 354715 389791 397448 397575 403346 403540 413490 416018 416364 421373 433792 463529 477664 485524 498651 499716 524779 535908 41015 152512 375133 394515 482169 504629 475036 75762 13589 326481 515094 56913 206540 321910 338300 347419 55701
95025 96570 145667 145796 173982 190037 220940 241881 245861 251270 323234 323839 343273 388820 439926 491704 514938 520043 544881 17709 29420 31816 54426 54592 62052 68266 77207 89482 99737 110845 113814 148667 153667 154531 155547 183335 192753 237412 255998 266875 267488 282030 291353 302934 323681 327230 332625 334949 362794 385452 387927 399472 406316 421055 430917 447132 449271 470241 471504 478239 490663 492019 493688 513584 518779 522052 523122 526279 534183 543383
13679 14299 30348 31488 34250 34937 47550 65296 72727 78028 83362 96479 97661 119495 122267 139317 141005 163486 164157 170387 177466 187476 199961 209080 213786 241304 290337 292080 321742 360322 362275 371991 378689 396135 413248 435810 443747 475188 478514 503446 510530 521184 521217 530270 539784 544322 38822 64429 297644
25624 33379 37456 46990 54882 82064 125538 146859 156950 173435 192900 211804 214059 225455 242803 245507 260701 262116 274940 280651 287026 290875 291402 326323 353596 361346 385932 413665 431195 441045 478532 479518 481729 482033 483021 508757 39576 147000 170690 188807 265910 316854 334559 461532 520878
116101 178800 257678 294220 313315 377735 450376 488765 524390 8692 23486 47961 85096 103262 128002 145288 148592 150787 151088 154776 163339 164111 165032 174682 190629 194740 203458 213196 222987 236168 251371 260179 266243 277846 306761 318984 362442 365635 367031 410900 413457 518817 519367 520715 523261 536093 540171 544840 41803
7354 14088 34701 48881 67485 95456 116168 117507 123033 158156 165937 171152 198470 244847 269951 274645 284716 335564 342933 359712 396939 420729 421169 424495 442249 476202 486744 497038 544993 311323 331778 381847 28152 450417
5197 22780 35814 37101 56342 57060 75588 100623 129143 142229 176500 176695 181785 196910 245851 246767 284216 290968 308167 352799 352885 393110 398631 407895 415981 418918 455942 485935 486884 490231 509535 515422 541552 158208 75935 157635 107045 535153
16383 201221 403163 446385
54044 423281 514837
202170 270508 287742 541707 4015 48899 133720 223513 318905 342041 357018 478326 541015 314370 349893
21106 49504 225450 228363 320295 355676 512502 513547 529251
22085 64287 67454 120388 155770 170756 189109 195156 203633 222584 253870 271928 277405 291669 301867 312146 363363 389962 419009 437660 442876 483882 485105 491554 512147 528715
60316 62937 246646 544163 545245 547205 547944 548137 546176 546178 547107 548142 545044
126223 131652 163166 234758 309704 417203 468065 492552
3373 13472 13475 50948 54958 339002 393765 520150
130442 356449 502349 502359 502398
306740
101649 102034 102035 413287
141498 162722 287495
1965 1978 4704 8934 37874 68131 158734 158906 167220 229030 239165 247783 353741 362545 384540 534698 95192 530074
175864 251123 275566 275571 275574 317208 351650 396430 459875 299952
22700 175581 198253 488040 380734
68954 280691 365863 365867 375612 400343 407103 424491 449703 111610
29702 46220 54207 79265 79273 79274 81591 155786 249355 251263 251991 259996 279902 353346 395041 485641 523107 202367 379495 25566 197391
118454 205328 210580 303442 312313 373401
