146 837 2071 2077 2085 2410 3718
771 981 1035 1771 1799 2381 3377 3630
818 2319 3328 3661 3887
442 1166 1283 4465
200 672 702 978 1311 1440 1661 2761 2799 2885 3258 3316 3943 4671
209 865 926 1433 1687 2613 3159 3516 3635 4052 4682
182 349 2312
191 1753 2869 3877
1063 2096 2281 3113
542 1504 2626 3434 4566 4858
83 681 699 1277 1671 1784 2311 2921 3087 4130 4224 4387 4871
469 895 999 1582 2785 4065
376 799 831 2422 4298 4422 4483 4515
451 939 1427 1484 2244 2888 2989 3265 3470 3924 3927
110 729 2373 3163
406 868 1025 1728 2427 2473 2861 3146 3234 3460 4472 4494
487 604 675 791 1145 3173 3615 4213 4430 4604 4857
236 470 878 1050 1200 1329 1452 1468 2230 2883 2977 3467 3499 4589
93 1658 2612 3283 3296 3874 4110
445 620 859 950 2261 2843 3285 3420 4023 4609
1272 1306 1410 1792 2339 2349 2580 2911 3432 3878 3971 4022 4199 4350 4391 4656 4697 4739 4831 4912
391 607 705 734 1058 2564 2610 3008 4316 4400 4802 4882
984 1547 2121
463 1783 1904 2315 2679 2966 3531 3663 4361 4569
122 1094 1725
194 723 1325 1537 1772 1868 4201
418 1093 2353 3124 4728
628 762 1445 2032 2590 2777 2958 3535
185 529 656 670 956 1551 1721 1900 2133 2670 3606
499 1240 1849 3550 4636
158 1072 1315 1565 1766 2068 2307 2996 3024 4429 4575 4933
167 229 2464 3262 4829
50 260 632 1713 2463 2995 3007 3109 4327 4365
946 2701 2703 3006 4339
59 1552 2110 2842 3673 3700
212 481 1750 4038 4675
454 1001 2678 2827 3165 3504
140 1158 1679 3892 4372
1733 2795 2866 4097
713 1493 1716 2776 2815 4148 4274 4645 4787 4995
394 747 849 2067 2175 3376 3677 4237 4428 4994
53 633 812 1527 1740 2390 3985
367 1057 1444 3126 3698 4987
608 1027 1067 1512 2987 4704
635 905 1418 1906 2197 4780
44 128 1891 1915 1954 2070 4111 4330 4344 4436
304 1339 1719 2348 2484 2629 3856 4583 4659 4700
340 1380 2062 2788 2886 3433 3442 3618 3954 4185 4283
421 1110 1372 1384 3225
80 1187 1521 1667 2158 2812 3525 4067 4169 4294 4377 4507 4542
295 360 2760 2781
601 621 1241 1466 1867 2109 2762 2881 2899 3009 3181 3188 4411 4647
412 1652 1767 2625 2967 3448 4669
71 732 3036 3071
322 1349 1942 2814 4449 4808
11 503 782 1296 1752 1831 1927 2327 2384 2742 3168 3868 4167 4253
307 1210 3655 4715 4775 4918
1243 2792 2955 3194 3281 4040
397 970 1130 1765 1866 2527 3374
56 965 1536 1982 2147 2873 2988 3202 3562 4279 4419 4642
262 1718 2257 4129
298 1579 2615 3029 3690
370 869 948 1284 1890 2290 2442 2577 2928 3101 4291
29 710 1143 1921 1974 2478 2517 4341
38 1144 1908 2221 2229 2287 2289 3184 3277 3916 4006
213 379 1274 2008 4655
244 1250 1503 1778 1779 2437 3329 3371 3982 4336
226 545 927 1936 2143 2145 2976 4317 4892
325 1032 1567 1668 1857 1874 2957 2968 3513 3679 3962 4155 4805
361 489 739 929 1570 2667 2728
20 897 1054 2081 2299 2471 4717
798 1030 4670 4853
316 1201 2058 2572 3501 3707
65 1013 1126 1260 1462 1632 2045 2117 3490 3596 3908 4725 4890
5 846 1350 1563 1568 1703 2296 2469 2978 2994 3182 3221 3275 3317 3326 3729 4071 4902
319 982 1816 2875 3102 4074 4342 4872
597 1426 2236 2460 2558 3259 4332
193 618 2859 3134 3689 4735
265 836 934 1091 1159 2664 3026 3477 3957 4909
337 1535 4303
211 834 916 1518 3612 3696
62 283 1858 2537 4029 4757
292 752 1065 1439 3027 4235 4997
1079 1308 1375 1522 1541 1806 2546 2668 2961 3266 4066 4284
328 676 2322
501 1114 1382 1610 1650 2247 2986 3208 3502 4672
202 1775 2293 3412 4946
238 915 1186 2934 3624 3951
277 1078 2472 2569
483 902 1185 1506 1623 1953 2092 2534 2614 3478 3705 3743 4027 4242
55 232 4059 4665
124 638 2542
447 684 743 796 1137 2605 2677 3031 4742
214 737 758 1038 1190 2190 2219 2417 3042 3152 3350 3719 3915 4438 4626 4718
960 2056 4282
115 3263 4196 4692
187 1619 2681
686 1100 1292 1659 1832 1879 3179 3295 4087 4145
241 867 881 1271 1336 1804 1992 2789 2820 2830 3444 3474
962 1149 1279 1352 1420 1747 2336 2453 2600 3322
176 369 2185 3353 4078 4425 4869
901 1068 1174 1188 1449 1662 2036 3388 3949 4463
181 623 873 2683 2938 3627 4121 4173 4804 4911
163 817 1695 2024 2907
477 660 1801 3752 4988
172 429 661 898 1335 2414 2560 3359 3394 4114
387 3430 3905
46 225 532 1448 1637 2302 3198 4162
136 983 1023 2196 2446 2598 2877 2894 3912
217 1438 3889 3922 4132 4595 4986
286 414 512 1217 1502 1885 1966 2492 3106 3122 3557 3825 4194 4269
709 806 1602 1941 2306 2522 3064 3745 4790
215 450 735
923 2350 3423 4929
199 495 1730 1813 1827 3018 3568 3602 4743
396 3048 3196 3415 4459
820 2495 2900 3197 4094 4301 4502 4814 4932
378 417 830 2000 2364 2834 4086 4211
73 872 951 992
160 338 486 1381 1456 1884 3345 3693 3968 4388 4519
685 1066 1991 3287 3509
58 467 539 888 3335 4591 4740 4828
408 1605 2172 2932 3487 3750 3865 4116 4479 4982
300 3561 4834
381 1463 1525 2049 2151 2649 3038 3314
49 773 1154 1234 2354 3362 4096 4119 4163 4487 4618
471 4051 4056
560 625 2107 2182 3276 3787 4920
974 1238 1738 1826 2009 2037 2426 2433 2582 2619 2915 3695 4886 4922
75 148 1363 1400 1611 1774 2012 2538 3144 3294 3813
462 2858 4567
157 855 1060 1347 2222 3613 3669 3964 3979 4001 4788
22 736 882 918 1107 1573 2665 2980 3080 3440 3937 4100 4230 4337
444 2274 2838 2972
86 1517 4013 4080 4209
112 647 930 1255 1289 1357 2494 2689 4072
682 775 1871 1949 2358 2636 3195 3802 4039
94 318 857 1355 3591
97 1924 2084 2200
7 546 553 1486 2440 4203 4240
393 531 2135
294 2164 4076 4095
375 654 727 1006 1162 2710 3230 4923
384 590 789 979 2086 2206 2891 3665 4200 4260
52 2246 2811 3783
267 1465 1855 1918 2718 2874 3604 4795 4800 4908
25 2181 2389 2589 3733 4054 4968
339 973 1781 2524 2627 3668 4245 4382 4758
838 1134 1378 2139 2386 2731
240 432 765 1926 2217 2504 3598 3965 4941
1171 1223 1613 1795 2727 3075 3640 4248 4561
306 707 1577 1821 2352 4171
37 424 2053 2227 2584 4188 4658 4862
688 1735 2695 3755
342 523 577 866 904 1655 1883 2418 4632
47 207 274 4998
198 1247 1615 3533 3540 4511 4702 4835
184 1359 2334 2962 3527 3651
554 588 835 1399 1460 1712 2171 2188 2485 2525 2571 2839 2852 3683 4178 4734 4971
28 2325 4815
843 2267 2512 3217 4711
1431 3575
282 284 600 2284 3050 3452 3579 3850 4863
674 2156 2528 3454
183 701 1290 2357 3085 3788
156 1585 2658 3841 3941 4243
1131 1213 1258 1968 2184 2809 3056 3218 3222 3369 3730 4044 4218
833 980 1235 1644 1669 1869 2154 2909 2937 3844 4192 4753 4785
452 822 1101 1121 1146 1220 1626 1797 2013 2025 2203 2920 3356 3617 3714 4966
138 1549 1586 2942 3593 3653 4992
219 386 1601 1607 1726 2128 2300 2430 4537
246 326 1698 2187 2559 3548
201 602 778 877 1014 1403 1715 2124 2832 3832 3935 4292
689 826 940 1061 1196 2465 2924 3481 4277 4510 4606 4644
186 742 924 2723 3127 3293 3352 3706 3799 4063 4261 4625
575 1696 2035 2288 2822 3278 3397 3645 4454 4520
535 587 2376 2763 2935
580 1069 1286 4082
13 177 453 874 2176
464 3485 3622
1432 2010 3594 3904
428 2922 3461 3867 4633
114 852 1447 1839 2599 3685 4820
123 510 3060 3447 3515 3848 4610
195 693 892 1817 2514 3045 3839
401 1587 2361 3219 3553 3642
69 795
491 861 2450 2690 3224 3648 4021
231 643 1302 1345 3150 3214
332 1119 1320 1464 1732 1842 3368 4159 4219 4585 4755
431 522 655 768 827 896 1369 1542 1663 1790 2138 2482 2651 2754 2901 2919 3002 3456 3528 3756 3826 3920 4418
90 1348 1848 2118
99 2435 2947
54 989 1307 1319 1421 1657 1708 1788 1822 2091 2161 2355 2671 2739 2752 3023 3646 3928 4527 4661
422 745 2624 3243 3245 3472 3473 3697 3791 4197 4405 4574
171 1015 1889 2234 4884
377 1191 1221 1265 4552
485 1845 3308 4616
144 559 568 634 1059 1666 1748 2192 2644 2826 3049 3058 3235 3333 3816 4979
494 706 1509 1853 2020 2137 2416
153 227 2080 2778 3907 4180
27 907 909 1676 2653 3426
36 848 1194 1337 1534 2313 4250 4364
770 957 1115 1923 2174 4374 4631
108 562 626 954 1297 2044 2295 2657 3960
9 104 1997 2141 4489
18 3424 3721
346 389 457 697 2113 2855 3001
48 695 703 1674 1976 2144 2342 2347 3660
362 783 1139 1529 2404 2925 3833
21 224 331 1333 1865 2474 2952 3095 4590
263 268 712 1490 2266 3435
272 573 2324
344 2093 2398 2836 2912 3716 3726 4495
317 967 1640 1860 3569 4312 4390 4571 4842
718 722 1281 2797 3076
84 2129 3404 3428 4275
299 564 1818 4020 4999
335 536 1373 2310 3370 3445 3536 4154 4255
679 1044 1232 1556 2316 2366 2540 3337 4938
572 1305 1985 2476 2790 3592 3803 4019
30 2747
589 787 4522 4934
42 1595 2318 3047
257 1219 1621 2248 3204 4791
24 415 884 1071 1239 1413 2392 2682 3354 3571 4165
938 1278 1450 3523 4580
6 419 1300 2757 3986 4000
3 302 955 1370 3414 3506 4014 4233
261 329 356 2505 3069
203 850 2309 3133
164 794 912 1881 2021
365 673 1205 1310 1759 2076 2277 2394 2684 3201 3883
239 802 1266 1273 3817 4103
2018 2075 2691 3282 3626 4210
493 2365 2884
179 1934 2079 2249 2898 3216
269 1720 3382 4160 4297 4329
475 971 1576 1591 1692 1808 2083 2904 3269 4124 4768 4789 4874 4898 4943
484 4947
466 1259 1358 1436 4136 4473 4526
161 3307 4287 4471 4729
242 278 801 814 1036 1193 1670 1909 2431 3413 3610
925 1075 1218 1959 1979 1994 2022 2451 2765 3753 3894 4032 4356
1088 1911 2100
206 667 911 1878 2744 2943 3237
527 804 1267 1321 1454 1491 2130 2607 3121 4216
0 465 3212 3662 4105 4503
1080 1940 2014 2132 2259 2500 2905
413 793 928 972 1040 1520 1782 2331 2391 2513 2991 3084 3274 3510 4117 4443
