164985 225214
105089 282815
167906 288975 421279 442612 451312
231953 523128 518997
160294 304770
112823
200103 220085 311307 359487
522928 447268
179001 391697
118948 209822 455700 482725 191846
55727 78359 335007 170327
12147 73388 269070 439998 178783
82995 156987 280502 236045 24632
4092 104191 341575 389644 413419 128901
219649 233695 337976 337981 444709 499056
99505 126694 133115 264885 522555
75000 156489 207684 278335 321867 388736
15463 62494 85494 167886 193021 284926 345133 482079 517035 526381
12526 33054 346440 501788 538991
169543 219957 284749 346229 461219
100579 137990 373778 428792 483698 30704 103897
104761 166117 193805 245190 262219 484283 521532
11799 11804 147132 449388 452567 533929
14859 27964 159043 223851 358132 459043
135652 152314 172487 220229 249463 340532 389009
138475 149247 149250
8495 150048 164309 221460 243178 281604 292542 377561 426350 449280 498126 520322 532147 4484 5437 9656 38463 45600 54536 132870 148248 169736 170987 195830 202401 217014 313050 315910 337062 339961 373268 379472 382714 396419 407156 447954 451248 462111 470171 475223 499218 517835 534133 174295 355554 254311 405500 532348 402444 377672 529422 386545 446024 450407 495028 263950 285990 425449
132737 135088 364856 428580 428582 474613 516378
7916 86421 88597 126382 153577 188170 200838 214804 226320 251763 264382 266291 288764 370403 430441 476094 476822 535698 425892
65390 180936 214026 319423 367843
413095 413096 463313 463934 161006
66912 219322
20182 20183 20185 20186 2770
353654
261804 334721 358944 469808
116154 291163 521598 531640
48386 157449 181471 197675 229780 294731 335993 355487 509571 537966 197678
315381 449093
10861 500504
68127 70872 224925 350881
66620 506788
93003 163816 212108 347287 387941 422973 536483
221215 230413 246114 270592 344634
90508 241677
26093 291832 383968
1602 316508 365982 382058 417272 425507 495172 523055 330542
10980 68852 384492 520171
20193 22379 28496 52859 93556 212817 231533 429802
57824 82730 90608 107186 109422 328644 377039 391732
59586 60022 100707 119487 128025 143005 166165 166170 166173 167893 191264 191279 244171 307846 424622 424626 505371 505374 533174 68775 188036 269006 501967 505359 534471 256475
17348 47156 63867 303329 312849 351508 353748 361150
52177 342582 343803 357139 397652
231176 357878 372935
138094 164230 290174 282347
88567 208899 317988 510762
11426 31915 31935 56368 79164 132000 476278 538265
4891 154368 240949 346810 391006 434525 482090 540862
132950 176263 176270 202686 222274 274441 305768 415354 482125 505282
21397 147833 193216 202424 285022 416667 421706 533455
144045 156667 194080 365781 367283 386697 445264 173236 169044
100897 268935 276495 341825 448472 448478 448479
100394 173813 186430 396870 536290 428880
8680 40204 60792 136948 406220 432419 442368 455693 466569
30623 76457 104494 136452 173156 308223 407878 431590 535009 410225
13507 52414 73606 77307 101960 114258 136805 162278 182520 326114 350260 362817 363913 365166 392538 411500 445249 472275
42828 329732 440992 459589 493912 499772
16111 97128 97129 97202 216065 268915 280334 16109
190422 542889 542891 542893 543618 543619 543620 246920 257956
94085 98742 152903 226158 274813 544421 545678 545919 546598 240113
51162 294043 362026 470113 482419 507403 528331 214408
222855 226168
64751 214829 250005 253000 308617 331600 392902
42284 52236 140949 165131 197609 353245 400218 500904
3069 81664 203243 333710 468467 492665 540757
14254 17479 19463 40144 64777 73725 217657 363008 487180 233388
113905 188421 205459 210414 258181 338280 339151 411938 432420 456517 499824 528406
5582 193375 213676 329508 339289 350684 374744 495203 335028
36240 93547 108203 344212 375470 419212 501901
53833 88999 112315 136935 287017 352856 387637 415698
20676 60967 70797 114872 222386 228567 269750 350356 388751 509194
15708 44578 60897 85733 110288 114293 114561 182337 184866 346617 372891 508820
13867 21789 43967 108325 219714 367717 410401 448789 456740 492018 496038 526750 533680
10894 223802 266177 269398 359725 367675 486535 487448 515271 343464 418818 99122 297608
59813 104569 164456 245585 311064 430982
10904 91931 436218 522544
17994 27468 67232 133986 162036 182146 279061 288871 381698 435800 519796
599 24701 78205 198913 243898 344715 527561
239451 512545
94879 105993 201582 223642 239954 272973 355461 377006 395464 406110 536260
19622 30849 34477 140014 224056 367439 419643 463507 6854
29036 77589 108247 266452 311349 336378 392981 472012 487744
61337 129710 154384 253676 261266 285631 370763 402042 519227
80308 112477 121302 139178 189107 190820 418406 129804 164015 518716
4005 97674 282981 319136 371558 391665 463620 474167 493578 496977 527275
2223 68284 114393 139407 244679 289508 328671 424392 479184 497568 527734 530164
68757 74320 104500 160383 316504 331116 340590 364773 388560 509547 513310
34069 93746 118346 164375 268565 293070 332827 334329 358591 406380 420513 423318 430354 520700 362923
164133 173160 530421
349 37216 60549 88924 101008 272997 284774 535818 542356 543106 543653 340505 220969 544593 543799
155539 267320 342293 462683 477039 491661 542743
121006 168431 175809 193599 263169 271753 301093 350839 357226 376665 422678 449137 473120 207193 324488
8815 13087 13095 13097 13121 13123 75826 93611 93615 93617 93618 97870 97871 122473 167799 167800 167802 167804 167806 167811 221805 222128 250530 250543 253918 439922 468336 500224 500233 502776 502780 502809 502821 502824 502829 521767 521769 13794 13799 49521 58469 90018 116158 165680 190772 237897 262528 262529 262530 262535 262540 268569 324170 429065 444995 452619 253914 527894 13103 50197 74782 167801
217508 496276 526306
12608 33227 107111 157724 252074 252075 276515 437875 437879 437883 437936 486359
40389 44825 49681 118929 127273 197822 220482 326525 401298 465054 489348 513780 522984 123091
146898 221788 247776 325697 325701 476489 514817 529612 541928
43061 109415 174771 290912 324000 348115 448537 455432 470325 150543 356140
136950 207857 217115 222994 252416 288252 298476 302152 311205 343957 403212 452729 478422 502099 92198 404851
78909 215320 224554 369575 530108 539677
38076 362908 388892 450893
6290 16051 20998 91627 186585 223416 277700 302104 342521 384625 417199 471109 495975 524273
179036 200385 321887 331333 362479 402718 509637 527614 535503 61894 501882
195496 311567 381599 432389 500036
203826 365198 503396 517526 517527 365196 516830
174172
89139 105230 129923 145106 200053 213860 266813 299825 300708 340706 461995 475011 521116 534520 539128 244471 495940
95647 164236 199674 264636 297091 319430 342614 358037 440086 451990 467636 485361 520733
22967 63725 260630 290530 331860 426567 454171 470571 491828 531263
175657 467601 530943
16750 37384 60074 504753 530151
32451 46703 76467 239461 286893 312811 412102 464086 509145 513654 525025 535408 541970 94931
198707 244909 299522 310196 318042 454182
14698 189174 227652 252559 263372 314412 372301 445171 533394 536415
149703 192027 279526 478314 501820 521157 322781
137036
192722 365437 312007
49952 150470 199121 244765 247554 269072 357917 333697
241612 507575 74013
34594 82034 95834 246655 254624 305721 306515 309474 313113 381894 388342 397777 399259 406858 412129 423031 434737 482990 374164 209646
127346 545427 545429 547254 547256 113034 44514
176 131232 201855 321841 347858 533157
299842 434493 434495 438850 535349 535350
4085 10486 60002 415440 508129
72095 84026 143438 151254 166536 183883 235822 239656 371709 384060 395085 418134 135302 448074
10641 53936 78875 118863 182663 271001 353275 398993
41073 112127 154604 155103 257317 260946 424559 424569 468139 477281 539078 540627
10596 10598 10599 10609 10613 10627 59821 118088
70863 83615 91645 95788 102898 108191 134064 158928 192759 230977 255781 292712 301086 317602 341644 377255 386664 437385 442207
4804 26284 49697 66802 84512 91726 123900 170107 266583 320914 354669 376458 417848 424287 486252 503239 518091 526735 532709 416072
43572 154506 157140 238989 265976 283468 303403
405631 322302
19994 43938 57643 68489 82549 114756 149140 177851 206831 231528 300044 391504 493495 498882 45847 218419
19756 20550 94878 139102 244824 379152 435000 441305 502108 23785 89856
10539 49330 51625 157060 172940 177681 184803 193534 212245 222181 242068 247051 254528 280526 387584 403840 413495 439133 463382 472626
15661 42039 100918 136589 138913 269429 280767 287249 295524 329653 338217 349247 392498 393554 434865 438083 443522 502147 531783
4998 6165 29915 49151 83619 116597 173377 211010 268035 336727 338919 350246 371949 421174 426850 475281 503036 528451
25094 30012 80153 117848 163200 188313 205669 243289 255399 284366 298966 309970 315063 315407 345802 369899 441533 455520 526608 540443 13248 29563 33799 76557 92212 97018 115144 121638 129020 136963 144348 147835 150371 152841 175604 178031 194436 200642 243240 245523 247886 248030 250378 261348 267773 268353 272525 276604 284228 299402 300621 309672 313665 322472 333602 342279 378221 390333 405609 413512 419566 425548 426084 430159 434010 438643 449361 449928 458156 478024 498764 502904 506046 524866 528695 537720 21823 48542 49299 65581 84226 90055 90392 98418 115024 126184 161640 164490 200667 211522 231590 232381 236502 252958 301724 318922 331673 342983 348796 365395 367123 372909 379854 399173 400256 414771 420643 421322 433362 436671 438641 444456 445274 457506 481513 491430 494020 501204 514884 519197 531201 536302 3670 316153 189578 366517 318245 233405 129164 184191 257155 417663 139674 466454 526095 354276 157044
33895 42977 54168 73243 83623 150058 216431 218769 269236 334061 516184 516831 532003 544399 454064 58742
25950 87423 128646 357272
29195 53482 78412 90872 127731 177514 277890 302328 315424 339438 407628 523802
51511 75966 152623 156415 172515 224878 246707 251888 261897 336439 371052 436219 508151 510977 518809 520180 526119 531909
69033 115062 296908 309758 322139 518626 70488
348108 372238 396166 415253 443821 492595 160798 233468 257621 281988 353931 522415
49148 145180 376640 411004 462064 531521 541932
13146 13752 22979 43798 51660 87311 122728 225783 290347 298914 301823 316752 320545 352817 371837 395752 443545 459197 467827 473456 483004 159929
414 31823 265606 410079
6633 11593 27451 49271 102198 103808 124244 175208 222832 247631 247703 265673 346493 372073 401800 404226 444299 479041 482092 493075 504729 523382 404701 420400 27841
149259 192466 363813 386371 430475 437545
169977 174729 237477 270134 274716 283188 294112 340717 407032 428062 430923 431108 439717 480598 482603 516030 518931 524036 529657 530354 382042 468067
132457 191796 195043 200224 204353 204354 282391 300953 401574 415565 416429 446733 504361 538078 144502 200365 213201
148017 148080 239036 247263
67883 105792 149197 193926 205875 317160 320580 367309 504121 527109 227789
12746 122537 303521 303549 320702
495392
6936 24169 104066 218474 246022 265339 344497 437263 466104 523617 526436 399968
90205 262847 289685 355280 385347 529587
32015 37761 75175 87318 96760 105873 192743 246879 256722 310207 339441 340390 363712 393304 413141 413751 435303 489224 512110 512599 439277
91773 237173 346293 462501
54269 129913 252501 503168 504163 512878 243402
131442 233222 441855
26594 43658 91655 119305 130923 133904 138501 217696 219264 220277 238708 248185 279761 280410 283793 299828 313661 317384 350642 363273 373276 396297 414043 416134 423615 458612 463809 527812 57636 200956
48244 55907 89052 98986 371227 492981
216056 303541 366556 398182 420499
19043 59514 73765 143573 169293 192709 205568 229736 237027 255918 280211 359417 383743 390104 418481 450023 468033 490635
360239
78497 84342 127711 207962 259116 277892 282665 327251 328525 352696 451489 2641 391377 327211 65360
84055 176891 201263 336715 366590 408596 455003
5829 13732 48968 98588 118943 143608 145927 168570 174928 187370 193654 255303 255775 327145 334757 366418 377884 410943 419483 444875 498286 507155 539820 541959 150522 41697 463844 410887
24022 24025 150988 335852 547755
171028 467252
5456 17284 61148 68431 93086 143159 179106 278920 324084 325596 352091 402327 452766 500420 535668 535920
129718 172754 295873 506571
367144 410601 429007 448166
16648 30209 44363 118433 121174 124176 134925 162112 164515 185683 186312 186915 210884 237812 336128 336618 408265 440144 483406 488903 490890 523852 333869 397560 173427 115348 91944 63647
11892 12009 35115 76213 80999 90260 91945 105595 135311 204884 229019 248070 272841 311508 332908 450997 481877 487539 496242 498600 538792 544871 546444 206810
128627 136234 141226 155398 243929 298956 340063 346543 533990 537803 113067 131985 234545 310111
35651 60708 70392 107783 517993
293336 413584
92465 145537 146955 161336 176985 230462 284155 284970 295130 321070 341967 345173 396551 401686 422027 430353 459353 467394 484357 529577 60683 121926 335776 462308 421754
31195 36793 51142 64999 67111 90295 90734 92800 109808 166561 177538 198063 211751 212805 236925 248191 276010 285067 353233 378214 394175 432128 463724 488909 501909 520004
216758 301613 457714 492112
32892 78488 81957 94166 143368 187952 215497 256479 273064 279547 331930 345142 389343 391388 393538 421881 446997 470866 470946 495786 502084 505755
181730 409204 409202
33081 42712 53054 64291 93974 103232 107269 154963 230284 263035 272971 342410 383223 397772 405594 411171 431132 437291 455392 458352 486464 494644 518739 544308
3425 24448 69540 91196 105548 119813 124599 162613 163205 216984 219315 223119 228430 246595 270332 285086 303290 319839 400164 449317 481574 490424 503578 526696 528146 540299 490349 541064 446156
38970 152778 462944 477570 533323 66574
6304 127782 431507 431508
183325 209823 260990 296623
5453 78987 96792 132284 242538 501529
448106 491470
76857 192190 224555 418493 282602
425504 448700 309625
15270 66281 130135 144241 158407 171071 242712 362431 370106 373682 420969 447474 518949 519172 307057 487619 169209
118500 138301 185469 318344 471730 519051 192628 321153
87699 112327 229193 318193 348642 398148 521054 531309
41190 201569 267466 475905 407102 41185
6790 21716 28723 31306 67055 75824 87466 107068 112067 127043 152440 158592 162427 237078 239125 239637 280601 281386 291115 338580 340504 379874 388654 391883 393559 412103 431347 434739 441859 458333 477155 480282 509640 520151 528852 530606 534007 285256 240218 13965 379695
1872 2683 6690 30562 52005 53841 111123 132503 157258 169076 240480 254184 300768 306709 314403 316507 331412 359145 374435 413433 449838 469791 171078 293872 311154 348197 431150 494264 364388 379037
15127 32602 57062 316486 341838 399038 436314 509639
126397 268312 336038 376244 461964
40443 85270 107054 144416 146481 155513 164014 180755 185174 194103 235411 236017 281125 289496 304639 334170 336162 346319 352500 392857 452292 459124 483247 493148 522191
159503 246476 248173 394804 12898 44502 358002 358004 358006 174631 272669 380100 91623
57621 399672 399687
74550 74552 83155 96158 127568 172367 172369 179921 247059 252788 538287 542184 542683 543161 543173 543899 9650 90380 108194 134224 134225 144191 144193 157624 199097 199099 203703 270306 541418 542321 542446 542902 543056 543343 543720 543789 543860 543872 543873 543874 543875
17611 21518 26459 27966 30510 67500 70124 73723 80512 104658 105707 123975 147416 183542 209188 218045 222499 223527 285633 298784 299108 315995 326014 327094 354094 368934 373465 382755 396422 405980 416314 474564 476367 508858 521365
188409 446726
128209 146619
80447 500105 520891 541298
31173 278864 342984 389547 413257 432850 515761
147571 151976 190064 191928 237311 311629 311631 522287 219831
771 280717 491073 520135 530571
63247 158073 248473 351520 442759 487395 103300 49695
132 2753 10492 26999 67768 91930 107687 123451 136947 143715 150450 178427 187128 206097 224509 283685 287924 298937 308657 317267 317693 325902 331669 332167 333849 335782 340592 341742 344923 355913 356166 358800 380726 407613 426678 450384 452522 489563 494670 505753 536330 540235 17208 246912 49948 114810 467165
248053 252184 264966 109934
132031 164604 189237 248036 298879 317366 326713 399040 433881 540293 444979
2137 31014 78589 94796 147315 335132
12860 259691 273419 445499
15018 126362 193802 397693 413041 413062
190062 274521 328123 405565 101668
1841 11532 46370 49255 63495 109491 123228 125127 149492 152436 163778 171065 182875 186518 203981 211472 212191 215844 219482 245138 254741 260615 287062 304646 318724 321245 322560 335121 335452 337625 339339 365870 376846 380765 405904 409945 420862 443740 448439 457111 463472 467018 472959 484094 487028 489658 492742 507509 513947 517291 518284 520107 544796 473216 160407 372374 472228 83762 489949 115175 500404 58900 213205 324224 444762
38085 42565 93814 110650 141343 147152 165406 189829 208621 211894 216826 221436 264569 296207 313446 350413 411459 454723 488813 186613 194776 448724 63631
42904 74490 94531 390335 390340 413048 509348
238496
38200 98484 112070 116596 120989 159037 224453 227376 242997 286336 287610 362406 433658 441901 447429 470445 515812 516817 517161 519642 527598 531957 535727 196562 302796 452842 160129 296457
13739 40029 133761 168584 299008 342622 421579 455425 478924 535534 541585 108184 226291 318561 493142
40935 89837 99659 108268 135360 147214 197439 198351 282863 293297 310645 334574 377165 413084 417223 538642 230333 411120 419413 450182
58088 62692 104408 112089 195101 206941 217095 262513 270094 348874 396905 433594 506776
63368 157272 256198 373528 427654 466283 482155 497000 517875 180578
285731 474377 450405 425584 303758
19835 41045 104898 110488 116452 159145 186229 219498 278766 296598 324908 347653 353224 407840 425169 439845 472922 507160 520774 131351 263227
477532 515304 338570
88030 395816 420502
134811 143095 154832
413965 462145 437905
29205 82225 84104 130124 256587 320826 344925 517445
520468 529818
2959 90731 145910 208358 225665
109595 114378 126430 126433 126441 132756 132763 246060 270524 545994 545995 546890 9526 16832 72915 72916 85375 85382 85383 95730 97140 105481 123183 185312 317458 379869 446932 458383 461898 480478 480479 500861 500862 500865 500866 500867 532649 123181
27423 47053 71686 71689 140141 157669 192596 215022 253721 276474 278502 285273 338869 346469 387683 387928 392657 405849 445736 469656 469658 483307 522171 542307 542308 542408 543045 543253 543652 543679 543680 543839 483331 495189 483333 405851
14073 44908 58975 58977 69337 81228 106100 113840 121514 211717 237111 255202 276695 289285 313954 326988 339225 352552 396697 428546 463576 465629 511063 519126 525489
12645 12646 12647 12648 15449 83324 83334 107093 108776 151266 151269 194845 231917 265276 321908 326932 371827 372232 424839 520666 534920 538450 110902 115116 538465
9762 16457 126438 196682 214555 542319 542780 51175 136210 159972 189286 204831 221801 301886 301889 313801 379184 542026 544939 542899 28513 482998 216152 342330
75183 155666 272830 335473 530008 79348 300830 313309 314477 366327 541715
1639 94267 96981 142820 199217 224937 260638 512204 547527 548255
281058 447090 461414 370840 124119
24458 24462 261193 336745 170798
49682 72215 93385 93948 133599 190467 281726 329143 356159 380217 407037 463063 480482 526575 531405
202056 273441 339154
221362 336486 408908
4 15547 16050 75286 87858 170796 186092 268004 286286 316471 332453 408108 408434 432891 448284 452235 456977
131606 194419 267520 345790
13343 350390 338539
45879 125304 345903
13213 33791 37913 60524 69216 82240 94105 109753 113186 146452 152557 161090 175043 180019 182423 182511 185280 201932 203634 205422 208178 208909 209957 221231 275549 280138 284163 292492 294202 317187 320215 326003 344288 345722 370717 379377 388409 399642 416934 424297 427256 428388 440746 465019 476330 479455 480064 497024 513425 526402 535864 125335 253586 516116 448160 426533 393821 338234 436758 362460
237774 363864 531441 543408
95353 140199 194007 201631 210570 276645 306456 351661 351673 351676 423522 134505 490193
97561 114732 150327 185709 332264 446008 446010 446011 453018
64498 342953 115521
116690 247247 328962 433697 482834
56618 166948 273463 456543 498058 47006
323988 539229 107400
320622 443826
51718 71714 471616 496530 505616
6899 37829 70409 244754 336593
398645 409979 437578
40110 89049 111754 218900 239826 373969 446572 461015
5465 317640 353015
21262 53638 57369 66395 76927 77064 81327 112595 140717 171830 175149 177452 195822 216818 293214 297837 316428 334722 369567 391404 439992 452553 467578 500843 514134
22512 26676 27365 40396 46510 114343 122330 146788 186407 210735 221225 242546 252928 269637 297335 358551 359702 360949 370146 390526 417201 446806 465168 465277 521360 542664
30600 279287 342724 415141 425574 481907 515124 496284 339180
8817 18452 32976 58799 80142 85349 88269 94813 129068 137008 137236 142514 156498 160681 163919 190308 229488 232600 242690 253239 262148 264005 265353 283767 288374 294006 296571 316764 326089 371997 376997 379324 383362 385015 395891 400011 407273 414629 427216 427791 439202 459331 482859 518227 518648 518695 523737 531205 531641 487135 377041 269530 337825 246460 423625
99000 205050 251359 343813 360916
55637 58670 73810 185383 212225 242680 289741 368252 404060 415676 437455 463509 488077 488851 519580 531535 542645
29307 114686 114687 114690 121125 168111 200054 264496 309062 313734 349470 412804 499423 531122 537219 109138 212232 294323 312685 417416 464198 464199 464205 464207 536006 269382 322945 501206 281403 539043 499424 110279 350406 337987 492520
110413
13922 48340 405403 430146 452788 493034
118476 184590 185177 525081
27853 62296 156772 171503 227263 255159 269256 381317 485474 518689
139308 225913 225917 225920 270531 394455 402113 402118 424025 426077 450891 473881 185975 430324 453584
187138 238935 241623 336468 362231 426133 120488 179726 226709 468205 484171
256513 256515
192636 397137
275375 394915
50957 253794 286274 376122 496093 142680 325101 351669 459635 465905 476197 505195
55017 158534 339500 469396 66413 155096 300910 318079 318090 407868 425656 518217 407872
118203 206513 212121 365285 381652 201878
66078 240998 241019 299583
241707 351881 357744 386269 480500 490791
268964 520163 511685 283114 249773
60606 60607 60643 101201 205643 480375 517741 328528
487582 513582
22116 269590 343987
11074 105139 201095 221647 347908 381506 388324 305022
112925 137052 255701 342541 437244
140510 295308 374862
3687 28710 44808 53023 61099 61731 65322 70588 86570 90138 110478 114768 123064 124215 135174 139398 149454 166072 191118 236828 240484 256888 262758 281266 341923 348763 357623 358052 425157 431000 433199 440397 493626 517372 521815 533797 537458 485042 50083 507862 416895
11963 57073 91212 194821 239536 273700 285513 305014 307290 319526 332498 362096 392146 415432 448464 483965 515129
47117 71691 94320 96612 99883 145706 187493 199701 209501 234500 312334 360517 362851 373067 400235 438664
521 70004 127332 148870 169697 173687 174097 210373 233313 235362 292843 330506 356349 401127 404185 513756
60085 73898 100724 124498 138799 139160 184310 191337 191817 210828 213761 238807 244836 261169 270535 313616 326840 339854 377346 408250 416373 456402 471242 484992 507158 525995 528449 532279 543268
12062 265611 12060
951 200511 414227 414228
111722 122613 122622 138325 147105 181666 223046 249702 362176
72949 146317 338396 415656 462883
90938 214452 244240 246173 336770 391524 537816
125167 202927 125175
34895 38265 116969 347716 355378 366824 443731
75731 262777 490580 33310
51246 161307 476208 107722
2517 13948 58522 118905 143603 149744 224211 226965 279708 282410 301181 328021 328447 419721 430559 113332 2801
78953 106273 281753 307781 336059 352153 404955 439778 511367 540587 373691
16905 297677 227137
35725 43137 133308 239463 307276 312046 423981 321783
196132 196135 491949 47403
28914 435234 442226 463375
36956 354618 377661
11818 96868 425125 412100
22010 36737 49003 84346 128696 131492 133735 170339 200204 216324 236756 249476 258182 269999 322841 352591 362704 371095 395017 396491 433538 442618 448603 476581 374480 492500 1797 26829 311817 226047 211634 387441 281425 112573 76800 445160
5726 5728 5734 30565 105042 105049 129719 129721 145811 161874 161883 174181 195404 243096 243103 323993 329617 422812 445998 507149 514917 522201 519385 128018 161873
89730 122147 282768 415037 247239
207944 207946 234920 303698 383708 399461 530882 210166
14305 409927
187025 214465 427532 6394 37672 133679 297412 430427 434433 442152 443776 451022 523676 434436
50739 82953 148423 369409 369455 451280 453071 477597 502452 514143 534712 13857 148417
22545 49608 117583 141177 311003 436233
45287 192266 252021 337084
8469 16793 83901 97023 150274 264024 287686 339985 373941 445520 450013 468775 529047 533897 170809 283610
105664 199086 199088 281568 394449
68641 350932
1163 15433 36150 134714 184634 247771 263773 280696 345468 406080 482044 177961 272470
6351 168646 228092 390836 477206
19323 86563 292001 517847 517859
227369 286151
27959
16710 20571 90704 116757 191382 238369 407908
5138 75941
320365 365096 345483
385314 181409
102864 224684 300185 312794 462180
117816 296327 457642
48394 537472 254829 45104
6988 11264 78474 209331 354506 396743 476077 476092 500905 500917
162905 182183 253596 268719 449139 487654 487656
18871
152006 100388
54222 106194 136774 155598 225247 229584 254345 356240 408029
221789 433711 437733
10711 70709 73196 143147 168084 200962 201617 210144 215148 248505 276648 293920 313563 339079 371116 373238 418827 428857 452678 465744 487986 497754 523753 527849 320805 280988
117614 139711 161457 368364 368371 442550 462227 465116 480472 509896
14157 37883 54265 58422 74745 84106 101663 148741 173996 220470 259515 260876 284697 285123 285246 330397 366775 401654 411066 422447 425578 432649 450282 454152 473398 490984 514902 520119 520455
131944
210605 210607 268119
406965 537922
93256 93274 93403 155211 356429 356430 356435 366722 380434 384210 428268 529126 212862
3841 353325 377372 377380 97893 148445 74788 389190
491421 517791
18129 32753 53014 59093 93642 114137 127218 133133 158005 158869 183057 196192 235570 270219 318094 330924 409083 431773 510869 543434 275880 221697
172062 227921 285524 330175 468293
156820 327382 381820 424741 429668 453462 482450 531036 542246 479676
5208 50077 76957 99684 117261 126278 162503 180614 187418 201745 219094 222799 252836 310403 324951 328880 334802 343412 386468 396443 399903 410172 420903 434233 436556 446004 454321 458374 462544 464994 469968 489414 167382 390464 25930 362616 223919 338450 440723
213828 455453
57365 274517 293647 293659 293662 293656
207523 383169 399151 399156 399158 509512 28873 365064 451370
85046 119819 172824 201863 248716 263268 345974 538606 538610
2721 172871 189129 211198 211918 236093 260883 387809 452472 315436
195526
50647 338877 357762
9372 9382 29929 29932 29933 164480 35615 520380
21403 89742 270559 397210 415121 450338 515427
31020 49744 133331 533555 194322
55312 237209 343491 526816 495215
436832 436873 509314 509537
51981 342981 223189
316720 441613
6092 109233 109234 171972 207285
107680 119170 216471 270034 294506 487945 494471 505411 524009
18326 27384 126054 128420 142745 198600 236452 284448 294605 421796 421837 421843 421853 421854 421856 484442 534825 154741 456294
5912 10634 154396 171724 184624 187693 192194 256469 316824 341397 346359 375557 432330 474939 474942 474945 474946 473668 432383
31838 83592 100652 109663 166158 166162 166225 321740 352955 400798 424637 532258
25829 55491 226536 435660 435700 435716 459853 496805 504979 435715 504946
135954 160749 289020 317290 522414 530719
31061 275568 416985 433420 459621 485312
13933 30971 34580 41775 58875 105780 139315 231618 329970 335883 422134 507204 508883 516740 521453 530613 539201 22157 251787
176255 532724 67976 299422 484708 106407
218100 292127 301237 333442 450744 522957 533302
73891 110743 128583 188720 300598 324597 335299 442446 444336
1547 45292 45295 60658 103118 104712 141007 263181 326464 334974 351390 484333 504033 528285 536934 174485 195684 448031 494565 199616 149319
526469 521506 79233
34799 34802 58848 345624 516523 520546 38162
64869 100932 200920 210859 267416 495066
17239 101389 276154 387833 417412 424750 501768 238430
13635 60236 312520 407374 473351 502353 520897
473502 495814 122115 139994
84309 148221 414685 193837 448427 509142
113592 127960 377832 456621
95958 215058 368586 376450 376451 376453 386424 443484 513460 518553 518554 518555 518556
198903 204686 445938 526129
53560 64572 65000 68257 71640 81499 84239 102941 137824 145911 145932 150243 166867 194836 200952 233632 237442 276649 310305 319620 324456 325553 326762 357095 372675 384360 390782 421764 423381 427308 459129 487636 491070 509448 519807 533527 541584 355542 200801
101 12525 41105 81019 124786 136798 149285 152118 161590 186707 270951 368140 384513 466129 489538 538851 441871 96847
179558 258340 258343 421693 421694 421692
398328 422104 426714 430272 454223 536575 484570
26714 36062 103651 465335 478810 507789
99435 150183 392423
136918 458137 59102 145748
21270 84409 262923 412703 462023
206842 541656
77823 232310 334840 334845 334846 340946 381994 393657 394247 394281 394286 394287 394851 406835
34532 57289 83996 124086 157352 223296 239501 239502 239504 269138 277283 294717 311956 353763 353767 353768 358579 368291 393680 429215 434163 448930 467710
117069 223212 469642
67537 352253 392495 394236 394241 532448
454021
57920 148142 253872 265064 409766
84915 143456 184555 223247 248775 279503 281920 321284 344146 360020 371631 379022 437822 444728 34883 92489 137114 175887 179969 262611 285265 294613 337785 344252 348401 360478 439377 447303 462377 466951 473834 513880 519390 518522
7557 33603 75311 85219 92811 96207 117368 142827 162776 206674 280523 290394 308901 343097 366745 414409 422934 426267 515051 518671
139413 146125 155108 177753 298861 503551
325045 325048 328245 369720 373310 421283 502726
8334 12983 12985 45252 78005 120449 149759 168585 185541 197411 207306 213313 264630 293343 462233 535978 544121 12971 80214
394597 402636 470197
298877 476153 476156 193364
178203 230382 349175 459127 478862
74447 134809 220435 255330 278871 305037 352208 410632 416374
116984 472121 484566 62992
112786 112792 235293 347667
84016 164427 244635 258534 296540 418557
174240 275479 410489 510102 172861
41783 66432 115952 217106 279875 296850 354293 404506 503711 541044 131344 520360
36169 48825 188821 213609 260559 402729 424292 493529 128999 221577 345163 456085 522815 523198 221585
32514 107918 131925 178224 326818 392394 415761
48933 98546 134759 142299 143575 164231 189331 215588 305173 306231 370940 420948 432354 465092 208995 324827 452249 219248
187112 267237 344635
18588 302362 325088 367797 411305 415466 424871
214558 280574 370607 428574 496793 496834
77453 205276 311001 410583
68582 360107
34464 53577 115788 443467 268978
48712 472423 500803
64191 222382 464708 517861
20888 20903 123508 298519 301487
113217 351760
272379 524965 530490
97106 491342
195027 246031 362905
236319 287450 324553 326801 355078 488055 496357 532242 533220 350956
141379 160702 166344 236473 327998 332673
21053 78534 95177 109927 155380 237103 263493 348315 420886 466235 490239 509466
12086 112046
27896 72864 127182 272921 286203 310578 347332 472806 522858
85206 177301 432414 538158 54424
12902 25476 25478 81346 103249 221601 221609 223808 247642 258835 261988 319151 335964 344218 383707 408412 441718 458212 468887 496832 526824 536622 538751 538752 138993 172808 442764 383716 134195 310323 197806 496269 422195
57444 67586 68955 269644 296579 303297 303361 321472 336267 337201 348167 398838 409526 409527 409529 409534 409535 409540 466141 481062 494459 509802 520403 524067 539656 271979 533948 477860 474870
241485 255943 269112 282855 516988 85664
35590 223414 265210 273232 347999 357619 400151 420455 521061 522339 126549 96725 541994
223157 373568 397512 421220 448241 337102
68823 75157 88617 99183 172446 249808 348925 426724 508485
26567 138036 162823 169502 209923 530596 199799
140741 273675 305809 336994
15010 35072 341185 348996 394023
18696 31264 119100 181783 211881 375352 534454
155697 199787 493941 368036
1822 4645 7001 17716 29516 46774 47682 47750 51619 52944 75510 83064 87508 90166 90546 93372 94201 103529 107221 110031 111430 116789 121895 125772 141236 143470 143980 150139 151205 159553 164421 173327 178341 183478 184995 185045 186598 190384 193112 197286 199857 202049 214048 214971 218002 218826 220496 232138 235790 243709 250774 254853 257338 269544 283617 285611 285967 291289 297914 300365 303420 311029 315058 316269 321713 326307 333346 334633 336115 348376 350190 351105 354879 356552 357034 357757 360852 363412 366509 366691 367642 371490 372898 375374 376886 381792 384707 386841 400446 401615 407566 410605 418859 425538 437872 439577 446414 456757 463662 469419 472011 472190 490624 490853 494409 501167 501544 516259 526811 527570 528346 531024 541918 543550 544242
122814 170619 249819 426274 515081 9477 17400 49986 61025 66324 74491 82276 91487 97983 106873 120511 120721 143750 165323 166089 169637 177767 182173 185964 195109 209840 216658 232429 242337 243136 249536 257304 257520 257906 262051 264490 266865 270721 275325 276496 278127 280033 298491 313625 315789 322361 340503 342923 347869 352727 356114 367135 367905 376753 383714 387589 395015 398530 414963 415603 438812 443480 446885 450302 481362 485236 511033 511383 520757 522605 529014 533768 542594 82113 133754 265293 301869 158056 270337 474034 54159 259847 492236 135693
9210 49314 54316 62738 67777 85948 101383 116877 137265 147649 209209 221671 230077 245109 300093 330655 367155 379579 419374 438432 459223 467413 479594 507327 507451 535943
123128 447338
182679 215409 109175 275648
262492 256266
21513 100892 101480 112124 115260 158820 170067 183831 189612 251493 254994 288575 300208 316849 350318 351378 361649 389115 407247 423524 426088 432613 511534 536075 241647 433300 509910 408619 329428 396323
18103 34108 51103 93112 154817 183514 202852 240693 274819 289263 382571 418808 438438 457208 481287 506211 514958 230512 503250 478344 396542 435969
56270 110150 110152 110166 150023 270055 361613 361619 361626 385426 385436 385494 385496
47347 53681 282318 98335
204315 394557
7531 37268 60979 88632 106415 146668 241954 246032 253204 303306 320470 332256 333279 344512 398287 464143 477136 506006 519914
14445 18504 86503 127075 127341 127388 129787 231715 278417 291894 309263 309414 328428 343680 364895 367850 369811 392363 411761 452947 458122 470372 486582 498224 501516 526689 533905 537097 471071 383177 227401
149474 436264 467909 487083 506541
162739 179026 424078 429428 510004 510005 510016
194702 445930 517962
46192 49529 188916 222974 300959 316610 359357 372164 506982
52577 214106 242626 442789 442796 479816 486799
161427
67330 357761 493703 497490
259399 421963
298731
107781 529629 337195
267555 283197 338508 357811 381653 381657 445251 471740 506446 373727 267559
111650 224387 264562 290301 331618 355806 380405 444646 531144
139762 485348 167426
264317 335958 424654 505880 529947 538821
260220 290798 335744
14979 170045 245730 496722 519269
7667 199697 226854 341839 144876
208408 320944 369146 489640 537841 169642
139757 188198 432213 510439 510441 490941
188202 208523 456247 522092
4464 190377 193030 229447 379369 403309 422198 494068 511456 522935 7923 47375 50651 68214 72090 75316 93106 105321 142439 145710 145912 167436 196138 222381 224414 237499 249165 262203 271676 296406 297160 329897 335880 351614 353214 395631 399100 406877 423205 430505 446578 447126 454489 459882 467567 488489 490905 499869 534791 226841 218139 537561 399426 117624
162229 275061 338137 371279
47669 249126 505654
224970 304629 469721 304631
144151 208740 239067 243438 276109 328728 367291 486875
96688 96689 169896 201408 284699 299640 379719 507385
73661 85308 204652 349757 451174 73676
337044 161328
26564 78311 216368 267768
19778 69991 80880 111814 117075 126017 162714 174023 178367 202699 237543 270302 294787 319959 342978 362454 407678 416640 417607 425882 429837 522719 536549 38836 153118 45422 250038 286610 524158 190528
151862 242226 399318 435179
8365 42999 47207 51254 56713 86000 88312 108788 159455 162365 188898 200810 216507 240914 241228 261544 265730 271540 286224 307482 377099 381983 391315 391924 425149 431123 434532 442929 443611 457527 458250 471993 536082 540508 20904 115966
42128 134868 158917 190509 212517 364015 380892 435607 471818
61988 161587 173589 186785 201513 201515 282755 328420 445524 469573 109820
85039 142163 247773 272462 356263 358351 410235 515489 541930
77445 190019 300785
169423 528417
8466 180100 336130
34813 132051 241624 292183 329439 330260 388653 414719
198496 339508 422982
62352 111230 421254
14896 21659 21695 24397 42346 62867 67051 71036 87626 132671 145089 158674 162709 163015 166077 182587 205505 210462 233838 240678 254423 258501 278725 282906 303160 305716 350288 370812 408836 411795 422063 436124 438354 445259 486888 534790 538222 2797 31200 47626 72238 129002 129819 140476 165128 196566 198304 202609 203397 216625 264309 266187 270593 278146 283440 315577 320858 323371 323378 348877 384795 389473 412353 417383 429082 438003 439622 463702 472962 480884 497828 499649 501124 514909 516992 96812 96824 121482 243863 1015 231400 466135 96828 260329
299766 308296 308374 313436 313438 313448 351353 361731 373951 374147 484282 313445 106045 313447
54182 112408 135747 265240 340335 372431 446676 507743 530864
8162 100088 121306 203098 259466 283868 368180 409882 446391 497820 547604 323227 367295
124945 124948 537905 542915 542955
284931 364317 364353 388131 388132 388133 397878
92707 122021 147259 171677 183214 199855 240874 248217 250953 277503 315368 322320 331184 358887 389997 392518 392680 410695 424074 437941 480619 504513 515526 518791 530846 2411 9649 10064 13768 15289 17023 21628 29098 30597 37375 45782 50999 54949 58915 61963 69201 72043 75366 79662 84708 88581 93401 100344 101280 101974 105539 110557 124196 125825 128438 135843 142595 145542 151824 152237 154141 160661 161912 164140 164812 165040 168149 169162 170940 178260 178529 180067 182543 186111 204136 205597 206591 207828 208097 210341 211919 218533 229451 239629 240213 243864 250213 264194 265316 270651 280180 282747 284484 285643 288779 295118 298214 299682 301756 310707 312723 318944 323558 324619 324936 327139 328570 340570 343602 347666 347774 348664 350551 351020 351405 351827 352294 354111 364755 368631 371620 379439 381294 384688 390438 394879 397827 399824 407014 408212 412348 412976 415742 427671 428543 434715 434917 436894 440729 440865 442025 447487 450500 453375 453437 458888 463500 466304 466832 471583 471620 472444 475566 482373 482982 489239 490115 492555 494286 507975 508516 512055 516354 521723 524460 527680 529823 530304 536296 539156 539353 539578 540798 540836 543463 543565 33563 46279 46639 47912 95344 120579 127536 144321 148541 256238 262114 288862 290088 305053 306531 308531 312209 331170 338475 407401 411849 418521 453326 505613 518323 520574 527948 539948
32026 101413 170001 185169 231450 265216 386984 441937 523179 93020 156266 180908 387160 390045 395309 425633 437619 445783 460244 484370 491208 526859 533815 539236 172006 473103 76087 268517 425999
11312 94655 119215 139700 168868 169911 194584 230711 278973 285717 369456 375306 381571 393415 397353 517172 517456 527594 42482
8324 9244 9246 9247 9252 9253 9254 9277 9282 9284 10034 10035 38972 38974 38977 38978 38981 38982 49756 51393 84392 106093 106103 544170 1637 1640 261662 544403 546316 546317 546961 546964 30679 38973 9834 4767 1282
89208 113863 138405 138406 148515 206475 229807 311830 420387
8323 198204
33957 100071 221632 410532 434764
53049 96237 185560 209375 374105 468184
41743 49344 66396 115914 232402 315408 495573
2991 8183 18668 121944 271884 347926 370447 488148
448 2117 28123 52713 56684 75848 80796 114138 130042 131874 154321 158327 170021 203546 260305 271148 333085 334420 362528 366149 389968 392186 396362 410087 449691 455467 467401 471848 485055 491851 519832 520877 525658 529820 544416 547506 11915 15922 36802 40326 66017 70230 79419 79705 81790 89918 95258 98343 104350 106397 110425 111550 131043 135409 146401 149579 154146 155663 162974 175213 183231 189882 209915 228082 254963 259788 286536 301483 310488 325745 327922 344483 349627 354715 389791 397448 397575 403346 403540 413490 416018 416364 421373 433792 463529 477664 485524 498651 499716 524779 535908 41015 152512 375133 394515 482169 504629 475036 75762 13589 326481 515094 56913 206540 321910 338300 347419 55701
3542 14092 37532 38132 44688 45762 49333 54865 57325 59197 131921 154864 182834 186396 201209 202791 211693 224973 237080 241253 243277 256540 265901 267766 294696 301633 327394 339120 343092 382101 390087 394014 396290 413449 417568 421503 441494 442103 443954 448951 471555 489692 496695 504502 509123 509476 519862 520946 523360 533175 534674 547579 44312
116101 178800 257678 294220 313315 377735 450376 488765 524390 8692 23486 47961 85096 103262 128002 145288 148592 150787 151088 154776 163339 164111 165032 174682 190629 194740 203458 213196 222987 236168 251371 260179 266243 277846 306761 318984 362442 365635 367031 410900 413457 518817 519367 520715 523261 536093 540171 544840 41803
7354 14088 34701 48881 67485 95456 116168 117507 123033 158156 165937 171152 198470 244847 269951 274645 284716 335564 342933 359712 396939 420729 421169 424495 442249 476202 486744 497038 544993 311323 331778 381847 28152 450417
55107 168754 380082
45195 73766 149180 198392 423443 490796 609 9098 48086 50303 74160 74997 117356 140352 145448 165212 182894 212800 231462 245990 448156 469283 534597 534904
46515 47075 116731 299453 332834 457735 478539 529871
16383 201221 403163 446385
12904 18493 49830 67416 68152 161796 182190 221490 233927 246279 248522 260643 265479 400566 401575 418739 422194 450464 457079 540769 287304
253947 469529 512330 515626 9668 38967 68765 69644 95845 162406 175766 179813 184412 222692 238822 288516 352628 368443 380516 395540 397776 438576 442479 320612
202170 270508 287742 541707 4015 48899 133720 223513 318905 342041 357018 478326 541015 314370 349893
33094 52657 74972 244920 261409 327959 344354 367949 406869 471115 483451 503043
189897 415955 34844
22085 64287 67454 120388 155770 170756 189109 195156 203633 222584 253870 271928 277405 291669 301867 312146 363363 389962 419009 437660 442876 483882 485105 491554 512147 528715
60316 62937 246646 544163 545245 547205 547944 548137 546176 546178 547107 548142 545044
52588 74313 206374 395623 425893 426065 541515 541516
24123 88684 89676 89678 451013 522748 532481 490196
130442 356449 502349 502359 502398
306740
101649 102034 102035 413287
141498 162722 287495
10180 103534 121764 150312 241811 323254 343878 382935 456320 469585 519455 406805 461234
7606 17667 32290 113434 132461 135104 286421 466969 467080 530618
11392 47706 459582 525488
6372 182335 316666 450071
118252 346420 355427 537376 299546
128316 337448 445147
29702 46220 54207 79265 79273 79274 81591 155786 249355 251263 251991 259996 279902 353346 395041 485641 523107 202367 379495
118454 205328 210580 303442 312313 373401
