137 507 1074 1343 1761 1861 2037 2167 2341 2368 2445 2641 3033 3695 3857 3975 4385 4584 4763 4849 4922 4948 5078 5079 5080
851 981 1035 1771 2755 2994 3377 3630 3768 3811 3966 4719
92 818 947 966 1458 1494 3328 3567 3763 5022 5366
442 616 1283 1318 1583 2803 4042 4077 4191 4322 4376 4749 4980 5247 5248
101 332 766 1320 1464 1732 1965 2089 3340 4585
200 1440 2098 3159 3595 3772 3943 3967 4250 5280 5361
173 547 595 1009 1090 1142 1171 1295 1353 2568 3288 4248 4475 4608 4639 4888 4972
209 926 1136 1433 1823 2613 2708 3516 4292 4682 4686
1635 2105 2652 2706 2714 2862
681 1108 1277 1471 1568 1671 2297 2480 2535 2921 3055 3091 3372 3729 3886 4071 4130 4224 4360 4871
496 506 549 790 963 1017 1073 1334 2425 2574 3309 3739 3759 4017 4172 4195 5044 5045
155 2654 3081 3104 3402 4190 4318 4809 4944 4963 5144
478 1714 2462 2530 2808 2817 3017 3043 3722 4991 5053
164 794 912 1312 2021
110 729 1152 1215 2373 3172 3364 3728 5007
119 1339 1451 2856 3301 3834 4043 4270
487 604 675 791 1481 1798 2949 3173 3615 4213 4430 4604 4841 4857
236 470 878 1050 1200 1452 1468 1548 1710 2573 2883 2937 2977 3499 4589 4810 4967 5150 5151
527 598 930 1267 2130 2385 2628 2656 3620 3973 4141 4560 5273 5274
95 1010 1404 2238 2455 3213 3545 3688 3767 4358
104 1109 1306 1410 1792 1962 2349 2580 2911 3971 4022 4350 4489 4656 4739 4831 5012 5013
131 984 1547 1841 2121 3178 3682 4572 4977 5288
427 2576 2787 2906 3028 4055 4456
651 664 776 1053 1392 1555 1863 2340 2941 3522 3561 4151 4754 5243 5244
176 369 1298 3353 3515
418 1093 2353 3124 4728 5136 5413
490 628 762 1445 1932 2004 2590 2774 2777 2958 3535 3769 4010 4545
86 627 698 862 1517 1803 1807 3000 3797 4209 4272 4605
185 656 670 956 1551 1900 2133 2670 3030 3305 3606 4371 4769 5110 5111
1713 1876 1916 3443 3484 4683 4919 5011 5093 5357
226 927 946 976 2261 2703 3006 4228 4317 4339 4892 5330 5331
400 717 1020 1474 1588 1616 1746 3843 4514 4712 4726 4803 5108
59 1552 2842 3673 3700 3758 5020
32 906 1128 1328 1538 2588 2673 2956 3075 3111 3321 3981 4147 4325 4650 5298 5299
382 1226 2908 3239 3476 3720 3972 4067 4359 4392 4532 4535 4751 5048 5049
212 481 1561 1750 4038 4675 4735
113 1733 2007 2866 4097 4357 4541 4876
53 633 786 812 1527 1740 2390 3985 5211
367 1057 1444 1988 3126 3698 4987 5178
35 663 932 1630 2623 2645 3556 3672 4025 4328 4579 4940
606 1393 1414 1925 2422 2523 3292 4061 4085 5207
44 1891 1954 3175 3683 4734 5208
358 1257 1443 1604 3462 3582 3713 4811 4846
430 594 644 730 781 1021 1316 1394 1569 1642 2321 2611 3099 3151 3820 4036 4286 4309 4492 4501 4533 4638 4832 5198 5199
26 1986 2412 2981 3485 4705
1442 1865 2046 2801 2818 2952 3236 4401 4505 4960
340 526 593 711 1380 2062 2421 2886 3442 3618 3954 4185 4283 4504
295 360 2760 2781 3160 3331 5164
1228 1895 1995 2152 2431 2506 2551 2595 2865 2880 3079 3252 4024 4348
107 657 715 1282 1656 2721 2833 3375 4072 4249 5107
307 1210 2419 3655 4619 4663 4775 4918 4973 5323
66 74 659 777 1225 1435 2069 2497 2743 3077 3240 3607 3703 4131 4337 4446 4466 4738
262 1718 1815 2257 4129 4937 5264
543 1579 1920 2415 2615 3029
370 844 931 1024 1890 2556 2719 4291 4786 4851
213 297 379 1274 1455 1511 1612 2008 3041 3397 5096
352 437 535 587 2935
20 854 1054 2081 2471 2896 3814 4717 5187
803 944 1261 1473 1483 1550 2201 2630 2643 2722 3315 3449 4081 4176 5068
235 2256 2413 3343
289 754 1173 1519 1967 2709 2717 2845 3666 3686 3785 3830 3940 4232 4707 4961 5084 5085
65 1013 1126 1260 1632 2045 2117 3490 3596 3908 4635 4725 4890 5112 5113
271 592 1174 1188 1405 1662 2702 3346 3541 3757 4126 4887 4990 5089 5090 5352 5353
5 522 896 1051 1350 1563 1663 1703 2296 2469 2659 2754 2919 2978 3164 3182 3303 3317 3326 4346 4745 4958 5188 5189 5190
319 982 1600 1816 2875 3102 3994 4342 4872
480 2258 2279 2493 4461 4952
337 1535 2228 2688 3015 3488 3953
399 834 1518 2153 2211 3039 3612 5254
436 569 721 752 1065 1437 2032 4235 4482 4997 5376
388 498 917 2887 4137
511 561 662 1016 2099 2634 3517 3571 4296
1079 1308 1375 1806 2546 2734 3802 4066 4284
14 1233 1269 3392 3589 3776 4239 4690 4782
328 952 3212 4105 5101
739 929 3497 4836
16 167 229 482 580 840 1286 1382 1650 2464 3062 3262 3563 3938 4829 4983
202 1775 2293 3163 3412 4007 4946 5262
483 902 1185 1280 1506 1623 1953 2092 2534 2614 3478 3486 3743 4405
151 1549 1678 2323 5374
154 223 985 997 1041 1340 1593 1699 2411 2452 3318 3647
250 544 591 1011 1704 2292 5127
55 232 3671 4059 4665
708 2547 2809 2893 3247 3882 4238 4477 4924
106 350 1470 1651 1848 2118 2738 3254 4582 5037
1175 2204 2567 4716 4742
160 1227 2964 3552 3875 4153 4396 4519 5060
178 637 897 2816 4556 4628 4839 5076
563 1712 3143 3263 4196 4692
241 839 867 881 1176 1271 1336 1804 1992 2345 2789 2820 2830 3444 3474 3992 4074 5268 5269
263 268 712 1279 1352 1747 2266 3319 3435 5128
2185 2575 3821 4078 4425 4869 4896 5030
441 710 901 1068 1449 1763 2036 2103 3065 3157 3949 4463 5160 5161 5252 5253
163 529 788 817 1695 2024 2907
432 1926 3598 3766 3965 4345 4779 4941
468 756 1390 1425 2305 2617 4012 4247 4480
136 983 1023 2030 2194 2275 2400 2446 2598 2639 2894 3183 3912 4060 4075 4156 5165 5166
199 829 1912 2066 2213 3018 3602 3765 4433 4801 5222 5223
217 699 1438 1773 1784 3087 3889 3922 4132 4513
414 512 1885 2255 3122 3557 4201 4225 4269
1317 2230 2319 3467 3658 3661 3887 4363 4965
91 731 996 1958 2102 2120 2263 2380 3149 3747 4135 4221 4300 4813 5184 5185
820 2495 2900 3197 4301 4814 5191 5370
405 1495 2930 3046 3351 5255
64 443 855 1376 3082 3979 4241 4259 5052
880 1235 1524 1644 2154 2834 3944 4013 4086 4182
951 992 1466 2051 2113 2855 3001 3010 4177
685 1066 1991 3287 3509
426 438 584 894 1036 1168 1253 1341 1388 1840 2119 2337 2447 2642 3054 3089 3417 3503 3840 4323 4352 4573
3032 3051 3691 5162
2260 2795 2804 2940 4416 4936 5216 5390
58 467 539 888 1129 1597 1999 3335 4752 4828 5363
8 40 741 1754 2531 2597 2622 2914 3451 3891 4083 4861 5256 5257
390 1248 1677 1872 2479 2835 3161 3226 3433 3570 3592 3744 3789 4548 4649 4981
98 787 1764 2632 4091 4522 4934 5321 5401
130 298 1048 1457 3436 4183 4263
4 974 1309 1738 2009 2582 2593 2985 3918 4886
257 1219 2248 2372 4593 4765
1367 2040 2151 2367 2890 3963 4088 4107
372 557 797 1273 1941 2273 2671 3271 3386 3745 3928 5125 5126
658 1939 3004
157 1166 1224 1347 2222 2897 3613 3669 3964 4001 4465 4667 4788 5249 5250 5341 5342
189 363 2636 2796 3749 4379
435 2379 3403 4685 4748 5346
103 134 1751 2697 3330 3823 4144 5056 5221
682 775 1541 1871 1949 2358 2668 4039 4516 5387
1069 1082 1092 2351 2672 3286 3896 4026 4082 4179 4267 4453 4957 5316 5317
1106 1319 1694 1708 1822 1893 2161 2355 2674 2739 3455 3495 3862 3926 4512 5284 5285
312 540 574 694 1004 2448 2963 3097 3955 4073 4355 4543 5396 5397
156 1259 1436 1585 2164 4076 4095 5021 5365
288 303 425 624 841 1910 2183 2264 3831 4496
375 737 1162 1800 1812 2710 2993 3463 3828 4620 4923 5404 5405
411 558 938 1102 1151 1242 1484 1540 1702 1794 1802 2061 2490 2888 3401 3523 3924 3927 4580 4962
70 323 666 1037 1189 1192 1313 1664 2088 2507 2549 3022 3191 3255 3391 3921 4138 4399 4531 4603 4974
384 590 911 979 1287 1559 1843 1945 2086 2095 2724 2744 2863 2891 3665 4260 5212 5213
43 309 889 1099 3195 3339 3781 3795 4559
244 276 1250 1415 1497 1614 1779 1834 2123 2329 3267 4367 4369 4578
258 1377 2917
1112 1625 2006 2867 2910 3273 3621 3890 4499 4796
25 2389 2589 3733 4567 4968
34 838 1134 1378 2139 2386 2731 2844 4500 4845
957 1115 1179 1356 1780 2174 2283 3559 3748 4421 4553
46 225 532 1223 1448 1613 1637 1795 2727 3341 3640 4162 4307 4561
180 519 688 1735 2695 4251
1 3025 3866 5149
198 1247 1522 1615 2565 2961 3533 3540 3601 4835 5217
279 1952 2028 2108 2939 4680 4855 4865 5383
261 1431 2505 3575 5251 5417
315 1122 1557 1836 1858 2237 2848 3572 4953
174 243 1633 1753 2090 2869 3877 4175 4447 5118 5311
1300 2027 2658 2757 3841 4243
255 866 2536 2733 3068 4658
228 720 1049 1084 3166 3232 3409 4031
264 1033 1131 1213 1258 1968 2184 3056 3203 3218 3222 3369 3712 3730 4044 4218
833 945 980 1669 1869 2487 2788 2909 3603 3608 3844 4192 4381 4426 4753 4785 4970 5292 5293
138 520 1327 1586 2753 2942 3053 3155 3593 3653 3818 4539 4931 4992 5050 5051
230 291 622 1768 2606 2650 3837 5206 5304
1081 1148 1249 1301 1385 1543 1791 2160 2550 2982 3066 3110 3257 4028 4397 4442 5024 5025
1206 1571 1580 1660 1981 2268 2363 2558 2864 3259 4205 4332 4435 5245 5246
192 1237 1275 1330 1374 1603 1628 2048 2314 4312 4464 5233 5234
201 602 672 778 877 978 1014 1311 1403 1647 1661 1715 2124 2189 2761 2832 2885 3258 3316 3396 3832 3935 4524 4671 5391 5392 5393
517 689 748 816 990 1007 1061 1196 1417 1811 1851 1987 2465 2533 3177 3400 3481 3932 4277 4510 4606 4644
186 742 924 3127 3293 3352 3514 3706 3799 4015 4063 4261 4625 5114 5115
575 1696 2035 2288 2822 3278 4454 4520 5171
222 1034 1045 2699 3057 3154 3652 4444 5153
87 524 582 605 2078 2346 2850 3934 3987 4187 4777
943 2239 2376 2763 4386 4437
83 96 1980 2740 2945 3702 4134 4595 4798 4986 5239
168 1044 1125 1391 1556 2178 3187 3192 3586 3746 3813 4302 4347 4490
13 177 453 874 2176 2511
335 464 3622
150 761 933 2180 3098 5119
473 559 975 1203 1430 1917 2072 2192 2362 2823 2826 3049 3058 3206 3437 3897
80 132 567 629 825 1397 2603 3625 3796 3911 4037 4089
6 419 1432 2010 3784 4101 4679
105 884 1027 1161 1505 1809 2392 2438 2732 3694 4244 4588 5169 5170 5271 5272
401 428 1587 2361 3139 3461 3553 3614 3867 4633 5047
114 852 1407 1447 1839 2449 2599 3685 4590 4820 4904 5358 5359
123 187 510 3060 3447 3848 4610
195 500 892 1989 2360 2514 3128 3456 3528 3839 3869 4629 5033 5034
204 667 876 909 988 1422 1672 1837 2073 2195 3901 4200 4781 5179 5180
69 211 795
1119 1408 1842 2387 2800 3338 3368 3906 4159 4219 4755 5332 5333
431 655 768 827 1264 1369 1409 1542 1790 1940 2132 2138 2482 2508 2651 2730 2901 3002 3756 3826 3920 4418 4724
404 1706 1819 2214 2516 4274 4551 4645
63 533 2038 2063 2317 2339 2767 3268 3790 4256 4506 4697 5201 5202
99 1288 2435 2723 2947 3969 4303 5275
219 386 913 1085 1117 1140 1607 2128 3078 3762
45 508 1496 2242 2704 2923 3543 4457 4481 4921 5046
3304 3549 4407 4916 4956 5097
54 989 1307 1520 1594 2091 2216 2356 2752 3023 3142 3510 4117 4527 4661 4762
341 965 1536 1722 1829 3491 4476 4562 5194
171 1015 1889 2922 4884
793 972 1040 1782 1947 2331 2391 2991
634 842 1059 1666 1748 2644 3816 4008 4979
81 1413 2520 2602 3119 4003 4069 4555 4591 4740 4906 5328 5329 5414 5415
494 1956 2020 2137 3881
153 227 1634 2080 2778 3907 4180
126 1368 1762 2793 3416 3863 4158 4215 4257 4324 4528
162 819 1285 1291 1346 1553 1758 1919 3167 3180 3980 3996 4840 4910
440 808 828 1047 1165 2280 3185 3710 3806 3824 4231 4613
36 702 848 1194 1337 1534 2114 2313 2799 3256 3988 4364 4564
41 364 476 770 2309 3261
18 1813 3424 3581 3721 4774 5265
346 389 457 697 5242
362 783 1139 1608 2404 2925 3123 3429 3833 5354
109 135 272 573 824 1993 2324
344 935 2093 2836 2912 3585 5295
3 327 534 955 2456 3094 3414 3506 4014 4410
317 1785 1860 3407 3569 3822 4373 4390 4470 4571 4842 5145 5146
353 541 1077 1080 1609 1796 1922 2014 2500 2905 3229 3327 3411 4316 4400 4434 4440 4622 4802 4817
12 764 1332 1639 2585 4227 4792 5168
434 937 942 1199 1649 2196 2333 2388 2529 2620 2663 2849 2929 3387 3696 4315 4565 5174 5175
102 516 858 969 1565 1760 1852 2301 2330 2488 2916 3013 3854 3941 4181
299 564 623 1818 2581 2601 2938 3627 3846 4173 4999 5000 5001
75 1232 1577 2143 2366 2646 3378 4171 4484
281 572 1305 1606 1701 1985 2476 2790 2821 3215 3358 3803 4019 4654
30 2747 5002
142 371 871 1419 1643 1902 2106 2951 3637 3861 4518 4607 5319 5320 5398 5399
39 2225 3505 3808 4070 4409 4488
111 471 589 2687 3773 3956 4051 4056 4252 4469 5086
407 537 958 1216 1971 2332 2509 2553 3003 3576 3723 4856 5028 5029
750 753 826 918 940 1105 1387 1402 1446 1833 2054 2198 2768 2924 3336 3664 3676 4601 5281 5282
329 356 1690 3211 3555
2 585 1164 1984 2148 2428 2936 3717 3725 4229 5349
1098 1396 1546 1688 1789 2142 2220 2928 3465 3594 4118 4761 5305 5306
24 415 1071 1239 2682 3070 3354 3450 4165
374 518 1361 1914 1978 2403 3406 3738 3798 4123 4343 4771 4975
51 1116 2486 2871 3421 3986 4016
769 1598 1631 1638 1641 2136 3209 3995 4722 4826
302 773 1154 1370 4163 4487 4618
203 850 1590 2215 2441 3133
282 284 1545 1646 1935 2791 3452 3579 4794 4868 5004
311 586 1095 2541 2779 2794 2927 4684
266 823 1411 1482 2475 2499 3493 3650 4034 4304 4408 4445 5226 5227
239 802 1266 1398 2974 3270 3646 3817 4223
566 2018 2691 3282 4210
493 1921 2884
188 599 1236 1950 2583 2828 3280 3604
50 260 632 883 959 2463 2995 3007 3109 3771 4327 4365 4530
475 1692 1808 2083 2134 2459 2904 3269 3984 4048 4789 4885 4898 5129 5130
484 2111 4509 4947 5100
466 948 1284 2577 3904 4202 4349 4473 4526 4637
85 287 680 1230 2946 3388 5318
161 3307 4093 4287 4729 5099
242 814 1670 1909 2208 3199 3468 3876 4867
197 1946 2057 2116 2711 2829 3599 3742 4030 4351 4587 5368 5369
504 1911 2100 2544 2685 3324
206 683 1180 1743 1783 1878 2461 2810 3237 3260 3264
278 603 804 1321 1454 1491 2207 3121 3413 3610 4216 4334 4336 4406 5054 5055
0 465 960 3662 4503 4721 5270
