137 507 639 1074 1343 2167 2341 2368 2445 3674 3877 4129 4130
146 837 2071 2077 2085 2410 3598 3779 3780 4019
218 630 941 1215 2872 3057 3308 3309
771 851 981 1035 1771 1799 2381 2755 3842 3843
433 1031 1515 2434 3127 3128
818 966 1458 1494 3058 3313 3723 4415
1166 2803 3860 4341 5070
101 766 2387
200 672 1311 1440 1661 2098 2189 3506 4888 4889
173 547 1142
209 865 1687 1823 4981
182 349 2312 4631 4905
191 1753 2090 2869 3218 3425 4095 4096 4792 4793
1063 2281 3129 4470 4687
542 1898 2202 2626 3323 4191 4642 4643
83 681 699 1277 1671 2397 2921 5055 5056
496 549 790 963 1017 1073 1334 2574 4006 4007 4484 4485 4696 4697 4698
469 895 999 1582 4154 4892
155 2654 3643 3832 4087 4789 5045 5046
478 1714 2404 2462 2685 4027 4728 4729 4992 4993
831 2422 3528 3720
245 1825 2609 2889 3645 3837 4090 4091
451 939 1102 1427 1886 2244 2775 2888 2989 3765 4001 4003 4475 4476 4477
110 729 2373 2817 3015 3265 3899 3900 4594 4595
460 1170 1913 2635 2786 2854 3439
119 1451 2067 2856 3592
216 779 1097 1441 1487 1745 2188 2552 2633 3282 3284 3927 3928 3929 4159 4160
406 868 1025 1728 2427 2473 2496 2707 4536 4537 4778 4779
1052 1354 1578 3153 3376 3600 3601
487 604 675 791 1145 1204 1798 3949 3950 4410 4411
236 470 878 1050 1200 1468
93 1658 2612 3135
436 490 569 721 2502 2628 2741 3915 4149 4607 4608 4877 4878 4879
95 1010 1404 2260 2455 2804 2940 3442 3443 3662 4110 4112 4804 4805 4806 5065 5066 5067
445 620 859 950 2261 2701 2843 4975 4976
1109 1272 1306 1410 2339 2580
391 607 705 734 1208 1304 2610 3210 4313 4314 4538 4539
472 642 880 1342 1524 2705 4256 4498
131 984 1547 2121 3051
410 427 2576 2787 2906 3432 3656 4329 4330 4551 4552
463 1783 2140 2315 2679 3125 3996 3997 4227 4228
122 704 1094 3917 4609
194 723 1325 1537 1772 1868 3433 3434 3659 3660 4802 4803 5059 5060 5061
61 1298 1729 1785 1897
409 919 2228 2468 2637 2851 4152 4391 4392
418 1093 2353 3193 3817
77 2467 3338 4943
628 839 1437 1445 1804 2032 2590 2777
627 698 862 3214 3835 4316 4542
185 529 656 670 956 1551 1900 3998 4229 4230 4464 4465 4682 4683 4684
499 1240 1849 3912 4145 4871
158 1072 1315 1565 1766 1944 2017 2068 2218 2276 2307 2432 2996 3853 3854 3855 4334
167 229 2464 3771 4244
50 260 632 1713 2463 2995 3502 3503 4618 4619
946 1936 3404 3820 4300 4765 5032 5033
400 717 1020 1474 1616
1552 2110 2831 3714 4403
251 373 668 1056 1617 2129 2303 2857 2960 4319 4320 4321
32 906 1108 1128 1328 1471 1538 2311 2588 2673 2956 3117 3118 3119 3348 3349 3568 3569
41 364 1214 1923 3025 3696 3697
68 2127 4281 4519 5008
382 1226 1294 1629 1928 2179 2608 3596 4015 4493 4494 4978 4979 4980
212 481 1750 1881 3033 4887
454 1001 1721 2133 2678 3632
140 1158 2135 2232 3560 3988 4457 4458 4958 4959
113 1733 2007 2795 2866 3310 4178 4911 4912
149 713 1493 1716 2776 2815 4106 4553 4554 5053 5054
548 744 1111 4463
273 355 1019 1039 1622 2369 2507 2662 3027 3275 3699 4384 4385 4386 4610 4611 4612
394 747 849 3631
53 633 786 812 1740 2390 3357 4488 4489
367 1444 2025 2920 3296 4904
555 583 776 1526 1589 2019 2317 2501 3199 3200 3824 3825 4302 4303 4767
1931 2343 3754
608 1027 1067 1161 2987 3301 3944 3945 4632 4633
35 663 932 1630 2623 3428 3655 4326 4327 4548 4549
606 1363 1414 1925 2711
8 650 741 1012 1169 1776 2931 4602 4603
635 910 2197 4062 4761 5026
44 128 1891 1915 2525
17 579 696 1229 1960 3511 3930 3931 4398 4399 4896 4897
33 358 1257 1443 1604 2033 3409 3410 3636 3637 4077 4078 5035 5036 5037
430 594 644 730 781 1021 1252 1316 1394 1569 3102 3103 3104 3982 3983 3985
26 1986 3004 4584
125 514 3845 4544
304 1339 1719 1734 4680 4960
1442 2698 2801 2952 3489 4144 4604 4605
340 593 2062 2421 2886 2909 3174 3175 3801 4041 4042
421 1110 1372 1384 3582 4705
80 1187 1667 2158 2812 3039 3932 3933 4165 4166 4898 4899
89 651 719 1815 2510 2563 2895 3815 4064
1082 2351 2519 3339 3340 3558 3559 4453 4454 4674 4675 4952 4953 4954
295 3678 4132
448 856 1055 1096 3219 3649 4098 4794 4795
601 621 1241 1466 1867 2899 3121 3122 3572 3573
116 690 1233 2344 2618 2660 3479 3480 3901 3902 4596 4597 4859 4860 4861
439 617 977 2253 2758 2764 3176 3177 3387 3388 4043 4044 4748 4749 4750
412 1652 1717 1767 2625
98 1764 2152 2551 2595 2880 3294 3295 3516 3517 3710 3938 3939 3940
71 538 732 3633 3816 4762 5030 5031
34 107 715 838 2833 4671 4948 4949
313 953 1472 2990 4362
385 740 1499 1951 3220 3426 3651
322 1349 2802 3580 4481
11 503 782 908 986 1296 1831 3686 3687 3903 3904 4376 4377 4378
307 1210 1943 2419 3180 3628 3807 3808 5021 5022
1243 2792 2955 3739 3964 4201 4930 4931
66 659 1225 2743 4402
397 970 1130 1866 2245 4540 4785 4786
965 1536 2873 3101 3557 3753 4672 4673
1718 2257 3011 3682
1579 2415 2615
370 844 869 948 1284 1890 2290 2442 2928 2999 4482 4966 4967 4968
710 1143 1763 1921 2036 2103 2478 2517 3918 3919 4881 4882
343 550 677 1544 1711 2055 2059 2173 2485 2975 4059 4060 4292 5023 5024 5025
38 1144 2221 2229 2285 2287 3328 3329 4205 4440 4441 4936 4937 4938
213 379 1612 2008 2288 3291 3514 3515 3935 4626 4627
352 437 3641 3830 4787
1251 2640 2997 3094 3750 4668 4945 4946
244 1250 1503 1778 1779 1870 3261 3262 3892 4373 4589 4590
226 545 927 976 2143 2976 4743 4744 5004 5005
253 521 891 1112 1244 1314 3352 3353 4962 4963
325 1032 1567 1668 1857 1874 2148 2619 2936 2957 2968 3484
361 739 1488 1570 2667 2728 3396
20 2414 4431
798 1030 3036 4162
2 803 944 1164 2001 2263 2722 3205 4079 4307 4308 5040 5041 5042
235 2256 2413 3095 4217 4947
289 1173 1482 1519 1967 2709 2717 2845 3895 4591 4592 4851 4852 4853
1201 2058 2572 3795 4513 5003
65 866 1013 1126 1462 1632 1982 4468 4469
271 441 592 1405 2150 2702 3689 3908 3909
280 870 1046 1599 2680 3624 3625 4056 4756 4757
846 1568 3076 4200 4432
319 982 1600 1816 1820 2875
597 1426 1981 2236 2460 2558 4783 4784
193 1529 2539 2859 3556
265 836 934 1091 1159 2169 2443 2664 3676 3677
480 2258 2493 2716 3995
748 847 990 1739 1828 2533 2548 3499 3702 3703
256 520 610 1532 3179 4058 4758 4759
337 1535 2688 4195 4648 4924
211 834 916 2211
62 283 2537 2973
292 752 1065 1268 1439 3112 3992 3993 4459
498 917 2383 2887
166 1862 2457 2720 3157 3604
247 561 1085 2634 3763
1079 1308 1522 2668 3501 3920 4614 4615
14 1062 1089 1269 4050 4524 5015 5016
328 952 3324 3541 4650 4925
1003 1303 2168 2241 3231 3864
220 1207 1880 2327 3203 4775
501 1114 1382 1610 1650 1673 2986 4225 4226
202 1775 2262 2638 4847
915 1186 2934 3158 3789 4740
772 1153 2518 2587 3133 3134 4234 4235 4473 4964 4965
277 1078 4381 4870
474 556 1029 1975 2060 2166 2191 4525 4526 5017 5018
483 902 1185 1280 1506 1623 1953 2092 2534 2614 3081 3740 3741 3742 4202
641 805 978 1005 1429 2005 2799 3461 3462 3871 3872 4819 4820 4821 5097 5098 5099
612 1401 1606 1701 4776 5043
151 1678 1974 2323 3335
223 987 997 1041 1340 1699 2411 2452 3257 3258 3888 3889
250 544 591 1011 1704 3384 4745 4746 5006 5007
55 3728 4425
259 3024 3490 3911
438 584 894 1036 1228 1995 2119 2337 2431 2642 4047 4751 4752 4753
124 638 2542 3743 3966
447 684 743 796 1018 1175 2605 3233 5095 5096
133 810 2840
106 943 1470 1848 2118 2205 3087 4214 4444 4445 4664 4665
1681 2204 2567 3002 4837
214 758 1038 1190 2190 2725 3155 3156 4265 4266
420 875 2592 3726 3958 4187
652 1147
1227 1480 1545 1876 2791 2964 4520 4521
169 3549 4656
178 637 854 897 2081 2816 3229 3230 3669 3670 4352
456 1177 1323 1423 1864 2101 4499 4500
792 960 2252 3334 3745 4212
115 2047 2125 3003 3250 4838
187 1619 2681 3607 4269 4739
686 1100 1292 1659 1832 1879 3315 4635 4636 4914 4915
241 867 881 1271 1336 1992 2345 2789 2830 3269 4868 4869
614 962 1149 1279 1352 1420 1747 4038 4039
176 369 2185 4442
901 1068 1174 1188 1449 1662 3865 3866
181 623 873 3365 4495
163 788 817 1695 2024 3341 3986 3987 4676 4677
477 660 1942 2785 3251 3468 3469 3882 4582 4583 4839 4840
172 429 661 1335 1516 2299 3168
387 3533 4637
46 225 532 1448 1637 2302 3487 3488 3690 3691 4380 4863 4864 4865
459 1648 1854 3397
664 1053 1392 1555 1863 2308 2340 2941 3330 4939 4940
118 1933 3239 3673 4355
756 1390 1425 2617 3374 4504 4725 4726
127 807 1155 1364 1528 1691
136 983 1023 1518 2030 2194 2400 2446 2598 2639 2894 4579 4580 4834 4835 4836
175 1103 1113 1421 1485 1788 1838 2561 3169 3170 3171 4516 4517 4518
615 4193 4427
1438 1773 1784 3862 4342
286 414 512 1217 1502 1885 2255 2492 3810
709 806 1602 1941 2091 2306 2356 2522 4433 4434 4932 4933
215 1317 1489 3463 5100
671 914 1386 1930 3371 4982
109 824 1124 1850 2570 2798 4218 4219 4669 4670
923 2350 3249 4133
199 829 1827 2213 2334 2420 3796 3797
91 996 1768 2102 3061 3062 3318 3960 3961 4420 4640
190 669 4343 4561 5073
396 3172 3619 3800 4040 4282
820 2495 2900 3327 4435
405 1495 1706 1819 2214 2516 2930 3235 3236 3457 3868 3869 4815 4816 4817
64 1086 1376 4721
378 417 2000 2298 2364 2409 2834 4452
872 951 992 2051 2113 3000 3001
160 486 1381 4280
145 1338 2751 3538 4426 4923
154 784 860 936 1182 1593 1724 2407 2591 3445 3446 4558 4559 4560
685 1066 1991 3173 3620 4747 5009 5010
426 1168 1253 2184 2809 3542 4429 4430
2153 2275 3240 4823
680 1230 3147 3597 4496
58 467 539 888 1999 2520 3304
408 1132 1605 1814 2932 3247 3879 3880 4359 4360
67 863 1129 1660 2170 3380 3381 3791 4032 4272 5001 5002
751 2491 3735 4192
139 338 763 2146 2223 2545 3851 3852 4109 5057 5058
300 3185 3812 4063 5027
381 1463 1525 2251 3543 4199
40 1395 1754 2155 2531 2597 2908 2914 3241 3242 3875 4825 4826 4827 5101 5102 5103
354 1741 2923 2971
1047 1165 1248 2280 2835 4414
49 1154 1770 2305 3685 4593 4857 4858
471 2506 2632 2779 3166 3385 3615 3616 4514 4515
130 1048 1457 3071
336 560 625 1533 1937 2107 2182 2292 2693 4347 4348 5083 5084 5085
974 1238 1309 1424 1738 1761 1826 2433 4491 4492
345 3550 4207
2040 2367 2890 3672 4822
557 995 2273 4995
453 658 1939 2543 3052 3951 4908 4909
75 148 1400 1577 1774 2012 3259 3260 3474 3475 3890 4369 4370 4371
462 2858 4035
1209 1813 1877 4916
157 855 1060 1224
22 736 882 1107 1573 2094 2980 3772 3773 4709 4710
189 363 1590 2441 2796 3737 4197 4198
435 2379
31 565 1022 1135 2737 4505 4990 4991
444 1347 2274 2683 2838 3053 3305 3306 3719
86 1517 1803 2154 2937 3252 3471 4841 4842
1751 1938 2697 3608 4510 4741 4999 5000
76 314 1685 1929 3316
112 647 930 1289 1331 1357 1835 2494 2689 2813 3435 3436 4336 4337 4555 5062 5063 5064
682 775 1871 1949 2636 3590 3591 4249 4250
94 318 857 1355 4651
327 534 691 692 1195 2948 3454 3455 4121 4122 4353 4354 4567 4568 4569 5091 5092 5093
16 840 2670 3377 4730 4994
357 1106 1694 1736 1822 2739 3049 3050 3520 3521 3715 3716 4404 4405 4406
312 1004 1245 2448 4273 4512
7 1486 1624 2193 2231 2440 4182 4183
348 403 578 631 724 1184 1686 1894 1962 1963 2163 2405 2406 2503 2676 2686 2780
393 531 3361 3774 4490
79 570 725 1365 1697 1707 4208 4209 4659 4660 4941 4942
402 1500 4813
88 2016 2974 4025 4264
3529 3954 4179 4913
288 303 841 2183 3647 3839 4790 4791
375 654 727 1162 1675 1800 2269 2710 2993 3618 4036 4037
411 558 1151 1242 1540 1702 1794 1802 2061 2490 3321 3729 3731 4917 4918 4919
70 323 666 1189 1313 1664 2088 2549 2820 3227 3228 3447 3448 3449 3665 3666 3667 4807 4808 4809 4810 5074 5075 5076 5077 5078
384 590 789 1287 1559 1843 2086 2206 2724 2744 3139 3140 3141 3358 3360 3589 4245 4247 4711 4712 4714
43 309 889 1099 4646
52 2246 2811 3466 3876 4356 4573 4574 4830 4831
180 249 3152 4727
276 1415 1497 1614 1834 2123 2329 2721 3530 3531
1045 1377 2111 4102 4550 5051
2006 2867 3378
267 1465 1855 1918 2718 2874 3063 3064 4189 4421 4422
785 1087 1123 1434 1501 1543 2692 2729 5079 5080
25 2389 2589
973 2524 2627 4167 4625
366 616 815 1138 1583 2429 3237 3238 3459 3460 4123 4124 4570 4571 4572
1134 1378 1917 2192 2386 2731 2826 3372 4023 4722 4723 4983 4984 4985
240 432 765 1371 1680 1926 2217 4173 4174
321 1461 1973 2011 2933 2954 3429 3430 4103 4104
749 1222 1256 1972 1998 2224 2226 2521 2918 3165 3612 3613 3614
10 864 1513 1765 2270 2408 3066 3320 4423
1356 1780 4118 4562
1171 1223 1613 4241
306 649 3707 4900
37 424 2053 2227 3243 3465 4125 4828 4829
688 2695 3781 4263 4724
333 609 728 800 922 998 1755 2031 2233 2569 2715 3523 3947 3948 4409
1 3652 4099 4796 5050
342 523 577 904 1655 2418 3123 3124 3756
47 207 274 2126 3534 3725 3955 4184 4418
517 750 1007 1417 1446 1811 1987 2054 2210 3663 5071 5072
264 425 1910
324 1560 1574 2560 2750 3510 4394
297 1043 1274 1455 1511 2336 2749 3245 4127 4128 4357 4358 4575 4576 4577
198 1247 2565 2961 3778 4255
551 1856 1892 2029 3518
252 258 2917 3653
1952 2108 2939
184 1359 2359 4194 4428 4644 4645
19 554 588 835 1399 1460 1712 2171 2839 4116 4117 4344 4345 4346
28 2325 3136 4008
234 843 2097 2267 2512 4172
1431 5086
525 994 1635 1888 2105 2652 2862 3603 3784 3785 4508 4509 4731 4732 4733
315 1122 1197 1858 2237 2848 3721 3722 4175
282 284 600 2284 5047
174 243 1633 2687 3581 4237 4238 4693 4694
488 674 845 2156 2528 3532 4180 4181
92 147 947 968 2320 2868 3224 3225
497 1070 3146 3364 4014 4977
183 701 1290 1312 2357 2424 3046 3298 3712 3713 3941 3942 4628 4629 4630
156 3419 4315 5044
2536 2584 2733
228 720 1049
1033 1131 1213 1258 1968 3427 3846 3847
461 1083 1133 2235 4239 4695
833 945 980 1235 1548 1644 1669 1869 3068 3069 3732 3733 3734 4920 4921 4922
170 1727 3226
129 543 1160 1906 2586 3144 3145 3363 4252 4253 4970 4971
479 1510 1562 4163 4395
452 822 1101 1121 1220 1626 1797 3403 4295 4296 5028 5029
138 1586 2772 2942 3367 4258
219 386 1726 2128 2300 2430 4545 4546
1002 1564 1645 1996 2825 3351 3761 4231 4232
1081 1148 1385 2157 4638
165 320 714 1571 2240 2268 2282 2363 3441 3857 4340
237 596 1104 1212 2272 2338 3594 4972 4973
246 326 1698 2187 2882 3038 3705 3706 4396 4397
192 1237 1275 1330 1374 1628 2109 2314 2762 3196 3197 3198 4072
201 602 778 877 1014 1403 1647 1715 2124 2832 3149 3368 3369 3370 4020 4021 4022 4259 4261 4262 4717 4718 4719 4720
689 940 1061 1851
60 563 2335 3216 3423 3841 4323 4324
186 742 2723 3577 3762
575 2035 2822 4883
222 1034 2979
87 582 2346 2850 3137 3769 4486 4487 4702
535 2078 2376 2763 3281 3507 3923 3924 4620 4621 4890 4891
96 1980 2945 3417 4086
580 1069 1286 2672 3375 4026 4506 4507
168 1391 2178 2538 3526 4907
13 177 874 3424 3648
383 754 1530 2892 3575
392 1064 2621 2748 3030 3704 3921 3922 4389 4390 4616 4617
464 3658 3850 4801
150 761 933 4699
473 657 755 975 1203 1430 1656 2844 3508 3509 4155 4156 4622 4623 4624
159 1507 3206 3413 3640 4777
132 567 629 3346 4461 4679
141 619 1793 4634 4910
446 1554 4318
1432 2010 3579
105 1016 1505 1809 2438 2732 3913 3914 4146 4147 4382
455 492 767 1566 2806 3451 3452 4811 4812 5081 5082
428 2361 3777 4974
114 852 1407 1447 2449 2599 3031 3032 3277 3278
123 510 4309
195 500 693 892 1817 1989 2360 2514 3332 3333 3970 3971 4661 4662 4663
204 876 988 2073 4906
401 1587 4799
540 574 694 4233 4471
69 795 3698 4606 4876
78 120 648 1322 1777 2550 2745 3858 5068 5069
861 2450 2690
231 643 1302 1345 3504
332 1119 1320 1408 1464 1732 1842 3405 3822 3823 4074 4075 4076
431 522 655 768 827 896 1264 1369 1542 1663 1790 1940 2482 3562 3563
404 3302 3717
90 1348 4798
533 2028 3574
99 2947 3496 4387 4613 4880
511 913 1117 1140 2099 3621
45 508 1496 2041 2484 2704 3584 3585 4011 4242 4243 4706 4707 4708
395 1120 2489 3045
54 989 1307 1319 1594 1657 1893 2161 2355 2671 2674 2752 3190 3191 3192 4066 4067 4068
1722 1829 2147 2988 3748
422 745 2624 3299 3943
171 1015 1889 3420
377 1191 1221 1265 3576
413 793 928 972 1040 1263 1520 1782 1947 2331 2391 2513 2991 3907 4599 4600 4601
513 530 700 893 1026 1181 1769 2959 4522 4523 4754 4755
485 1845 3770 4703 4969
144 559 568 634 842 1059 2072 2362 2644 4884 4885
81 196 900 2159 2602 2604 3194 3195 3818 3819 4763 4764
706 1509 1853 1956 3105 3106 4455 4456 4956 4957
611 733 964 1262 1406 1684 2065
153 227 1634 2778 5052
126 1368 1762 3994 4462
162 819 1180 1285 1291 1346 1553 1743 1758 1919 2087 2461 2896 3272 3494 3692 3693 3694 3695 4872 4873 4874 4875
1904 1977 2753 3398 4061 4294 4527 4528
27 907 1672 1676 1966 2195 2653 2944 4009 4010
1467 1875 3279 4886
440 808 828 1261 1473 1483 2643 3186 4298
36 848 1194 1534 3107 3345
770 957 1115 2174 2657 3013 3014 3683 3684 3896 3897 4854 4855 4856
449 4105 4800
135 2606 3120 3571 4681
108 562 626 1157 2316 3021
458 760 1118 1428 2115 2374 2950 3183 3184 4529 4530
1475 1476 2694
350 1847 2015 2239 2738 3043 3044 3292 3293 3708 4170 4171
9 104 1997 2141 4301 4766
780 813 1028 1351 1459 1592 1666 2004 2304 2395 2401 2759 3096 3097 3098 3977 3979 3980
18 3263 3898 4138 4374
346 389 457 697 2807 3848 3849 4100 4101
695 1156 1674 2342 4692
362 783 1139 1561 2925 3022 3023 4866 4867
57 678 1000 1581 1689 1693 2402 2483 2726 3077 3078 4436 4437 4438 4652 4653 4654
263 268 712 1490 2266
272 573 2324 3821 5034
931 1024 1396 1688 2220 2719 3472 3473 3680 3884 3885 4363 4364 4365
317 967 1640 3844 5048
353 541 1077 1080 1409 1609 2259 2508 3114 3115 3116 3564
12 764 1639 2585 3910 4143
722 3181 3809
84 1818 3079 3548 4655
434 937 942 1199 2529 2620 2846 2849 3925 3926 4157 4158 4893 4894 4895
665 738 2666 4297
102 516 858 969 1760 1852 2027 2488 2916 3091 3092 3553 3554 3555 3972 3973 3974 4447 4448 4449 4450
299 564 2601 3248 4361 4578 4832 4833
640 853 2074 5049
335 536 1373 2310 2783 3354 4478 4479 4690 4691
308 3266 3478
380 879 2002 5011
330 416 636 1332 1389 1477 1641 3325 3544 4926 4927
679 1044 1125 1232 2540 2646 3041 3042 3936 3937
4 281 572 1305 1985 2009 2476 2788 2821 3207 3827 3828 4081 4082 4310 4312
290 581 1682 1744 1756 2122 2648 3085 3086 4210 4211
30 2318 3881
142 371 871 1042 1419 1902 4033 4034
1508 2579 3766 4004 4480
111 589 787 3481 4375 4598
398 1971 2399 3392 3627 4760 5019 5020
537 708 958 2332 2547 3546 4928 4929
753 918 1105 1387 1402 1833 2768 3288
15 23 1531 1844 1887 1901 2076 2271 3211 3212 3415 4780 4781 4782
356 1690 3981 4220
230 585 622 1984 2428 2650 3009 3010 3477 4848 4849
42 1231 3160
51 759 1008 1098 1116 1653 1789 1810 2142 2486 2871 3130 3131 3132
257 1219 1621 2248 2372 3029 3497 3498
24 415 884 1071 1239 1413 2773 2879 3393 3394 4288 4289 4290
938 1278 1884 2083 2459 3744 3967 3968 4657 4658 4934 4935
576 716 726 1558 1873 2132 3289 3290 3512 3513 4168 4901 4902 4903
347 3416 4541
518 1914 1978 2403 4667 4944
6 419 3012 4850
221 502 1638 2393 3792 4742
248 921 1709 4000 4472 4961
351 423 2265 4862
3 955 2354 3391 5014
2505 3082 3969 4439
203 850 2309 3870 4818
164 794 2021 3202 4534 4774 5038 5039
1326 1598 1631
1344 1899 1907 1957 2286 2965 3005 3253 3254 4134 4366 4367 4368 4586 4587 4588 4843 4844 4845 4846
586 1095 1824 1895 2131 2541 2794 2878 2927 3793 4274
293 1983 2003 2042 2045 2498 3758 3759 4466 4467 4685 4686
365 673 887 1205 1310 1759 2277 3016 3017 3482 4141 4142
254 266 823 1805 2499 3623 3803 3804 4052 4053 4284 4285
239 802 1273 4647
566 2075 3456 4814 5094
493 2365 2884 3829
179 1934 2079 2249 2898 3336 3337 3551 3552
152 1453 1620 1627 2291 3008 3887
188 571 1236 1950 2134 2583 4277 4278
645 959 3957
269 552 1720 3028 4388
475 971 1576 1596 2904 3389 3390 4045 4046 5012 5013
484 2472 3540
757 2425 3232 3671
143 528 1076 1178 1360 1969 2557 3407 3408 3635 4770
653 1270 1329 3755 3991 4678
466 1259 1436
287 2946 3379 4734
161 3070
242 278 801 814 1193 1478 1670 2207
925 1075 1218 1254 1959 1979 1994 2022 2186 2451 2765 2902 3399 4531 4532 4533
1946 2057 2116 3072 4196 4649
504 1088 2100 3453 3668 3863 4119 4120 4349 4350
206 683 911 1878 2095 2165 2863 2943 3638 3639 4772 4773
233 1948 2294
296 1183 1665 3681 4585
527 804 1267 1321 1491 2130 2385 2607 3606 4267 4268 4735 4736 4737 4996 4997 4998
305 1469 2756 3535 3727 4641
0 465
21 224 331 2818 4051 4283
1865 2046 2474
97 210 275 310 334 886 1924 2084 2200 2870 2970 3055 3056 3838 3953 4322 4563 4566 5087 5088 5089 5090
509 899 903 961 1172 1379 1723 2278 3161 3162 3163 3610 3611 4501 4502 4503 4986 4987 4988 4989
301 1299 1383 1416 3609 4955
344 935 2093 2398 2912 3099 3100 3751 3752 4221 4222 4950 4951
