137 507 639 1074 1343 2167 2341 2368 2445 3674 3877 4129 4130
146 837 2071 2077 2085 2410 3598 3779 3780 4019
218 630 941 1215 2872 3057 3308 3309
771 851 981 1035 1771 1799 2381 2755 3842 3843
433 1031 1515 2434 3127 3128
1166 2803 3860 4341 5070
101 766 2387
173 547 1142
209 865 1687 1823 4981
182 349 2312 4631 4905
83 681 699 1277 1671 2397 2921 5055 5056
478 1714 2404 2462 2685 4027 4728 4729 4992 4993
245 1825 2609 2889 3645 3837 4090 4091
451 939 1102 1427 1886 2244 2775 2888 2989 3765 4001 4003 4475 4476 4477
119 1451 2067 2856 3592
93 1658 2612 3135
436 490 569 721 2502 2628 2741 3915 4149 4607 4608 4877 4878 4879
391 607 705 734 1208 1304 2610 3210 4313 4314 4538 4539
472 642 880 1342 1524 2705 4256 4498
410 427 2576 2787 2906 3432 3656 4329 4330 4551 4552
194 723 1325 1537 1772 1868 3433 3434 3659 3660 4802 4803 5059 5060 5061
61 1298 1729 1785 1897
418 1093 2353 3193 3817
77 2467 3338 4943
628 839 1437 1445 1804 2032 2590 2777
185 529 656 670 956 1551 1900 3998 4229 4230 4464 4465 4682 4683 4684
499 1240 1849 3912 4145 4871
946 1936 3404 3820 4300 4765 5032 5033
400 717 1020 1474 1616
1552 2110 2831 3714 4403
41 364 1214 1923 3025 3696 3697
68 2127 4281 4519 5008
212 481 1750 1881 3033 4887
548 744 1111 4463
273 355 1019 1039 1622 2369 2507 2662 3027 3275 3699 4384 4385 4386 4610 4611 4612
394 747 849 3631
53 633 786 812 1740 2390 3357 4488 4489
555 583 776 1526 1589 2019 2317 2501 3199 3200 3824 3825 4302 4303 4767
1931 2343 3754
35 663 932 1630 2623 3428 3655 4326 4327 4548 4549
606 1363 1414 1925 2711
635 910 2197 4062 4761 5026
33 358 1257 1443 1604 2033 3409 3410 3636 3637 4077 4078 5035 5036 5037
26 1986 3004 4584
125 514 3845 4544
340 593 2062 2421 2886 2909 3174 3175 3801 4041 4042
421 1110 1372 1384 3582 4705
80 1187 1667 2158 2812 3039 3932 3933 4165 4166 4898 4899
448 856 1055 1096 3219 3649 4098 4794 4795
601 621 1241 1466 1867 2899 3121 3122 3572 3573
439 617 977 2253 2758 2764 3176 3177 3387 3388 4043 4044 4748 4749 4750
412 1652 1717 1767 2625
98 1764 2152 2551 2595 2880 3294 3295 3516 3517 3710 3938 3939 3940
313 953 1472 2990 4362
322 1349 2802 3580 4481
1243 2792 2955 3739 3964 4201 4930 4931
66 659 1225 2743 4402
965 1536 2873 3101 3557 3753 4672 4673
1579 2415 2615
370 844 869 948 1284 1890 2290 2442 2928 2999 4482 4966 4967 4968
343 550 677 1544 1711 2055 2059 2173 2485 2975 4059 4060 4292 5023 5024 5025
38 1144 2221 2229 2285 2287 3328 3329 4205 4440 4441 4936 4937 4938
213 379 1612 2008 2288 3291 3514 3515 3935 4626 4627
352 437 3641 3830 4787
1251 2640 2997 3094 3750 4668 4945 4946
244 1250 1503 1778 1779 1870 3261 3262 3892 4373 4589 4590
361 739 1488 1570 2667 2728 3396
20 2414 4431
798 1030 3036 4162
2 803 944 1164 2001 2263 2722 3205 4079 4307 4308 5040 5041 5042
65 866 1013 1126 1462 1632 1982 4468 4469
846 1568 3076 4200 4432
319 982 1600 1816 1820 2875
597 1426 1981 2236 2460 2558 4783 4784
193 1529 2539 2859 3556
337 1535 2688 4195 4648 4924
292 752 1065 1268 1439 3112 3992 3993 4459
498 917 2383 2887
1079 1308 1522 2668 3501 3920 4614 4615
14 1062 1089 1269 4050 4524 5015 5016
220 1207 1880 2327 3203 4775
202 1775 2262 2638 4847
915 1186 2934 3158 3789 4740
641 805 978 1005 1429 2005 2799 3461 3462 3871 3872 4819 4820 4821 5097 5098 5099
151 1678 1974 2323 3335
223 987 997 1041 1340 1699 2411 2452 3257 3258 3888 3889
259 3024 3490 3911
438 584 894 1036 1228 1995 2119 2337 2431 2642 4047 4751 4752 4753
124 638 2542 3743 3966
447 684 743 796 1018 1175 2605 3233 5095 5096
1681 2204 2567 3002 4837
214 758 1038 1190 2190 2725 3155 3156 4265 4266
178 637 854 897 2081 2816 3229 3230 3669 3670 4352
115 2047 2125 3003 3250 4838
187 1619 2681 3607 4269 4739
176 369 2185 4442
181 623 873 3365 4495
477 660 1942 2785 3251 3468 3469 3882 4582 4583 4839 4840
172 429 661 1335 1516 2299 3168
46 225 532 1448 1637 2302 3487 3488 3690 3691 4380 4863 4864 4865
664 1053 1392 1555 1863 2308 2340 2941 3330 4939 4940
127 807 1155 1364 1528 1691
286 414 512 1217 1502 1885 2255 2492 3810
215 1317 1489 3463 5100
923 2350 3249 4133
199 829 1827 2213 2334 2420 3796 3797
91 996 1768 2102 3061 3062 3318 3960 3961 4420 4640
190 669 4343 4561 5073
64 1086 1376 4721
378 417 2000 2298 2364 2409 2834 4452
154 784 860 936 1182 1593 1724 2407 2591 3445 3446 4558 4559 4560
685 1066 1991 3173 3620 4747 5009 5010
680 1230 3147 3597 4496
58 467 539 888 1999 2520 3304
67 863 1129 1660 2170 3380 3381 3791 4032 4272 5001 5002
751 2491 3735 4192
139 338 763 2146 2223 2545 3851 3852 4109 5057 5058
300 3185 3812 4063 5027
381 1463 1525 2251 3543 4199
40 1395 1754 2155 2531 2597 2908 2914 3241 3242 3875 4825 4826 4827 5101 5102 5103
354 1741 2923 2971
49 1154 1770 2305 3685 4593 4857 4858
974 1238 1309 1424 1738 1761 1826 2433 4491 4492
2040 2367 2890 3672 4822
453 658 1939 2543 3052 3951 4908 4909
462 2858 4035
157 855 1060 1224
22 736 882 1107 1573 2094 2980 3772 3773 4709 4710
189 363 1590 2441 2796 3737 4197 4198
31 565 1022 1135 2737 4505 4990 4991
76 314 1685 1929 3316
112 647 930 1289 1331 1357 1835 2494 2689 2813 3435 3436 4336 4337 4555 5062 5063 5064
327 534 691 692 1195 2948 3454 3455 4121 4122 4353 4354 4567 4568 4569 5091 5092 5093
312 1004 1245 2448 4273 4512
7 1486 1624 2193 2231 2440 4182 4183
79 570 725 1365 1697 1707 4208 4209 4659 4660 4941 4942
402 1500 4813
88 2016 2974 4025 4264
411 558 1151 1242 1540 1702 1794 1802 2061 2490 3321 3729 3731 4917 4918 4919
384 590 789 1287 1559 1843 2086 2206 2724 2744 3139 3140 3141 3358 3360 3589 4245 4247 4711 4712 4714
43 309 889 1099 4646
276 1415 1497 1614 1834 2123 2329 2721 3530 3531
1045 1377 2111 4102 4550 5051
267 1465 1855 1918 2718 2874 3063 3064 4189 4421 4422
366 616 815 1138 1583 2429 3237 3238 3459 3460 4123 4124 4570 4571 4572
240 432 765 1371 1680 1926 2217 4173 4174
749 1222 1256 1972 1998 2224 2226 2521 2918 3165 3612 3613 3614
10 864 1513 1765 2270 2408 3066 3320 4423
333 609 728 800 922 998 1755 2031 2233 2569 2715 3523 3947 3948 4409
324 1560 1574 2560 2750 3510 4394
198 1247 2565 2961 3778 4255
551 1856 1892 2029 3518
252 258 2917 3653
1952 2108 2939
184 1359 2359 4194 4428 4644 4645
19 554 588 835 1399 1460 1712 2171 2839 4116 4117 4344 4345 4346
28 2325 3136 4008
234 843 2097 2267 2512 4172
525 994 1635 1888 2105 2652 2862 3603 3784 3785 4508 4509 4731 4732 4733
315 1122 1197 1858 2237 2848 3721 3722 4175
282 284 600 2284 5047
488 674 845 2156 2528 3532 4180 4181
497 1070 3146 3364 4014 4977
183 701 1290 1312 2357 2424 3046 3298 3712 3713 3941 3942 4628 4629 4630
156 3419 4315 5044
2536 2584 2733
228 720 1049
170 1727 3226
129 543 1160 1906 2586 3144 3145 3363 4252 4253 4970 4971
138 1586 2772 2942 3367 4258
1002 1564 1645 1996 2825 3351 3761 4231 4232
165 320 714 1571 2240 2268 2282 2363 3441 3857 4340
237 596 1104 1212 2272 2338 3594 4972 4973
192 1237 1275 1330 1374 1628 2109 2314 2762 3196 3197 3198 4072
60 563 2335 3216 3423 3841 4323 4324
575 2035 2822 4883
222 1034 2979
168 1391 2178 2538 3526 4907
383 754 1530 2892 3575
150 761 933 4699
473 657 755 975 1203 1430 1656 2844 3508 3509 4155 4156 4622 4623 4624
159 1507 3206 3413 3640 4777
1432 2010 3579
105 1016 1505 1809 2438 2732 3913 3914 4146 4147 4382
428 2361 3777 4974
114 852 1407 1447 2449 2599 3031 3032 3277 3278
123 510 4309
204 876 988 2073 4906
861 2450 2690
404 3302 3717
533 2028 3574
99 2947 3496 4387 4613 4880
395 1120 2489 3045
1722 1829 2147 2988 3748
377 1191 1221 1265 3576
513 530 700 893 1026 1181 1769 2959 4522 4523 4754 4755
81 196 900 2159 2602 2604 3194 3195 3818 3819 4763 4764
162 819 1180 1285 1291 1346 1553 1743 1758 1919 2087 2461 2896 3272 3494 3692 3693 3694 3695 4872 4873 4874 4875
1904 1977 2753 3398 4061 4294 4527 4528
1467 1875 3279 4886
440 808 828 1261 1473 1483 2643 3186 4298
36 848 1194 1534 3107 3345
449 4105 4800
108 562 626 1157 2316 3021
9 104 1997 2141 4301 4766
780 813 1028 1351 1459 1592 1666 2004 2304 2395 2401 2759 3096 3097 3098 3977 3979 3980
18 3263 3898 4138 4374
695 1156 1674 2342 4692
57 678 1000 1581 1689 1693 2402 2483 2726 3077 3078 4436 4437 4438 4652 4653 4654
263 268 712 1490 2266
272 573 2324 3821 5034
931 1024 1396 1688 2220 2719 3472 3473 3680 3884 3885 4363 4364 4365
317 967 1640 3844 5048
353 541 1077 1080 1409 1609 2259 2508 3114 3115 3116 3564
12 764 1639 2585 3910 4143
434 937 942 1199 2529 2620 2846 2849 3925 3926 4157 4158 4893 4894 4895
665 738 2666 4297
102 516 858 969 1760 1852 2027 2488 2916 3091 3092 3553 3554 3555 3972 3973 3974 4447 4448 4449 4450
640 853 2074 5049
335 536 1373 2310 2783 3354 4478 4479 4690 4691
4 281 572 1305 1985 2009 2476 2788 2821 3207 3827 3828 4081 4082 4310 4312
753 918 1105 1387 1402 1833 2768 3288
15 23 1531 1844 1887 1901 2076 2271 3211 3212 3415 4780 4781 4782
356 1690 3981 4220
42 1231 3160
24 415 884 1071 1239 1413 2773 2879 3393 3394 4288 4289 4290
938 1278 1884 2083 2459 3744 3967 3968 4657 4658 4934 4935
576 716 726 1558 1873 2132 3289 3290 3512 3513 4168 4901 4902 4903
347 3416 4541
248 921 1709 4000 4472 4961
203 850 2309 3870 4818
164 794 2021 3202 4534 4774 5038 5039
1326 1598 1631
1344 1899 1907 1957 2286 2965 3005 3253 3254 4134 4366 4367 4368 4586 4587 4588 4843 4844 4845 4846
365 673 887 1205 1310 1759 2277 3016 3017 3482 4141 4142
254 266 823 1805 2499 3623 3803 3804 4052 4053 4284 4285
239 802 1273 4647
493 2365 2884 3829
269 552 1720 3028 4388
466 1259 1436
161 3070
925 1075 1218 1254 1959 1979 1994 2022 2186 2451 2765 2902 3399 4531 4532 4533
1946 2057 2116 3072 4196 4649
504 1088 2100 3453 3668 3863 4119 4120 4349 4350
206 683 911 1878 2095 2165 2863 2943 3638 3639 4772 4773
233 1948 2294
527 804 1267 1321 1491 2130 2385 2607 3606 4267 4268 4735 4736 4737 4996 4997 4998
305 1469 2756 3535 3727 4641
97 210 275 310 334 886 1924 2084 2200 2870 2970 3055 3056 3838 3953 4322 4563 4566 5087 5088 5089 5090
509 899 903 961 1172 1379 1723 2278 3161 3162 3163 3610 3611 4501 4502 4503 4986 4987 4988 4989
