0 499
1 299
2 451
3 424
4 240
5 133
6 363
7 265
8 233
9 413
10 292
11 153
12 427
13 353
14 150
15 449
16 154
17 80
18 415
19 311
20 124
21 419
22 249
23 31
24 455
25 285
26 83
27 402
28 312
29 113
30 442
31 252
32 58
33 457
34 288
35 75
36 405
37 296
38 115
39 444
40 233
41 406
42 452
43 277
44 79
45 384
46 294
47 301
48 417
49 236
50 480
51 460
52 278
53 70
54 386
55 166
56 109
57 420
58 226
59 56
60 344
61 291
62 73
63 381
64 216
65 130
66 107
67 228
68 60
69 373
70 275
71 99
72 159
73 67
74 107
75 439
76 256
77 46
78 374
79 268
80 360
81 395
82 209
83 350
84 189
85 488
86 48
87 348
88 270
89 90
90 380
91 211
92 5
93 431
94 259
95 33
96 350
97 263
98 237
99 382
100 205
101 7
102 432
103 255
104 35
105 364
106 172
107 100
108 409
109 422
110 23
111 445
112 257
113 65
114 367
115 436
116 95
117 93
118 197
119 25
120 374
121 247
122 41
123 368
124 169
125 84
126 399
127 199
128 26
129 330
130 238
131 38
132 360
133 171
134 255
135 422
136 200
137 0
138 333
139 230
140 64
141 361
142 443
143 485
144 210
145 220
146 1
147 320
148 245
149 66
150 357
151 163
152 478
153 398
154 164
155 18
156 271
157 248
158 103
159 359
160 177
161 489
162 400
163 190
164 20
165 463
166 147
167 154
168 352
169 495
170 484
171 389
172 192
173 9
174 318
175 140
176 43
177 353
178 179
179 477
180 297
181 189
182 78
183 322
184 135
185 49
186 345
187 368
188 479
189 250
190 212
191 99
192 341
193 136
194 231
195 369
196 184
197 492
198 306
199 201
200 8
201 342
202 155
203 466
204 370
205 88
206 494
207 301
208 202
209 10
210 334
211 373
212 62
213 116
214 174
215 486
216 302
217 203
218 2
219 383
220 153
221 99
222 347
223 164
224 419
225 294
226 54
227 398
228 325
229 154
230 336
231 376
232 166
233 495
234 313
235 127
236 30
237 339
238 156
239 474
240 289
241 185
242 490
243 318
244 280
245 21
246 340
247 458
248 21
249 279
250 165
251 491
252 308
253 84
254 13
255 324
256 141
257 241
258 281
259 167
260 480
261 314
262 110
263 186
264 326
265 137
266 473
267 283
268 186
269 481
270 307
271 131
272 422
273 68
274 301
275 468
276 280
277 158
278 497
279 309
280 132
281 440
282 469
283 144
284 469
285 84
286 91
287 488
288 272
289 128
290 287
291 336
292 153
293 471
294 197
295 92
296 496
297 116
298 238
299 433
301 138
302 464
303 272
304 85
305 498
306 295
307 105
308 436
309 277
310 468
311 470
312 264
313 101
314 256
315 316
316 129
317 425
318 259
319 134
320 463
321 290
322 191
323 275
324 304
325 122
326 340
327 424
328 151
329 450
330 438
331 419
332 7
333 298
334 334
335 356
336 239
337 142
338 456
339 286
340 87
341 387
342 300
343 114
344 423
345 193
346 416
347 458
348 266
349 78
350 172
351 463
352 117
353 426
354 234
355 68
356 450
357 21
358 81
359 401
360 92
361 123
362 418
363 250
364 406
365 472
366 287
367 71
368 278
369 43
370 112
371 443
372 243
373 491
374 459
375 273
376 467
377 390
378 254
379 116
380 437
381 232
382 61
383 354
384 276
385 102
386 383
387 193
388 146
389 416
390 235
391 36
392 21
393 267
394 69
395 246
396 213
397 108
398 446
399 143
400 55
401 366
402 269
403 72
404 379
405 215
407 447
408 227
409 44
410 372
411 274
412 97
413 208
414 204
415 455
416 438
417 254
418 45
419 363
420 175
421 88
422 388
423 463
424 296
425 272
426 223
427 39
428 366
429 192
430 82
431 378
432 196
433 4
434 430
435 251
436 145
437 117
438 223
439 96
440 404
441 188
442 6
443 216
444 253
445 34
446 362
447 170
448 93
449 64
450 486
451 22
452 332
453 353
454 63
455 365
456 180
457 416
458 410
459 195
460 24
461 327
462 246
463 40
464 356
465 499
466 487
467 226
468 198
469 17
470 30
471 445
472 37
473 358
474 159
475 482
476 406
477 191
478 19
479 331
480 139
481 62
482 154
483 160
484 483
485 393
486 219
487 29
488 319
489 123
490 47
491 375
492 365
493 476
494 396
495 210
496 16
497 321
498 146
499 50
500 369
501 351
502 125
503 153
504 493
505 37
506 16
507 0
508 384
509 138
510 368
511 148
512 204
513 392
514 84
515 138
516 432
517 343
518 459
519 297
520 333
522 133
523 300
524 348
525 315
526 87
527 32
528 485
529 190
530 392
531 267
532 294
533 381
534 424
535 117
536 435
537 447
538 99
539 226
540 264
541 426
542 14
543 111
544 165
545 59
546 265
547 9
548 67
549 16
550 114
551 307
552 481
553 265
554 311
555 90
556 159
557 243
558 274
559 358
560 239
561 148
562 409
563 182
564 433
565 252
566 475
567 360
568 210
569 145
570 268
571 106
572 440
573 422
574 264
575 346
576 457
577 300
578 266
579 80
580 154
581 441
582 348
583 72
584 223
585 451
586 470
587 117
588 311
589 445
590 276
591 165
592 131
593 87
594 82
595 9
596 339
597 135
598 32
599 479
600 317
601 94
602 342
603 497
604 29
605 348
606 76
607 36
608 74
609 298
610 141
611 397
612 162
613 159
614 441
615 202
616 6
617 96
618 136
619 118
620 34
621 94
622 336
623 433
624 272
626 409
627 48
628 47
629 360
630 2
631 266
632 480
633 70
634 394
635 429
636 438
637 179
638 169
639 302
640 340
641 161
642 37
643 376
644 82
645 57
646 403
647 257
648 374
649 295
650 77
651 42
652 176
654 121
655 378
656 49
657 100
658 244
659 107
660 191
661 192
662 148
663 75
664 42
665 102
666 275
667 370
668 491
669 212
670 49
671 463
672 342
673 472
674 319
675 29
676 34
677 114
678 420
679 120
680 488
681 15
682 258
683 494
684 170
685 222
686 184
687 180
688 297
689 343
690 95
691 260
692 260
693 409
694 264
695 417
696 80
697 416
698 48
699 203
700 392
701 322
702 405
703 417
704 41
705 227
706 52
707 295
708 168
709 205
710 188
711 87
712 186
713 66
715 100
716 457
717 55
718 428
719 90
720 325
721 145
722 428
723 231
724 51
725 268
726 457
727 129
728 298
729 23
730 82
731 211
732 99
733 397
734 227
735 486
736 249
737 273
738 431
739 152
740 102
741 233
742 345
743 170
744 67
745 388
746 413
747 69
748 343
749 291
750 448
751 229
752 145
753 448
754 128
755 257
756 198
757 484
758 174
759 390
760 410
761 357
762 47
763 219
764 427
765 289
766 7
767 365
768 378
769 461
770 406
771 412
772 157
773 464
774 319
775 258
776 42
777 107
778 342
779 302
780 414
781 82
782 104
783 418
784 221
785 284
786 70
787 237
788 190
790 16
791 29
792 181
793 391
794 20
795 373
796 170
797 243
798 125
799 467
800 298
801 119
802 474
803 126
804 497
805 491
806 205
807 199
808 404
809 73
810 171
811 157
812 70
813 414
814 490
815 287
816 343
817 190
818 5
819 400
820 214
821 90
822 332
823 473
824 422
825 360
826 448
827 378
828 404
829 201
830 254
831 467
832 441
833 328
834 143
835 311
836 137
837 1
838 288
839 185
840 154
841 272
842 394
843 313
844 112
845 319
846 412
847 302
848 405
849 69
850 466
851 3
852 367
853 434
854 124
855 216
856 93
857 259
858 432
859 34
860 221
861 158
862 48
863 228
864 292
865 454
866 324
867 185
868 27
869 89
870 132
871 443
872 67
873 189
874 353
875 269
876 370
877 342
878 30
879 437
880 217
881 185
882 249
883 480
884 364
885 414
886 334
887 472
888 226
889 277
890 365
891 121
892 369
893 392
894 223
895 191
896 133
897 179
898 192
899 138
900 184
901 188
902 160
903 138
904 300
905 330
906 58
907 402
908 104
909 370
910 330
911 276
912 20
913 383
914 207
915 361
916 362
917 146
918 448
919 44
920 212
921 462
922 298
923 209
924 345
925 491
926 10
927 54
928 208
929 152
930 32
931 112
932 75
933 357
934 137
935 423
936 195
937 430
938 274
939 22
940 448
941 2
942 430
943 349
944 126
945 328
946 54
947 5
948 487
949 84
950 34
951 218
952 151
953 101
954 409
955 424
956 49
957 293
958 447
959 480
960 499
961 138
962 441
963 16
964 397
965 387
966 5
967 183
968 320
969 432
970 108
971 232
972 391
973 123
974 240
975 358
976 54
977 96
978 342
979 276
980 328
981 3
982 134
983 200
984 38
985 164
986 104
987 437
988 370
989 386
990 343
991 199
992 218
993 478
994 315
995 296
996 211
997 164
998 298
999 191
1000 420
1001 63
1002 408
1003 286
1004 264
1005 161
1006 121
1007 343
1008 252
1009 9
1010 33
1011 165
1012 77
1013 130
1014 342
1015 389
1016 148
1017 16
1018 170
1019 68
1020 55
1021 82
1022 252
1023 200
1024 112
1025 27
1026 392
1027 364
1028 414
1029 159
1030 125
1031 4
1032 122
1033 326
1034 347
1035 3
1036 223
1037 275
1038 174
1039 68
1040 391
1041 164
1042 161
1043 305
1044 352
1045 347
1046 132
1047 404
1048 238
1049 325
1050 30
1051 133
1052 171
1053 42
1054 124
1055 93
1056 57
1057 71
1058 36
1059 394
1060 484
1061 343
1062 247
1063 13
1064 355
1065 145
1066 222
1067 74
1068 188
1069 261
1070 321
1071 455
1072 103
1073 16
1074 0
1075 491
1076 485
1077 426
1078 158
1079 149
1080 426
1081 337
1082 261
1083 327
1084 325
1085 383
1086 329
1087 284
1088 419
1089 129
1090 9
1091 376
1092 261
1093 45
1094 41
1095 470
1096 93
1097 302
1098 453
1099 277
1100 184
1101 332
1102 274
1103 140
1104 339
1105 448
1106 262
1107 249
1108 15
1109 35
1110 88
1111 67
1112 282
1113 140
1114 351
1115 293
1116 460
1117 383
1118 410
1119 377
1120 246
1121 332
1122 316
1123 284
1124 208
1125 352
1126 130
1127 376
1128 58
1129 226
1130 175
1131 326
1132 227
1133 292
1134 288
1135 252
1136 10
1137 170
1138 287
1139 418
1140 383
1141 102
1142 9
1143 113
1144 115
1145 102
1146 332
1147 176
1148 337
1149 441
1150 292
1151 274
1152 23
1153 157
1154 464
1155 199
1156 74
1157 409
1158 64
1159 137
1160 330
1161 364
1162 273
1163 431
1164 451
1165 404
1166 248
1167 114
1168 223
1169 77
1170 2
1171 9
1172 138
1173 128
1174 131
1175 173
1176 185
1177 449
1178 485
1179 293
1180 494
1181 392
1182 221
1183 496
1184 266
1185 160
1186 156
1187 279
1188 131
1189 275
1190 174
1191 390
1192 275
1193 119
1194 405
1195 260
1196 343
1197 253
1198 329
1199 430
1200 30
1201 129
1202 438
1203 358
1205 472
1206 338
1207 153
1208 36
1209 247
1210 105
1211 438
1212 339
1213 326
1214 59
1215 23
1216 447
1217 91
1218 491
1219 241
1220 332
1221 390
1222 291
1223 294
1224 248
1225 107
1226 61
1227 177
1228 98
1229 80
1230 488
1231 452
1232 439
1233 150
1234 236
1235 217
1236 479
1237 341
1238 122
1239 455
1240 50
1241 94
1242 274
1243 169
1244 121
1245 393
1246 161
1247 306
1248 235
1249 337
1250 280
1251 118
1252 462
1253 223
1254 491
1255 257
1256 291
1257 81
1258 326
1259 271
1260 130
1261 126
1262 397
1263 408
1264 378
1265 390
1266 474
1267 32
1268 153
1269 150
1270 486
1271 185
1273 243
1274 116
1275 341
1277 15
1278 456
1279 186
1280 160
1281 428
1282 100
1283 6
1284 487
1285 400
1286 154
1287 276
1288 382
1289 257
1290 322
1291 400
1292 184
1293 247
1294 260
1295 9
1296 104
1297 120
1298 43
1299 138
1300 323
1301 337
1302 376
1303 421
1304 227
1305 440
1306 35
1307 386
1308 149
1309 240
1310 449
1311 342
1312 20
1313 275
1314 84
1315 17
1316 82
1317 206
1318 6
1319 262
1320 7
1321 497
1322 374
1323 180
1324 327
1325 231
1326 125
1327 333
1328 58
1329 486
1330 341
1331 257
1332 427
1333 419
1334 16
1335 192
1336 185
1337 405
1338 220
1339 25
1340 164
1341 223
1342 37
1343 0
1344 317
1345 376
1346 400
1347 248
1348 380
1349 103
1350 133
1351 414
1352 186
1353 9
1354 28
1355 259
1356 293
1357 257
1358 411
1359 95
1360 485
1361 459
1362 28
1363 245
1364 199
1365 268
1366 436
1367 242
1368 399
1369 378
1370 464
1371 289
1372 88
1373 435
1374 341
1375 149
1376 216
1377 281
1378 288
1379 138
1380 87
1381 219
1382 154
1383 138
1384 88
1385 337
1386 463
1387 448
1388 223
1389 438
1390 198
1391 352
1392 42
1393 76
1394 82
1396 453
1397 360
1398 474
1399 311
1400 245
1401 162
1402 448
1403 342
1404 33
1405 131
1406 397
1407 367
1408 377
1409 378
1410 35
1411 473
1412 132
1413 395
1414 76
1415 280
1416 138
1417 343
1418 11
1419 443
1420 421
1421 140
1422 370
1423 180
1425 198
1426 135
1427 22
1428 410
1429 161
1430 358
1431 314
1432 363
1433 10
1434 284
1435 107
1436 271
1437 145
1438 203
1439 153
1440 8
1441 302
1442 86
1443 81
1444 71
1445 47
1446 448
1447 367
1448 294
1449 188
1450 456
1451 25
1452 30
1453 478
1454 497
1455 116
1456 219
1457 238
1458 5
1459 414
1460 311
1461 290
1463 232
1464 7
1465 283
1466 218
1467 278
1468 30
1469 498
1470 172
1471 15
1472 41
1473 126
1474 55
1475 411
1476 411
1477 438
1478 119
1479 212
1480 339
1481 29
1482 473
1483 126
1484 274
1485 207
1486 265
1487 302
1488 123
1489 486
1490 403
1491 497
1493 66
1494 5
1495 215
1496 384
1497 280
1498 220
1499 484
1500 269
1501 284
1502 91
1503 119
1504 14
1505 364
1506 160
1507 359
1508 141
1509 269
1510 4
1511 116
1512 74
1513 292
1514 305
1515 446
1516 192
1517 48
1518 143
1519 128
1520 386
1521 279
1522 306
1523 101
1524 217
1525 232
1526 72
1527 70
1528 199
1529 136
1530 354
1531 449
1532 141
1533 239
1534 405
1535 142
1536 387
1537 231
1538 58
1539 321
1540 274
1541 258
1542 378
1543 337
1544 114
1545 469
1546 453
1547 38
1548 30
1549 163
1550 126
1551 49
1552 56
1553 400
1554 362
1555 42
1556 352
1557 316
1558 457
1559 276
1560 304
1561 62
1562 331
1563 133
1564 408
1565 432
1566 365
1567 122
1568 15
1569 82
1570 123
1571 338
1572 354
1573 249
1574 304
1575 296
1576 232
1577 439
1578 28
1579 111
1580 338
1581 420
1582 17
1583 6
1584 207
1585 271
1586 333
1587 366
1588 55
1589 72
1590 466
1591 232
1592 414
1593 164
1594 386
1595 452
1596 232
1597 226
1598 461
1599 132
1600 134
1601 335
1602 205
1603 341
1604 81
1605 227
1606 440
1607 383
1608 418
1609 426
1610 351
1611 245
1612 116
1613 294
1614 280
1615 306
1616 55
1617 57
1618 91
1619 183
1620 478
1621 454
1622 68
1623 160
1624 265
1625 282
1626 332
1627 478
1628 341
1629 77
1630 75
1631 461
1632 130
1633 318
1634 398
1635 12
1636 339
1637 294
1638 461
1639 427
1640 434
1641 461
1642 82
1643 443
1644 217
1645 408
1646 469
1647 342
1648 195
1649 430
1650 154
1651 172
1652 97
1653 390
1654 161
1655 300
1656 100
1657 140
1658 431
1659 184
1660 338
1661 342
1662 131
1663 133
1664 275
1665 496
1666 394
1667 89
1668 122
1669 328
1670 490
1671 15
1672 370
1673 351
1674 184
1675 121
1676 402
1677 235
1678 163
1679 407
1680 289
1681 88
1682 441
1683 28
1684 28
1685 256
1686 266
1688 453
1689 420
1690 450
1691 199
1692 482
1693 420
1694 262
1695 190
1696 346
1697 268
1698 340
1699 164
1700 257
1701 440
1702 274
1703 133
1704 165
1705 162
1706 379
1707 268
1708 262
1709 462
1710 30
1711 114
1712 182
1713 53
1714 19
1715 342
1716 66
1717 97
1718 110
1719 85
1720 481
1721 63
1722 387
1723 138
1725 41
1726 374
1727 484
1728 27
1729 291
1730 210
1731 102
1732 7
1733 65
1734 85
1735 297
1736 21
1737 330
1738 240
1739 140
1740 70
1741 234
1742 268
1743 494
1744 441
1745 302
1746 55
1747 186
1748 394
1749 484
1750 62
1751 255
1752 104
1753 318
1754 233
1755 298
1756 441
1757 284
1758 400
1759 472
1760 432
1761 0
1762 399
1763 188
1764 237
1765 292
1766 51
1767 97
1768 336
1770 236
1771 3
1772 231
1773 203
1774 245
1775 155
1776 221
1777 374
1778 119
1779 280
1780 293
1781 286
1782 391
1783 494
1784 203
1785 425
1786 162
1787 354
1788 140
1789 453
1790 378
1791 337
1792 35
1793 361
1794 274
1795 294
1796 426
1797 332
1798 29
1799 412
1800 273
1801 191
1802 274
1803 48
1804 185
1805 268
1806 149
1807 48
1808 482
1809 364
1810 252
1811 343
1812 273
1813 415
1814 227
1815 110
1816 134
1817 409
1818 433
1819 379
1820 420
1821 322
1822 262
1823 10
1824 446
1825 21
1826 122
1827 210
1828 140
1829 387
1830 157
1831 153
1832 388
1833 448
1834 280
1835 257
1836 316
1837 370
1838 140
1839 367
1840 223
1841 38
1842 377
1843 276
1844 449
1845 393
1846 354
1847 412
1848 172
1849 50
1850 208
1851 343
1852 432
1853 269
1854 195
1855 283
1856 307
1857 122
1858 316
1859 361
1860 425
1861 0
1862 147
1863 42
1864 180
1865 86
1866 108
1867 291
1868 231
1869 328
1870 119
1871 258
1872 235
1873 457
1874 122
1875 278
1876 53
1877 95
1878 494
1879 388
1881 46
1882 414
1883 300
1884 456
1885 204
1886 22
1887 449
1888 315
1889 389
1890 112
1891 79
1892 359
1893 262
1894 266
1895 98
1896 412
1897 291
1898 14
1899 57
1900 49
1901 31
1902 443
1903 192
1904 40
1905 36
1906 11
1907 189
1908 115
1909 490
1910 272
1911 493
1912 201
1913 2
1914 459
1915 26
1916 53
1917 358
1918 283
1919 400
1920 111
1921 476
1922 426
1923 59
1924 263
1925 76
1926 196
1927 104
1928 260
1929 256
1930 310
1931 73
1932 47
1933 197
1934 477
1935 469
1936 59
1937 239
1938 304
1939 244
1940 378
1941 243
1942 103
1943 44
1944 51
1945 276
1946 492
1947 391
1948 495
1949 258
1950 479
1951 102
1952 309
1953 160
1954 79
1955 212
1956 396
1957 57
1958 211
1959 491
1960 80
1961 429
1962 35
1963 266
1964 221
1965 7
1966 91
1967 128
1968 326
1969 485
1970 436
1971 447
1972 291
1973 290
1974 113
1975 159
1976 417
1977 401
1978 459
1979 491
1980 350
1981 338
1982 109
1983 471
1984 451
1985 440
1986 83
1987 343
1988 71
1989 369
1990 392
1991 222
1992 185
1993 422
1994 491
1995 98
1996 408
1997 413
1998 291
1999 226
2000 254
2002 437
2003 471
2004 47
2005 161
2006 282
2007 65
2008 116
2009 240
2010 363
2011 290
2012 245
2013 332
2014 426
2015 412
2016 270
2017 51
2018 475
2019 72
2020 396
2021 20
2022 330
2023 140
2024 190
2025 194
2026 296
2027 323
2028 309
2029 307
2030 200
2031 159
2032 145
2033 457
2034 157
2035 346
2036 188
2037 0
2038 381
2039 161
2040 242
2041 307
2042 471
2043 260
2044 409
2045 130
2046 86
2047 436
2048 341
2049 14
2050 421
2051 218
2052 106
2053 296
2054 448
2055 344
2056 181
2057 492
2058 129
2059 114
2060 159
2061 274
2062 87
2063 381
2064 184
2065 397
2066 201
2067 307
2068 51
2069 107
2070 26
2071 322
2072 358
2073 370
2074 434
2075 106
2076 449
2077 1
2078 348
2079 477
2080 398
2081 124
2082 260
2083 482
2084 263
2085 1
2086 276
2087 40
2088 275
2089 7
2090 318
2091 386
2092 160
2093 423
2094 249
2095 276
2096 13
2097 313
2098 8
2099 148
2100 493
2101 180
2102 211
2103 188
2104 91
2105 12
2106 443
2107 239
2108 309
2109 94
2110 63
2111 483
2112 74
2113 218
2114 405
2115 410
2116 492
2117 130
2118 172
2119 223
2120 211
2121 38
2122 421
2123 280
2124 342
2125 436
2126 301
2127 60
2128 383
2129 57
2130 32
2131 446
2132 378
2133 49
2134 482
2135 267
2136 461
2137 396
2138 378
2139 288
2140 40
2141 413
2142 453
2143 439
2144 417
2145 59
2146 456
2147 109
2148 451
2149 103
2150 335
2151 242
2152 98
2153 143
2154 217
2155 77
2156 319
2157 138
2158 279
2159 184
2160 337
2161 262
2162 434
2163 266
2164 271
2165 351
2166 159
2167 0
2168 421
2169 137
2170 228
2171 311
2172 227
2173 114
2174 293
2175 69
2176 353
2177 403
2178 352
2179 77
2180 357
2181 17
2182 239
2183 272
2184 326
2185 187
2186 491
2187 340
2188 311
2189 342
2190 174
2191 392
2192 358
2193 104
2194 200
2195 370
2196 430
2197 330
2198 448
2199 236
2200 263
2201 126
2202 14
2203 194
2204 173
2205 362
2207 497
2208 490
2209 462
2211 143
2212 335
2213 201
2214 379
2215 466
2216 386
2217 289
2218 51
2219 174
2220 453
2221 157
2222 248
2223 219
2224 303
2225 444
2226 291
2227 296
2228 142
2229 115
2230 206
2231 265
2232 407
2233 298
2234 97
2235 327
2236 13
2237 316
2238 33
2239 349
2240 463
2241 421
2242 384
2243 485
2244 22
2245 175
2246 278
2247 351
2248 241
2249 477
2250 227
2251 232
2252 181
2253 96
2254 344
2255 204
2256 127
2257 110
2258 139
2260 225
2261 54
2262 60
2263 211
2264 272
2265 463
2266 186
2267 313
2268 338
2269 121
2270 292
2271 472
2272 339
2273 243
2274 253
2275 200
2276 51
2277 472
2278 138
2279 139
2280 404
2281 13
2282 463
2283 293
2284 317
2285 115
2286 189
2287 115
2288 346
2289 115
2290 89
2291 478
2292 165
2293 155
2294 495
2295 409
2296 133
2297 15
2298 254
2299 52
2300 374
2301 432
2302 69
2303 429
2304 414
2305 198
2306 205
2307 51
2309 406
2310 435
2311 194
2312 11
2313 405
2314 341
2315 40
2316 120
2317 381
2318 452
2319 206
2320 320
2321 82
2322 181
2323 163
2324 422
2325 312
2327 104
2328 72
2329 280
2330 432
2331 391
2332 447
2333 430
2334 310
2335 344
2336 305
2337 223
2338 339
2339 381
2340 42
2341 0
2342 417
2343 73
2344 247
2345 185
2346 348
2347 417
2348 85
2349 35
2350 209
2351 261
2352 295
2353 45
2354 236
2355 262
2356 386
2357 322
2358 258
2359 95
2360 369
2361 366
2362 358
2363 338
2364 254
2365 335
2366 439
2367 242
2368 0
2369 68
2370 372
2371 458
2372 241
2373 23
2374 410
2375 315
2376 349
2377 254
2378 199
2379 251
2380 211
2382 184
2383 178
2384 104
2385 32
2386 288
2387 377
2388 430
2389 285
2390 70
2391 391
2392 364
2393 99
2394 472
2395 414
2396 44
2398 31
2399 446
2400 200
2401 414
2403 459
2404 418
2405 266
2406 72
2407 221
2408 292
2410 1
2411 164
2412 83
2413 127
2414 192
2415 111
2416 52
2417 174
2418 300
2419 105
2420 68
2421 87
2422 76
2423 138
2424 322
2425 16
2426 26
2427 27
2428 451
2429 287
2430 374
2431 98
2432 51
2433 122
2434 4
2435 382
2436 462
2437 119
2438 364
2439 90
2440 265
2441 466
2442 89
2443 137
2444 95
2445 0
2446 200
2447 223
2448 264
2449 367
2450 375
2451 491
2452 164
2453 421
2454 132
2455 33
2456 424
2457 147
2458 162
2459 482
2460 135
2461 494
2462 19
2463 480
2464 154
2465 343
2466 194
2467 46
2468 44
2469 133
2470 256
2471 124
2472 158
2473 27
2474 419
2475 473
2476 440
2477 340
2478 113
2479 235
2480 15
2481 477
2482 378
2483 420
2484 85
2485 114
2486 460
2487 328
2488 432
2489 454
2490 274
2491 229
2492 91
2493 139
2494 257
2495 214
2496 27
2497 107
2498 471
2499 473
2500 426
2501 72
2503 266
2504 289
2505 314
2506 98
2507 275
2508 378
2509 447
2510 90
2511 353
2512 313
2513 408
2514 369
2515 209
2516 379
2517 113
2518 157
2519 91
2520 395
2521 303
2522 205
2523 76
2524 286
2525 311
2526 121
2527 108
2528 319
2529 430
2530 19
2531 233
2532 462
2533 343
2534 160
2535 15
2536 324
2537 144
2538 245
2539 136
2540 120
2541 470
2542 169
2543 256
2544 493
2545 230
2546 149
2547 168
2548 140
2549 275
2550 337
2551 98
2552 302
2553 447
2554 191
2555 458
2556 112
2557 485
2558 338
2559 340
2560 192
2561 140
2562 315
2563 90
2564 36
2565 306
2566 138
2567 173
2568 9
2569 158
2570 208
2571 311
2572 129
2573 30
2574 16
2575 187
2576 39
2577 487
2578 171
2579 141
2580 35
2581 433
2582 240
2583 479
2584 296
2585 427
2586 330
2587 157
2588 58
2589 285
2590 47
2591 221
2592 175
2593 240
2595 98
2596 68
2597 233
2598 200
2599 367
2600 421
2601 433
2602 395
2603 360
2604 184
2605 170
2606 336
2608 221
2609 21
2610 36
2611 82
2612 431
2613 10
2614 160
2615 111
2616 302
2617 198
2618 95
2619 122
2620 430
2621 21
2622 233
2623 75
2624 388
2625 97
2626 14
2627 286
2628 32
2629 85
2630 126
2631 109
2632 237
2633 302
2634 148
2635 24
2636 250
2637 44
2638 60
2639 200
2640 118
2641 0
2642 223
2643 126
2644 394
2645 75
2646 439
2647 315
2648 441
2649 300
2650 336
2651 378
2652 12
2653 402
2654 18
2655 410
2656 32
2657 409
2658 323
2659 133
2660 247
2661 420
2662 68
2663 430
2665 249
2666 102
2667 123
2668 258
2669 4
2670 49
2671 243
2672 261
2673 58
2674 262
2675 307
2676 266
2677 170
2678 63
2679 40
2680 132
2681 183
2682 455
2683 253
2684 113
2685 493
2686 266
2687 445
2688 142
2689 257
2690 375
2691 475
2692 284
2693 239
2694 411
2695 297
2696 330
2697 255
2698 1
2699 347
2700 57
2701 34
2702 131
2703 54
2704 384
2705 37
2706 12
2707 27
2708 10
2709 128
2710 273
2711 492
2712 355
2713 220
2714 12
2715 298
2717 128
2718 283
2719 112
2720 147
2721 100
2722 126
2723 382
2724 276
2725 174
2727 294
2728 123
2729 284
2730 378
2731 288
2732 364
2733 324
2734 149
2735 207
2736 4
2737 266
2738 172
2739 262
2740 350
2741 257
2742 104
2743 107
2744 276
2745 374
2746 162
2747 442
2748 355
2749 305
2750 40
2751 220
2752 386
2753 333
2754 133
2755 3
2756 498
2757 323
2758 96
2759 414
2760 92
2761 342
2762 94
2763 349
2764 96
2765 330
2766 362
2767 381
2768 448
2769 4
2770 486
2771 121
2773 28
2774 47
2775 22
2776 66
2777 47
2778 398
2779 470
2780 266
2781 92
2782 159
2783 52
2784 85
2785 191
2786 2
2787 39
2788 328
2789 185
2790 440
2791 469
2792 106
2793 399
2794 470
2795 225
2796 250
2797 428
2798 208
2799 405
2800 377
2801 86
2802 103
2803 6
2804 225
2805 140
2806 365
2807 67
2808 19
2809 168
2810 494
2811 278
2812 279
2813 257
2814 103
2815 66
2816 179
2817 19
2818 86
2819 472
2820 185
2821 440
2822 346
2823 358
2824 114
2826 358
2827 63
2828 479
2829 492
2830 185
2831 63
2832 342
2833 100
2834 217
2835 235
2836 423
2837 284
2838 253
2839 311
2840 171
2841 144
2842 56
2843 34
2844 288
2845 128
2846 120
2847 84
2848 316
2849 430
2850 348
2851 44
2852 311
2853 137
2854 2
2855 218
2856 25
2857 57
2858 246
2859 136
2860 24
2861 27
2862 12
2863 276
2864 338
2865 98
2866 65
2867 282
2868 320
2869 318
2870 334
2871 460
2872 2
2873 109
2874 283
2875 134
2876 311
2877 120
2878 315
2879 28
2880 98
2881 94
2882 340
2883 30
2884 476
2885 342
2886 87
2887 146
2888 274
2889 270
2890 242
2891 276
2892 354
2893 168
2894 200
2895 90
2896 124
2897 248
2898 477
2899 94
2900 214
2901 378
2902 491
2903 102
2904 482
2905 426
2906 39
2907 190
2908 61
2909 328
2910 282
2911 35
2912 423
2913 290
2914 233
2915 26
2916 432
2917 281
2918 303
2919 133
2920 194
2921 15
2922 389
2923 384
2924 448
2925 418
2926 454
2927 470
2928 453
2929 430
2930 215
2931 221
2932 227
2933 290
2934 156
2935 117
2936 451
2937 30
2938 433
2939 309
2940 225
2941 42
2942 333
2943 351
2944 402
2945 350
2946 488
2947 382
2948 260
2949 29
2950 410
2951 443
2952 86
2953 403
2954 290
2955 169
2956 58
2957 122
2958 47
2960 491
2961 306
2962 310
2963 264
2964 177
2965 317
2966 40
2967 97
2968 122
2969 153
2970 334
2971 234
2972 253
2973 144
2974 474
2975 114
2976 59
2977 30
2978 133
2979 159
2980 249
2981 83
2982 337
2983 4
2984 268
2985 240
2986 351
2987 74
2988 109
2989 22
2990 101
2991 391
2992 157
2993 273
2994 3
2995 480
2996 51
2997 118
2998 390
2999 89
3000 48
3001 218
3002 378
3003 447
3004 244
3005 438
3006 54
3007 480
3009 94
3010 218
3011 180
3012 221
3013 432
3014 157
3015 142
3016 302
3017 19
3018 201
3019 420
3020 401
3021 441
3022 275
3023 386
3024 17
3025 299
3027 153
3028 39
3029 111
3030 49
3031 332
3032 224
3033 0
3034 66
3035 303
3036 99
3037 414
3038 232
3039 143
3040 372
3041 116
3042 174
3043 19
3044 51
3045 409
3046 215
3047 452
3048 213
3049 358
3050 317
3051 224
3052 109
3053 333
3054 223
3055 15
3056 326
3057 347
3058 358
3059 207
3060 368
3062 154
3063 298
3064 205
3065 188
3066 337
3067 252
3068 324
3069 465
3070 455
3071 99
3072 37
3073 162
3074 302
3075 58
3076 428
3077 107
3078 383
3079 98
3080 372
3081 18
3082 216
3083 157
3084 408
3085 322
3087 203
3088 162
3089 223
3090 485
3091 15
3092 434
3093 21
3094 424
3095 320
3096 437
3097 264
3098 357
3099 82
3100 90
3101 89
3102 134
3103 157
3104 18
3105 171
3106 91
3107 138
3108 31
3109 480
3110 337
3111 58
3112 51
3113 135
3114 253
3115 355
3116 228
3117 161
3118 441
3119 395
3120 315
3121 497
3122 204
3123 418
3124 45
3125 253
3126 71
3127 345
3128 369
3129 458
3130 307
3131 205
3132 138
3133 466
3134 136
3135 93
3136 161
3137 80
3138 260
3139 366
3140 471
3141 162
3142 386
3143 182
3144 245
3145 13
3146 137
3147 26
3148 265
3149 211
3150 376
3151 82
3152 174
3153 408
3154 347
3155 333
3156 180
3157 188
3158 361
3159 8
3160 92
3161 235
3162 302
3163 155
3164 133
3165 63
3166 325
3167 400
3168 104
3169 315
3170 239
3171 304
3172 23
3173 29
3174 230
3175 79
3176 319
3177 343
3178 38
3179 388
3180 400
3181 94
3182 133
3183 200
3184 376
3185 404
3186 57
3187 352
3188 94
3189 4
3190 438
3191 275
3192 352
3194 169
3195 277
3196 213
3197 214
3198 194
3199 490
3200 40
3201 472
3202 109
3203 326
3204 454
3205 120
3206 358
3207 407
3208 351
3209 461
3210 13
3211 450
3212 151
3213 33
3214 376
3215 440
3216 477
3217 313
3218 326
3219 371
3220 176
3222 326
3223 279
3224 375
3225 88
3226 235
3227 438
3228 420
3229 426
3230 121
3231 37
3232 325
3233 67
3234 27
3235 210
3236 86
3237 494
3238 266
3239 61
3240 107
3241 120
3242 298
3243 388
3244 44
3245 388
3246 339
3247 168
3248 260
3249 89
3250 463
3252 98
3253 290
3254 172
3255 275
3256 405
3257 337
3258 342
3259 338
3260 494
3261 406
3262 154
3263 182
3264 494
3265 199
3267 280
3268 381
3269 482
3270 474
3271 243
3272 307
3273 282
3274 408
3276 239
3277 115
3278 346
3279 114
3280 479
3281 169
3282 475
3283 431
3284 174
3285 34
3286 261
3287 222
3288 9
3289 202
3290 102
3291 257
3292 76
3293 345
3294 245
3295 184
3296 431
3297 420
3298 438
3299 390
3300 171
3301 25
3302 420
3303 133
3304 385
3305 49
3306 102
3307 489
3308 393
3309 16
3310 362
3311 159
3312 24
3313 101
3314 232
3315 126
3316 342
3317 133
3318 164
3319 186
3320 340
3321 58
3322 421
3323 36
3324 493
3325 2
3326 133
3327 426
3328 5
3329 119
3330 255
3331 92
3332 207
3333 68
3334 402
3335 226
3336 448
3338 377
3339 277
3340 7
3341 294
3342 359
3343 127
3344 170
3345 456
3346 131
3347 449
3348 471
3349 220
3350 174
3351 215
3352 345
3353 43
3354 455
3356 332
3357 195
3358 440
3359 192
3360 212
3361 284
3362 236
3363 184
3364 23
3365 228
3366 77
3367 408
3368 377
3369 326
3370 435
3371 119
3372 15
3373 329
3374 108
3375 100
3376 69
3377 3
3378 439
3379 335
3380 84
3381 37
3382 481
3383 72
3385 132
3386 243
3387 430
3388 488
3389 180
3390 340
3391 275
3392 150
3393 137
3394 192
3395 245
3396 342
3397 116
3398 414
3399 252
3400 343
3401 274
3402 18
3403 251
3405 68
3406 459
3407 425
3408 420
3409 325
3410 376
3411 426
3412 155
3413 497
3414 424
3415 213
3416 399
3417 223
3418 11
3419 403
3420 34
3421 460
3422 157
3423 209
3424 415
3425 115
3426 402
3427 11
3428 429
3429 418
3430 193
3431 68
3432 266
3433 235
3434 14
3435 186
3436 238
3437 358
3438 68
3439 90
3440 372
3441 90
3442 87
3443 53
3444 185
3445 52
3446 245
3447 368
3448 97
3449 126
3450 455
3451 233
3452 469
3454 319
3455 262
3456 369
3457 268
3458 176
3459 74
3460 27
3461 366
3462 81
3463 273
3464 457
3465 453
3466 171
3467 206
3468 490
3470 22
3471 102
3472 388
3473 388
3474 185
3475 268
3476 61
3477 137
3478 160
3479 2
3480 88
3481 343
3482 307
3483 162
3484 53
3485 83
3486 160
3488 142
3489 90
3490 130
3491 387
3493 473
3494 180
3495 262
3496 171
3497 152
3498 266
3499 30
3500 446
3501 129
3502 351
3503 223
3504 63
3505 444
3506 424
3507 311
3508 169
3509 222
3510 386
3511 420
3512 355
3513 122
3514 345
3515 43
3516 10
3517 148
3519 184
3520 162
3521 468
3522 42
3523 274
3525 279
3526 374
3527 310
3528 369
3529 132
3530 135
3531 40
3532 304
3533 306
3534 458
3535 47
3536 52
3537 441
3538 359
3539 304
3540 306
3541 131
3542 14
3543 384
3545 33
3546 446
3547 136
3548 340
3549 385
3550 50
3551 463
3552 177
3553 366
3554 260
3555 450
3556 75
3557 204
3558 176
3559 293
3560 410
3561 42
3562 109
3563 154
3564 372
3565 315
3566 93
3567 5
3568 210
3569 425
3570 235
3571 148
3572 316
3573 441
3575 314
3576 447
3577 1
3578 268
3579 469
3580 365
3581 415
3582 81
3583 372
3584 219
3585 423
3586 352
3587 371
3588 407
3589 150
3590 103
3591 259
3592 235
3593 333
3594 453
3595 8
3596 130
3597 491
3598 196
3599 492
3600 284
3601 306
3602 201
3603 328
3604 479
3605 137
3606 49
3607 107
3608 328
3609 220
3610 497
3611 114
3612 143
3613 248
3614 366
3615 29
3616 68
3617 194
3618 87
3619 156
3620 32
3621 282
3622 356
3623 344
3624 156
3625 360
3626 106
3627 433
3628 2
3629 457
3630 3
3631 304
3632 317
3633 77
3634 13
3636 303
3637 443
3638 72
3639 202
3640 294
3641 491
3642 371
3644 351
3645 449
3646 474
3647 164
3648 375
3649 101
3650 473
3651 310
3652 347
3653 333
3654 229
3655 105
3656 24
3657 60
3658 206
3659 60
3660 74
3661 206
3662 499
3663 40
3664 448
3665 276
3666 128
3667 102
3668 286
3669 248
3670 174
3671 166
3672 75
3673 56
3674 322
3675 292
3676 448
3677 69
3678 140
3679 122
3680 37
3681 171
3682 38
3683 79
3684 202
3685 367
3686 128
3688 33
3689 136
3690 332
3691 224
3692 118
3693 219
3694 364
3695 0
3696 430
3697 417
3698 71
3699 138
3700 56
3701 359
3702 350
3703 107
3704 195
3705 147
3706 345
3707 129
3708 286
3709 429
3710 404
3711 332
3712 326
3713 81
3714 194
3715 320
3716 31
3717 451
3719 174
3720 61
3721 415
3722 19
3723 447
3724 205
3725 451
3726 401
3727 184
3728 23
3729 15
3730 326
3731 156
3732 95
3733 285
3734 113
3735 320
3736 434
3737 68
3738 459
3739 16
3740 24
3741 393
3742 492
3743 160
3744 235
3745 243
3746 352
3747 211
3748 293
3749 250
3750 227
3751 270
3752 191
3753 491
3754 290
3755 93
3756 378
3757 131
3758 56
3759 16
3760 228
3761 140
3762 383
3763 5
3764 471
3765 201
3766 196
3767 33
3768 3
3769 47
3770 140
3771 480
3772 8
3773 445
3774 390
3775 194
3776 150
3777 220
3778 137
3779 301
3780 491
3781 277
3782 414
3783 278
3784 363
3785 128
3786 471
3787 291
3788 322
3789 235
3790 381
3791 388
3792 456
3793 27
3794 351
3795 277
3796 360
3797 48
3798 459
3799 345
3800 330
3801 486
3802 149
3803 440
3804 462
3805 412
3806 404
3807 344
3808 444
3809 37
3811 3
3812 24
3813 352
3814 124
3815 121
3816 394
3817 474
3818 333
3819 57
3820 82
3821 187
3822 425
3823 255
3824 404
3825 91
3826 378
3827 256
3828 273
3829 94
3830 128
3831 272
3832 342
3833 418
3834 25
3836 122
3837 336
3838 380
3839 369
3840 223
3841 323
3842 284
3843 55
3844 328
3845 17
3846 433
3847 402
3848 368
3849 140
3850 317
3851 175
3852 268
3853 44
3854 432
3855 446
3856 85
3857 0
3858 140
3859 90
3860 365
3861 443
3862 262
3863 399
3864 44
3865 227
3866 299
3867 366
3868 104
3869 369
3870 88
3871 260
3872 253
3873 321
3874 478
3875 177
3876 490
3877 318
3878 266
3879 212
3880 66
3881 396
3882 168
3883 472
3884 486
3885 169
3886 15
3887 206
3888 176
3889 203
3890 282
3891 233
3892 64
3893 417
3894 330
3895 388
3896 261
3897 358
3898 351
3899 17
3901 370
3902 298
3904 487
3905 193
3906 377
3907 398
3908 130
3909 407
3910 260
3911 360
3912 200
3913 114
3914 162
3915 159
3916 115
3917 95
3918 240
3919 162
3920 378
3921 275
3922 203
3923 402
3924 274
3925 298
3926 262
3927 274
3928 243
3929 388
3930 36
3931 269
3932 343
3933 319
3934 348
3935 342
3936 420
3938 154
3939 268
3940 128
3941 432
3943 8
3944 217
3945 266
3946 354
3947 167
3948 247
3949 188
3950 290
3951 156
3952 231
3953 142
3954 87
3955 264
3956 445
3957 376
3958 302
3959 60
3960 409
3961 195
3962 122
3963 242
3964 248
3965 196
3966 3
3967 8
3968 456
3969 382
3970 170
3971 35
3972 61
3973 32
3974 263
3975 0
3976 91
3977 291
3978 162
3979 216
3980 400
3981 58
3982 119
3983 96
3984 482
3985 70
3986 460
3987 348
3988 405
3989 372
3990 4
3991 411
3992 185
3993 340
3994 134
3995 461
3996 400
3997 454
3998 392
3999 184
4000 252
4001 248
4002 202
4003 395
4004 410
4005 135
4006 115
4007 155
4008 394
4009 227
4010 47
4011 362
4012 198
4013 217
4014 424
4015 345
4016 460
4017 16
4018 141
4019 440
4020 312
4021 375
4022 35
4023 295
4024 98
4025 75
4026 261
4027 147
4028 337
4029 144
4030 492
4031 325
4032 491
4033 446
4034 473
4035 303
4036 82
4037 360
4038 62
4039 258
4040 169
4041 207
4042 6
4043 25
4044 326
4045 84
4046 486
4047 140
4048 482
4049 340
4050 157
4051 445
4052 246
4053 310
4054 17
4055 39
4056 445
4057 138
4058 231
4059 166
4060 200
4061 76
4062 437
4063 345
4064 414
4065 17
4066 149
4067 61
4068 498
4069 395
4070 444
4071 15
4072 100
4073 264
4074 185
4075 200
4076 271
4077 6
4078 187
4079 361
4080 254
4081 126
4082 261
4083 233
4084 89
4085 76
4086 217
4087 184
4088 242
4089 360
4090 284
4091 237
4092 471
4093 489
4094 331
4095 271
4096 236
4097 65
4098 24
4100 249
4101 363
4102 374
4104 51
4105 151
4106 51
4107 242
4108 468
4109 257
4110 31
4111 365
4112 434
4113 249
4114 192
4115 52
4116 227
4117 386
4118 453
4119 236
4120 88
4121 189
4122 392
4123 459
4124 199
4125 414
4126 131
4127 157
4128 355
4129 110
4130 15
4131 107
4132 203
4133 431
4134 350
4135 211
4137 146
4138 275
4139 327
4140 88
4141 32
4142 210
4143 257
4144 255
4145 388
4146 249
4147 58
4148 66
4149 411
4150 229
4151 42
4152 388
4153 177
4154 435
4155 122
4156 200
4157 286
4158 399
4159 377
4160 481
4161 137
4162 294
4163 464
4164 465
4165 455
4166 101
4167 104
4168 120
4169 279
4170 202
4171 439
4172 16
4173 433
4174 135
4175 318
4176 126
4177 218
4178 302
4179 261
4180 398
4181 432
4182 217
4183 238
4184 388
4185 87
4186 270
4187 348
4188 296
4189 94
4190 18
4191 6
4192 328
4193 212
4194 91
4195 16
4196 182
4197 388
4198 302
4199 266
4200 370
4201 204
4202 487
4203 265
4204 175
4205 338
4206 420
4207 114
4208 301
4209 48
4210 475
4211 254
4212 27
4213 29
4214 114
4215 399
4216 497
4218 326
4219 377
4220 359
4221 211
4222 329
4223 474
4224 15
4225 204
4226 413
4227 427
4228 54
4229 451
4230 249
4231 404
4232 128
4233 236
4234 344
4235 145
4236 268
4237 69
4238 168
4239 150
4240 265
4241 216
4242 147
4243 323
4244 364
4245 286
4246 34
4247 198
4248 9
4249 100
4250 8
4251 297
4252 445
4253 104
4254 195
4255 435
4256 381
4257 399
4258 259
4259 216
4260 276
4261 345
4263 238
4264 220
4266 232
4267 261
4268 331
4269 204
4270 25
4272 48
4273 199
4274 379
4275 57
4276 485
4277 343
4278 4
4279 410
4280 327
4281 329
4282 181
4283 87
4284 149
4285 359
4286 82
4287 489
4288 421
4289 303
4290 11
4291 112
4292 10
4293 245
4294 279
4295 365
4296 148
4297 481
4298 467
4299 302
4300 211
4301 214
4302 352
4303 382
4304 473
4305 195
4306 232
4307 294
4308 113
4309 82
4310 410
4311 462
4312 341
4313 268
4314 286
4315 430
4316 426
4317 54
4318 18
4319 97
4320 89
4321 344
4322 6
4323 223
4324 399
4325 58
4326 462
4327 480
4328 75
4329 481
4330 26
4331 2
4332 338
4333 303
4334 497
4335 68
4336 497
4337 107
4338 303
4339 54
4340 311
4341 113
4342 134
4343 459
4344 365
4345 196
4346 133
4347 352
4348 98
4349 487
4350 35
4351 492
4352 223
4353 413
4354 465
4355 264
4356 491
4357 65
4358 33
4359 61
4360 15
4361 40
4362 138
4363 206
4364 405
4365 480
4366 315
4367 280
4369 280
4370 344
4371 49
4372 64
4373 425
4374 59
4375 414
4376 6
4377 89
4378 298
4379 250
4380 22
4381 328
4382 287
4383 329
4384 135
4385 0
4386 349
4387 194
4388 456
4390 425
4391 266
4392 61
4393 68
4394 27
4395 298
4396 177
4397 337
4398 420
4399 275
4400 426
4401 86
4402 486
4403 313
4404 303
4405 160
4406 497
4407 385
4408 473
4409 444
4410 424
4411 239
4412 41
4413 302
4415 268
4416 225
4417 68
4418 378
4420 180
4421 293
4422 467
4423 192
4424 121
4425 187
4426 328
4428 69
4429 51
4430 29
4431 283
4432 220
4433 201
4434 426
4435 338
4436 365
4437 349
4439 90
4440 426
4441 402
4442 337
4443 408
4444 347
4445 473
4446 107
4447 318
4448 21
4449 103
4451 372
4452 195
4453 261
4454 346
4455 269
4456 39
4457 384
4458 231
4459 213
4460 252
4461 139
4462 175
4463 188
4464 341
4465 248
4466 107
4467 471
4468 434
4469 445
4470 425
4471 305
4472 27
4473 487
4474 161
4475 9
4476 387
4477 168
4479 227
4480 198
4481 384
4482 145
4483 467
4484 439
4485 230
4486 91
4487 464
4488 444
4489 35
4490 352
4491 305
4492 82
4493 417
4494 27
4495 31
4496 272
4497 330
4498 97
4499 282
4500 288
4501 82
4502 331
4503 499
4504 87
4505 86
4506 381
4507 279
4508 279
4509 483
4510 343
4511 156
4512 262
4513 203
4514 55
4515 467
4516 258
4517 27
4518 443
4519 177
4520 346
4521 72
4522 237
4523 72
4524 342
4525 465
4526 487
4527 386
4528 399
4529 388
4530 480
4531 275
4532 61
4533 82
4534 119
4535 61
4536 176
4537 335
4538 213
4539 333
4540 230
4541 65
4542 279
4543 264
4544 72
4545 47
4546 72
4547 414
4548 235
4550 269
4551 379
4552 252
4553 293
4554 99
4555 395
4556 179
4557 109
4558 414
4559 277
4560 32
4561 294
4562 387
4563 321
4564 405
4565 430
4566 14
4567 285
4568 414
4569 40
4571 425
4572 38
4573 223
4574 417
4575 51
4576 284
4577 213
4578 280
4579 75
4580 274
4581 390
4582 172
4583 85
4584 0
4585 7
4586 102
4587 492
4588 364
4589 30
4590 367
4591 395
4592 102
4593 241
4594 228
4595 350
4596 162
4598 77
4600 268
4601 448
4602 69
4603 275
4604 29
4605 48
4606 343
4607 443
4608 9
4609 34
4610 368
4611 290
4612 221
4613 404
4614 435
4615 118
4616 393
4617 491
4618 464
4619 105
4620 273
4621 31
4622 426
4623 46
4624 256
4625 345
4626 159
4627 156
4628 179
4629 369
4630 72
4631 409
4632 300
4633 366
4634 417
4635 130
4636 50
4637 487
4638 82
4639 9
4640 436
4641 351
4642 109
4643 411
4644 343
4645 379
4646 119
4647 94
4648 313
4649 235
4650 58
4651 88
4652 278
4653 291
4654 440
4655 305
4656 35
4657 221
4658 324
4659 85
4660 239
4661 386
4662 219
4663 105
4664 184
4665 166
4666 268
4667 248
4668 13
4669 97
4670 125
4671 342
4672 351
4673 181
4674 485
4675 62
4676 414
4677 463
4678 428
4679 363
4680 309
4681 355
4682 10
4683 53
4684 470
4685 251
4686 10
4687 2
4688 175
4689 310
4690 150
4691 120
4692 182
4693 210
4694 259
4695 372
4696 330
4697 381
4698 99
4699 402
4700 85
4701 178
4702 156
4703 144
4704 74
4705 83
4706 123
4707 128
4708 176
4709 77
4710 132
4711 313
4712 55
4713 104
4714 291
4715 44
4716 173
4717 124
4718 174
4719 3
4720 279
4721 499
4722 461
4723 24
4724 378
4725 130
4726 55
4727 193
4728 45
4729 489
4730 340
4731 138
4732 411
4733 413
4734 79
4735 62
4737 199
4738 107
4739 35
4740 395
4741 232
4742 173
4744 157
4745 133
4746 402
4748 251
4749 6
4750 89
4751 61
4752 226
4753 328
4754 42
4755 377
4756 132
4757 144
4759 317
4760 147
4761 453
4762 386
4763 0
4764 410
4765 241
4766 171
4767 414
4768 232
4769 49
4770 114
4771 459
4772 162
4773 41
4774 415
4775 105
4776 412
4777 348
4778 302
4779 196
4780 11
4781 370
4782 150
4783 132
4784 270
4785 328
4786 112
4787 66
4788 248
4789 482
4790 205
4791 454
4792 427
4793 380
4794 469
4795 283
4796 282
4797 138
4798 350
4799 247
4800 283
4801 201
4802 426
4803 55
4804 189
4805 122
4806 402
4807 322
4808 103
4809 18
4810 30
4811 81
4812 80
4813 211
4814 214
4815 312
4816 153
4817 426
4818 37
4820 367
4821 197
4822 96
4823 254
4824 420
4825 66
4826 461
4827 184
4828 226
4829 154
4830 140
4831 35
4832 82
4833 292
4834 231
4835 306
4836 152
4837 93
4839 179
4840 400
4841 29
4842 425
4843 95
4844 260
4845 288
4846 81
4847 80
4848 284
4849 0
4850 137
4851 112
4852 67
4853 125
4854 72
4855 309
4856 447
4857 29
4858 14
4859 269
4860 68
4861 233
4862 296
4863 317
4864 376
4865 309
4866 36
4867 490
4868 469
4869 187
4870 269
4871 15
4872 134
4873 371
4875 106
4876 65
4877 431
4878 72
4879 46
4880 157
4881 485
4882 36
4883 40
4884 389
4885 482
4886 240
4887 131
4888 9
4889 304
4890 130
4891 311
4892 54
4893 410
4894 80
4895 174
4896 187
4897 135
4898 482
4899 392
4900 401
4901 101
4903 180
4904 367
4905 388
4906 395
4907 429
4908 283
4909 376
4910 400
4911 189
4913 260
4914 304
4915 305
4916 385
4917 284
4918 105
4919 53
4921 384
4922 0
4923 273
4924 168
4925 147
4926 334
4928 69
4929 209
4931 333
4932 331
4933 51
4934 237
4935 26
4936 225
4937 110
4938 120
4939 441
4940 75
4941 196
4942 245
4944 18
4945 431
4946 155
4947 483
4948 0
4949 94
4950 132
4951 67
4952 139
4953 316
4954 434
4955 57
4956 385
4957 261
4958 133
4959 302
4960 86
4961 128
4962 274
4963 18
4964 121
4965 206
4966 332
4967 30
4968 285
4969 189
4970 328
4971 311
4972 9
4973 105
4974 275
4975 459
4976 308
4977 38
4978 27
4979 394
4980 6
4981 235
4982 227
4983 154
4984 228
4985 234
4986 350
4987 71
4988 191
4989 85
4990 131
4991 19
4992 333
4993 327
4994 69
4995 66
4996 93
4997 145
4998 301
4999 433
5000 433
5001 433
5002 442
5003 496
5004 469
5005 119
5006 119
5007 23
5008 95
5009 104
5010 104
5011 53
5012 35
5013 35
5014 376
5015 376
5016 340
5017 340
5018 307
5019 397
5020 56
5021 271
5022 5
5023 319
5024 337
5025 337
5026 438
5027 438
5028 447
5029 447
5030 187
5031 268
5032 268
5033 369
5034 369
5035 441
5036 441
5037 172
5038 414
5039 414
5040 414
5042 109
5043 64
5044 16
5045 16
5046 384
5047 366
5048 61
5049 61
5050 333
5051 333
5052 216
5053 19
5054 497
5055 497
5056 255
5057 129
5058 291
5059 291
5060 177
5061 392
5062 392
5063 446
5064 428
5065 195
5066 195
5067 99
5068 126
5070 162
5071 162
5072 362
5073 263
5074 434
5075 371
5076 179
5077 484
5078 0
5079 0
5080 0
5081 227
5082 227
5083 478
5084 128
5085 128
5086 445
5087 472
5088 472
5089 131
5090 131
5091 59
5092 41
5093 53
5094 340
5095 340
5096 116
5097 385
5098 14
5099 489
5100 483
5101 151
5102 429
5103 468
5104 414
5105 414
5106 414
5107 100
5108 55
5110 49
5111 49
5112 130
5113 130
5114 345
5115 345
5116 13
5117 435
5118 318
5119 357
5120 249
5121 249
5122 267
5123 351
5124 351
5125 243
5126 243
5127 165
5128 186
5129 482
5130 482
5131 132
5132 132
5133 428
5134 123
5135 431
5136 45
5137 485
5138 485
5139 144
5140 467
5141 27
5142 27
5143 449
5144 18
5145 425
5146 425
5147 84
5148 434
5149 299
5150 30
5151 30
5152 371
5153 347
5154 302
5155 302
5156 302
5157 329
5158 284
5159 284
5160 188
5161 188
5162 224
5163 278
5164 92
5165 200
5166 200
5167 236
5168 427
5169 364
5170 364
5171 346
5172 376
5173 376
5174 430
5175 430
5177 340
5178 71
5179 370
5180 370
5181 361
5182 2
5183 2
5184 211
5185 211
5186 283
5187 124
5188 133
5189 133
5190 133
5191 214
5192 456
5193 477
5194 387
5195 118
5196 109
5197 109
5198 82
5199 82
5201 381
5202 381
5203 40
5204 40
5205 390
5206 336
5207 76
5208 79
5209 88
5210 88
5211 70
5212 276
5213 276
5214 34
5215 34
5216 225
5217 306
5218 207
5219 279
5220 279
5221 255
5222 201
5223 201
5224 60
5225 213
5226 473
5227 473
5228 428
5229 123
5230 231
5231 332
5232 332
5233 341
5234 341
5235 171
5236 171
5237 36
5238 36
5239 350
5240 434
5241 434
5242 416
5243 42
5244 42
5245 338
5246 338
5247 6
5248 6
5249 248
5250 248
5251 314
5252 188
5253 188
5254 143
5255 215
5256 233
5257 233
5258 278
5259 305
5260 101
5261 254
5262 155
5263 478
5264 110
5265 415
5266 409
5267 409
5268 185
5269 185
5270 499
5271 364
5272 364
5273 32
5274 32
5275 382
5276 140
5277 140
5278 113
5279 403
5280 8
5281 448
5282 448
5283 11
5284 262
5285 262
5286 298
5287 298
5288 38
5289 184
5290 184
5291 498
5292 328
5293 328
5294 229
5295 423
5296 85
5297 85
5298 58
5299 58
5300 94
5301 94
5302 471
5303 471
5304 336
5305 453
5306 453
5307 157
5308 157
5309 417
5310 417
5311 318
5312 402
5313 402
5314 330
5315 330
5316 261
5317 261
5318 488
5319 443
5320 443
5321 237
5322 60
5323 105
5324 114
5325 114
5326 332
5327 332
5328 395
5329 395
5330 54
5331 54
5332 377
5333 377
5334 27
5335 27
5336 36
5337 36
5338 458
5339 371
5340 230
5341 248
5342 248
5343 287
5344 161
5345 161
5346 251
5347 305
5348 101
5349 451
5350 119
5351 119
5352 131
5353 131
5354 418
5355 77
5356 59
5357 53
5358 367
5359 367
5360 403
5361 8
5362 295
5363 226
5364 253
5365 271
5366 5
5367 256
5368 492
5369 492
5370 214
5371 465
5372 115
5373 115
5374 163
5375 46
5376 145
5377 408
5378 408
5379 40
5380 40
5381 121
5382 121
5383 309
5384 312
5385 393
5386 411
5387 258
5388 330
5389 330
5390 225
5391 342
5392 342
5393 342
5394 270
5395 228
5396 264
5397 264
5398 443
5399 443
5400 219
5401 237
5402 192
5403 192
5404 273
5405 273
5406 437
5407 392
5408 392
5409 159
5410 159
5411 419
5412 428
5413 45
5414 395
5415 395
5416 458
5417 314
