137 507 639 1074 1343 2167 2341 2368 2445 3674 3877 3878
146 837 2071 2077 2085 2410 3598 3779 3780
218 630 941 1215 2872 3057 3308 3309
771 851 981 1035 1771 1799 2381 2755 3842 3843
433 1031 1515 2434 3127 3128
818 966 1458 1494 3058 3313 3723 3724
1166 1318 2803 3860
101 766 1965 2387
200 672 1311 1440 1661 2098 2189 2885 3505 3506
173 547 1142 1295
209 865 1687 1823
182 349 2312
191 1753 2090 2869 3218 3425
1063 2096 2281 3129
542 1504 1898 2202 2626 3323
83 681 699 1277 1671 2397 2480 2535 2921
496 549 790 963 1017 1073 1334 2574
469 895 999 1582
155 2654 3643 3832
478 1714 2404 2462 2685
799 831 2422 3528 3720
245 1825 2609 2889 3645 3837
451 939 1102 1427 1886 2244 2775 2888 2989 3764 3765
110 729 2373 2817 3015 3265
460 1170 1913 2635 2786 2854 3439
119 1451 2067 2856 3592
216 779 1097 1441 1487 1745 2188 2552 2633 3282 3284
406 868 1025 1728 2427 2473 2496 2707 2861
1052 1354 1578 3153 3376 3600 3601
487 604 675 791 1145 1204 1798
236 470 878 1050 1200 1468 2883
93 1658 2612 3135 3355
436 490 569 598 721 2502 2628 2741
95 1010 1404 2260 2455 2804 2940 3442 3443 3661 3662
445 620 859 950 2261 2701 2843
1109 1272 1306 1410 1792 2038 2339 2349 2580 2911
391 607 705 734 1208 1304 2610 3210
472 505 642 880 1342 1524 2705
131 984 1547 2121 3051
410 427 2370 2576 2787 2906 3431 3432 3656 3657
463 1783 2140 2315 2679 3125
122 704 1094
194 723 1325 1537 1772 1868 3433 3434 3659 3660
61 1298 1729 1785 1897
409 919 2228 2468 2637 2851
418 1093 2353 3193 3817
77 2467 3338
628 839 1437 1445 1804 2032 2590 2777
627 698 862 3214 3644 3835
185 529 656 670 956 1551 1900
499 1240 1849
158 1072 1315 1565 1766 1944 2017 2068 2218 2276 2307 2432 2996 3853 3854 3855
167 229 2464 3771
50 260 632 1713 1916 2463 2995 3502 3503
946 1936 2703 3404 3820
400 717 1020 1474 1616
1552 2110 2831 3714
251 373 668 1056 1617 2129 2303 2857 2960
32 906 1108 1128 1328 1471 1538 2311 2588 2673 2956 3117 3118 3119 3348 3349 3567 3568 3569 3570
41 364 476 1214 1923 3025 3696 3697
68 2127 3799
382 1226 1294 1629 1928 2179 2608 3596
212 481 1750 1881 3033
454 1001 1721 2133 2678 3632
140 1158 1679 2135 2232 3560
113 1733 2007 2795 2866 3310
149 713 1493 1716 2776 2815
548 744 1111
273 355 1019 1039 1622 2369 2507 2662 3027 3275 3699 3700
394 747 849 3631
53 633 786 812 1740 2390 3356 3357
367 1444 2025 2920 3296
555 583 776 1526 1589 2019 2317 2501 3199 3200 3824 3825
1931 2343 3111 3754
608 1027 1067 1161 2987 3301
35 663 932 1630 2623 3428 3654 3655
606 1363 1414 1925 2711
8 650 741 1012 1169 1776 2931
635 905 910 2197
44 128 1891 1915 2525
17 579 696 1229 1960 3511
33 358 1257 1443 1604 2033 3409 3410 3636 3637
430 594 644 730 781 1021 1206 1252 1316 1394 1569 1580 1642 2321 2611 3102 3103 3104
26 1986 3004
125 514 2847 3845
304 1339 1719 1734
1442 2698 2801 2952 3489
340 593 2062 2421 2886 2909 3174 3175 3801 3802
421 1110 1372 1384 3582
80 1187 1667 2158 2812 3039
89 651 719 821 1815 2510 2563 2895 3814 3815
1082 1618 2351 2519 3339 3340 3558 3559
295 2760 2781 3467 3678
448 856 1055 1096 3219 3649
601 621 1241 1466 1867 2881 2899 3121 3122 3572 3573
116 690 1233 2344 2618 2660 3479 3480
439 617 977 2253 2758 2764 3176 3177 3387 3388
412 1652 1717 1767 2625
98 1764 2152 2551 2595 2880 3294 3295 3516 3517 3710 3711
71 538 732 3633 3816
34 107 715 838 2833
313 953 1472 2990
385 740 1499 1951 3220 3426 3650 3651
322 1349 2802 3580
11 503 782 908 986 1296 1831 2742 3686 3687
307 1210 1943 2419 3180 3628 3807 3808
1243 2792 2955 3739
66 659 1225 2743
397 970 1130 1866 2245
965 1536 2873 3101 3557 3753
262 1718 2257 3011 3682
1579 2415 2615
370 844 869 948 1284 1890 2290 2442 2928 2999
710 1143 1763 1921 2036 2103 2478 2517
343 550 677 1544 1711 2055 2059 2173 2485 2975
38 1144 2221 2229 2285 2287 3328 3329
213 379 1612 2008 2288 3291 3514 3515
352 437 2388 3641 3830
1251 2640 2997 3094 3750
244 1250 1503 1778 1779 1870 3261 3262
226 545 927 976 2143 2145 2976
253 521 891 1112 1244 1314 3352 3353
325 1032 1567 1668 1857 1874 2148 2619 2936 2957 2968 3484 3485 3486
361 739 1488 1570 2667 2728 3396 3630
20 2414 2471 3738
798 1030 3036
2 803 944 1164 2001 2263 2722 3205 3411 3412
235 2256 2413 3095
289 1173 1482 1519 1967 2709 2717 2845
1201 2058 2572 3795
65 866 1013 1126 1462 1632 1982
271 441 592 1405 2150 2702 3688 3689
280 870 1046 1599 2680 3624 3625 3805 3806
846 1563 1568 3076
319 982 1600 1816 1820 2661 2875 3035
597 1426 1981 2236 2460 2558
193 1529 2539 2859 3556
265 836 934 1091 1159 2169 2443 2664 3676 3677
301 509 899 903 961 1172 1299 1379 1383 1416 1723 2278 3161 3162 3163 3609 3610 3611
480 2258 2279 2493 2716
748 847 990 1739 1828 2533 2548 3499 3702 3703
256 520 610 1532 3179
337 1535 2688
211 834 916 2211
62 283 2537 2973 3826
292 752 1065 1268 1439 3112 3113
498 917 2383 2887
166 1862 2457 2720 3157 3604
247 561 662 1085 2634 3763
1079 1308 1522 2668 3501
14 1062 1089 1269
328 676 952 3324 3541 3736
1003 1303 2168 2241 3231 3864
220 1207 1880 2327 3203
501 1114 1382 1610 1650 1673 2986
202 1775 2262 2293 2638
915 1186 2934 3158 3789
772 1153 2518 2587 3133 3134
277 1078
72 474 556 1029 1975 2060 2166 2191
483 902 1185 1280 1506 1623 1953 2092 2534 2614 3081 3740 3741 3742
641 805 978 1005 1429 2005 2761 2799 3461 3462 3871 3872
612 1401 1606 1701
151 1678 1974 2323 3335
223 987 997 1041 1340 1699 2411 2452 3257 3258
250 544 591 1011 1704 3384
55 232 3728
259 3024 3490
438 584 894 1036 1228 1341 1840 1995 2119 2337 2431 2642
124 638 2542 3743
447 684 743 796 1018 1137 1175 2605 2677 3233 3234
133 810 2840
106 943 1470 1651 1848 2118 2205 3087 3088
1681 2204 2567 3002
214 758 1038 1190 2190 2725 3155 3156 3787 3788
420 875 2592 3726
652 1147
1227 1480 1545 1876 2791 2964
169 3549
178 637 854 897 2081 2816 3229 3230 3669 3670
456 1177 1323 1423 1864 2101
792 960 2056 2252 3334 3745
115 2047 2125 3003 3250
187 1619 2681 3607
686 1100 1292 1659 1832 1879 3314 3315
241 867 881 1271 1336 1992 2345 2789 2830 3269 3270
614 962 1149 1279 1352 1420 1747
176 369 2185
901 1068 1174 1188 1449 1662 3865 3866
181 623 873 2938 3365
163 788 817 1695 2024 3341
477 660 1942 2149 2785 3251 3468 3469
172 429 661 1335 1516 2299 3168
387 3533
46 225 532 1448 1637 2302 3018 3487 3488 3690 3691
459 1648 1854 3397
664 1053 1392 1555 1863 2308 2340 2941 3330 3331
118 1933 3239 3673
756 1390 1425 2617 3374
127 807 1155 1364 1528 1691
136 983 1023 1518 2030 2194 2400 2446 2598 2639 2894
175 1103 1113 1421 1485 1788 1838 2561 3169 3170 3171
208 615
1438 1773 1784 3862
286 414 512 1217 1502 1885 2255 2492 3810 3811
100 709 806 1602 1941 2091 2306 2356 2522
215 450 735 1317 1489 2319 3463 3464
671 914 1386 1584 1930 3371
109 824 1124 1850 2570 2798
82 923 2350 3249
199 495 829 1827 1912 2066 2213 2334 2420 2596 3796 3797
91 996 1768 2102 3061 3062 3318
190 669 1479 1955
396 3172 3619 3800
820 2495 2900 3327
405 1495 1706 1819 2214 2516 2930 3235 3236 3457 3868 3869
64 1086 1376
378 417 2000 2298 2364 2377 2409 2834
73 872 951 992 2051 2113 3000 3001
160 486 1381 1456 3798
145 1338 2751 3538
154 784 860 936 1182 1593 1724 2407 2591 3445 3446
685 1066 1991 3173 3620
426 1168 1253 2184 2809 3542
2153 2275 3240
85 680 1230 3147 3597
58 467 539 888 1597 1999 2520 3303 3304
408 1132 1605 1814 2172 2250 2564 2932 3246 3247
67 863 1129 1572 1660 2170 3380 3381 3790 3791
751 2491 3735
139 338 763 2146 2223 2545 3851 3852
300 3185 3812
381 1463 1525 2251 3543
40 1395 1754 2155 2531 2597 2908 2914 3241 3242 3874 3875
354 1741 2923 2971 3154
1047 1165 1248 1677 2280 2479 2835
49 1154 1770 2305 3685
471 2506 2632 2779 3166 3385 3615 3616
130 1048 1457 3071
336 560 625 1533 1937 2107 2182 2292 2693
974 1238 1309 1424 1738 1761 1826 2433
345 3550
1367 2040 2367 2890 3672 3873
557 995 2026 2273
453 658 1939 2543 3052
75 148 1400 1577 1774 2012 3259 3260 3474 3475
462 2858
121 1209 1813 1877 3067
157 855 1060 1224 3861
22 736 882 1107 1573 2094 2665 2980 3772 3773
189 363 1590 2441 2796 3737
435 2379
31 565 1022 1135 2737 3782
444 1347 2274 2683 2838 2972 3053 3305 3306 3718 3719
86 1517 1803 2154 2937 3252 3471
1751 1938 2697 3608
76 314 1685 1929 3316
112 647 930 1255 1289 1331 1357 1700 1835 2494 2689 2813 3435 3436 3437
682 775 1871 1949 2358 2636 3590 3591
94 318 857 1355
327 534 691 692 1195 2948 3454 3455
16 482 840 2670 3377 3783
357 1106 1694 1736 1822 2739 3049 3050 3520 3521 3715 3716
1924 2084 2200 3838
312 1004 1245 2448 2963
7 1486 1624 2193 2231 2440
348 403 578 631 724 1184 1686 1894 1962 1963 2163 2405 2406 2503 2676 2686 2780
393 531 3361 3774
79 570 725 1365 1697 1707 3084
402 1500
88 2016 2974
294 3529
288 303 774 841 2183 3647 3839 3840
375 654 727 1162 1675 1800 2269 2710 2993 3618
411 558 1151 1242 1540 1702 1794 1802 2061 2490 3321 3729 3730 3731
70 323 666 1189 1313 1664 2088 2549 2820 3227 3228 3447 3448 3449 3665 3666 3667
384 590 789 1287 1559 1843 2086 2206 2724 2744 2949 3139 3140 3141 3358 3360 3586 3587 3588 3589
43 309 889 1099 3539
52 2246 2811 3466 3876
180 249 3152
276 1415 1497 1614 1834 2123 2329 2721 3312 3530 3531
1045 1377 2111
285 1625 2006 2867 3378 3786
267 1465 1855 1918 2718 2874 3063 3064
785 1087 1123 1434 1501 1543 2692 2729
25 2389 2589
973 2524 2627
366 616 815 1138 1583 2429 3237 3238 3459 3460
1134 1378 1917 2139 2192 2386 2731 2826 3372
240 432 765 1371 1680 1926 2217 2504
321 1461 1973 2011 2913 2933 2954 3429 3430
749 1222 1256 1972 1998 2224 2226 2521 2918 3164 3165 3612 3613 3614
10 864 1513 1765 2270 2408 3065 3066 3319 3320
1356 1780 2283
1171 1223 1613 2727 3583
306 649 3286 3707
37 424 2053 2227 3243 3465
688 1735 2695 3781
333 609 728 800 922 998 1755 2031 2233 2569 2715 3522 3523 3524
1 3652
342 523 577 904 1655 2418 3123 3124 3756 3757
47 207 274 2126 3534 3725
517 750 1007 1417 1446 1811 1987 2054 2210 3663 3664
264 425 1910
324 1560 1574 2560 2750 3510
297 1043 1274 1455 1511 1514 2336 2749 3245
198 1247 2565 2961 3366 3778
551 1856 1892 2029 3048 3518
252 258 2917 3653
1952 2108 2939
184 1359 2359 2962
19 554 588 835 1399 1460 1712 2171 2839 2852 2876
28 2325 3136
234 843 2097 2267 2512
1431
525 994 1635 1888 2105 2652 2862 3603 3784 3785
315 1122 1197 1858 2237 2848 3721 3722
282 284 600 2284
174 243 1633 2687 3581 3767
488 674 845 2156 2528 3532
92 147 947 968 2320 2868 3224 3225
497 1070 3146 3364
183 701 1290 1312 2357 2424 3046 3298 3712 3713
156 1585 2164 3419 3642
255 2536 2584 2733
228 720 1049 1084 3307
1033 1131 1213 1258 1968 3427 3846 3847
461 1083 1133 2235
833 945 980 1235 1548 1644 1669 1869 3068 3069 3536 3537 3732 3733 3734
170 1198 1727 3226
129 543 1160 1737 1906 2586 3144 3145 3362 3363 3775 3776
479 1510 1562 2769
452 822 1101 1121 1220 1626 1797 3403
138 1586 2772 2942 3367
97 210 275 310 334 886 2870 2970 3055 3056
219 386 1601 1726 2128 2300 2430
1002 1564 1645 1996 2825 3351 3760 3761
1081 1148 1301 1385 1757 2157
165 320 714 1571 2240 2268 2282 2363 3441 3856 3857
237 596 1104 1212 2272 2338 3593 3594
246 326 1698 2187 2882 3038 3705 3706
192 1237 1275 1330 1374 1628 2109 2314 2762 3196 3197 3198
201 602 778 877 1014 1403 1647 1715 2124 2832 3148 3149 3368 3369 3370
689 816 940 1061 1851
60 563 2335 3216 3423 3841
186 742 2723 3577 3762
575 2035 2822
222 1034 2979
87 524 582 2346 2850 3137 3768 3769
535 2078 2376 2763 3281 3507
96 1980 2945 3417 3831
580 1069 1286 2672 3375
168 1391 2178 2538 3526
13 177 874 2511 3424 3648
383 754 1530 2892 3575
392 1064 2621 2748 3030 3704
464 3658 3850
150 761 933
473 657 755 975 1203 1430 1656 2844 3508 3509
159 1507 3206 3413 3640
132 567 629 3346
141 619 1793
446 1554 3215 3836
1432 2010 3579
105 1016 1505 1809 2438 2732
455 492 767 890 1566 2806 3451 3452
428 2361 3777
114 852 1407 1447 2449 2599 3031 3032 3277 3278
123 510
195 500 693 892 1817 1989 2360 2514 3332 3333
204 876 988 1422 1837 2073
401 1587
540 574 694
69 795 3698
78 120 648 1322 1777 2550 2745 3858 3859
861 2450 2690
231 643 1302 1345 3504
332 1119 1320 1408 1464 1732 1842 3405 3406 3822 3823
431 522 655 768 827 896 1264 1369 1542 1663 1790 1940 2482 3562 3563
404 3302 3717
90 1348
63 533 2028 3574
99 2435 2947 3496 3701
511 913 1117 1140 2099 3621 3622
45 508 1496 2041 2484 2704 3584 3585
395 1120 2489 3045
54 989 1307 1319 1594 1657 1893 2161 2355 2671 2674 2752 3190 3191 3192
1722 1829 2147 2631 2988 3748
422 745 2624 3299
171 1015 1889 2234 2922 3420 3833 3834
377 1191 1221 1265 3576
413 793 928 972 1040 1263 1520 1782 1947 2331 2391 2513 2991
513 530 700 893 1026 1181 1769 2959
485 1845 3770
144 559 568 634 842 1059 1730 1748 2072 2362 2644
81 196 900 2159 2602 2604 3194 3195 3818 3819
494 706 1509 1853 1956 2020 3105 3106
611 733 964 1262 1406 1684 2065
153 227 1634 2080 2778
126 1368 1762
162 819 1180 1285 1291 1346 1553 1743 1758 1919 2087 2461 2896 3272 3491 3492 3493 3494 3692 3693 3694 3695
1904 1977 2753 3398
27 907 1672 1676 1966 2195 2653 2944
368 1467 1875 3279
440 808 828 1261 1473 1483 1550 2643 3186 3187
36 848 1194 1534 3107 3345
770 957 1115 2174 2657 3013 3014 3683 3684
449
135 1993 2606 3120 3571
108 562 626 1157 1297 2044 2316 3021
458 760 1118 1428 2115 2374 2950 3183 3184
1475 1476 2694
350 1847 2015 2239 2738 3043 3044 3292 3293 3708 3709
9 104 1997 2141
780 813 885 1028 1351 1459 1592 1666 1882 2004 2304 2395 2401 2759 2823 3096 3097 3098
18 3263
346 389 457 697 2807 2855 3221 3222 3848 3849
695 1156 1674 1976 2342
362 783 1139 1561 1608 2925 3022 3023
57 678 1000 1581 1689 1693 2402 2483 2726 3077 3078
263 268 712 1490 2266
272 573 2324 3821
344 935 2093 2398 2912 3099 3100 3751 3752
931 1024 1396 1688 2220 2719 3472 3473 3679 3680
317 967 1640 3844
353 541 1077 1080 1409 1609 1796 1922 2014 2259 2508 2905 3114 3115 3116 3564 3565 3566
12 764 1639 2585
718 722 3181 3809
84 1818 3079 3548
434 937 942 1199 2529 2620 2846 2849
665 738 2666 3813
102 516 858 969 1760 1852 2027 2488 2916 3091 3092 3553 3554 3555
299 564 2601 3248
640 853 2074 2162
335 536 1373 2310 2783 3354
308 1366 3266 3478
380 879 2002
330 416 636 1202 1332 1389 1477 1641 3325 3544
679 1044 1125 1232 2540 2646 3041 3042
4 281 572 1305 1985 2009 2476 2788 2821 3207 3827 3828
290 581 832 1682 1744 1756 2122 2648 3085 3086
30 2318 2747
142 371 871 1042 1419 1643 1654 1902 2106 2951 3382 3383
39 1508 2579 3766
111 589 787 3481
398 1971 2399 3392 3627
537 708 958 2332 2547 2553 3546
753 918 1105 1387 1402 1833 2198 2768 3287 3288
15 23 1531 1844 1887 1901 2076 2271 3211 3212 3414 3415
356 746 1690
230 291 585 622 1984 2428 2650 3009 3010 3476 3477
42 1231 3160
51 759 1008 1098 1116 1546 1653 1789 1810 2142 2486 2871 3130 3131 3132
257 1219 1621 2248 2372 3029 3497 3498
24 415 884 1071 1239 1413 2682 2773 2879 3393 3394
938 1278 1884 2083 2459 3744
576 716 726 1558 1873 2132 3289 3290 3512 3513
347 2371 3416
518 1914 1978 2136 2403 3749
6 419 1300 3012
221 502 1638 2393 3792
248 921 1709
351 423 2265
3 955 1370 2354 3391
261 2505 3082
203 850 2309 3870
164 794 2021 3202
1326 1598 1631
1344 1899 1907 1957 2286 2965 3005 3006 3253 3254
586 1095 1824 1895 2131 2541 2794 2878 2927 3793 3794
293 1983 2003 2042 2045 2498 3758 3759
365 673 887 1205 1310 1759 2277 3016 3017 3482
254 266 823 1805 2499 3623 3803 3804
239 802 1273 1398
566 2075 2691 3456
493 2365 2884 3829
179 1934 2079 2249 2898 3336 3337 3551 3552 3746 3747
152 993 1453 1620 1627 2291 3007 3008 3255 3256
188 571 1236 1950 2134 2583
645 883 959
269 552 1720 3028
475 971 1576 1596 1692 2904 3389 3390
484 2472 3540
757 2425 3232 3671 3867
143 528 1076 1178 1360 1969 2557 3407 3408 3635
653 1270 1329 3755
466 1259 1436
287 2946 3379
161 3070
242 278 801 814 1193 1478 1670 2207
925 1075 1218 1254 1959 1979 1994 2022 2186 2451 2765 2902 3399
1946 2057 2116 3072
504 1088 2100 3453 3668 3863
206 667 683 911 1878 2095 2165 2863 2943 3638 3639
233 1948 2294
296 1183 1665 3681
527 804 1267 1321 1491 2130 2385 2607 3605 3606
305 1469 2756 3535 3727
0 465
21 224 331 1333 2818
1865 2046 2474
