218 630 941 1215 2872 3057 3308 3309
433 1031 1515 2434 3127 3128
1166 1318 2803 3860
200 672 1311 1440 1661 2098 2189 2885 3505 3506
191 1753 2090 2869 3218 3425
1063 2096 2281 3129
542 1504 1898 2202 2626 3323
469 895 999 1582
155 2654 3643 3832
245 1825 2609 2889 3645 3837
451 939 1102 1427 1886 2244 2775 2888 2989 3764 3765
110 729 2373 2817 3015 3265
460 1170 1913 2635 2786 2854 3439
406 868 1025 1728 2427 2473 2496 2707 2861
487 604 675 791 1145 1204 1798
236 470 878 1050 1200 1468 2883
445 620 859 950 2261 2701 2843
391 607 705 734 1208 1304 2610 3210
472 505 642 880 1342 1524 2705
410 427 2370 2576 2787 2906 3431 3432 3656 3657
463 1783 2140 2315 2679 3125
122 704 1094
194 723 1325 1537 1772 1868 3433 3434 3659 3660
418 1093 2353 3193 3817
627 698 862 3214 3644 3835
185 529 656 670 956 1551 1900
499 1240 1849
158 1072 1315 1565 1766 1944 2017 2068 2218 2276 2307 2432 2996 3853 3854 3855
400 717 1020 1474 1616
1552 2110 2831 3714
41 364 476 1214 1923 3025 3696 3697
382 1226 1294 1629 1928 2179 2608 3596
212 481 1750 1881 3033
454 1001 1721 2133 2678 3632
548 744 1111
394 747 849 3631
53 633 786 812 1740 2390 3356 3357
608 1027 1067 1161 2987 3301
35 663 932 1630 2623 3428 3654 3655
606 1363 1414 1925 2711
635 905 910 2197
26 1986 3004
80 1187 1667 2158 2812 3039
448 856 1055 1096 3219 3649
601 621 1241 1466 1867 2881 2899 3121 3122 3572 3573
116 690 1233 2344 2618 2660 3479 3480
412 1652 1717 1767 2625
98 1764 2152 2551 2595 2880 3294 3295 3516 3517 3710 3711
313 953 1472 2990
322 1349 2802 3580
11 503 782 908 986 1296 1831 2742 3686 3687
1243 2792 2955 3739
262 1718 2257 3011 3682
710 1143 1763 1921 2036 2103 2478 2517
213 379 1612 2008 2288 3291 3514 3515
1251 2640 2997 3094 3750
361 739 1488 1570 2667 2728 3396 3630
798 1030 3036
2 803 944 1164 2001 2263 2722 3205 3411 3412
235 2256 2413 3095
65 866 1013 1126 1462 1632 1982
846 1563 1568 3076
193 1529 2539 2859 3556
265 836 934 1091 1159 2169 2443 2664 3676 3677
301 509 899 903 961 1172 1299 1379 1383 1416 1723 2278 3161 3162 3163 3609 3610 3611
256 520 610 1532 3179
62 283 2537 2973 3826
498 917 2383 2887
166 1862 2457 2720 3157 3604
247 561 662 1085 2634 3763
1079 1308 1522 2668 3501
641 805 978 1005 1429 2005 2761 2799 3461 3462 3871 3872
223 987 997 1041 1340 1699 2411 2452 3257 3258
250 544 591 1011 1704 3384
259 3024 3490
447 684 743 796 1018 1137 1175 2605 2677 3233 3234
133 810 2840
106 943 1470 1651 1848 2118 2205 3087 3088
1681 2204 2567 3002
214 758 1038 1190 2190 2725 3155 3156 3787 3788
420 875 2592 3726
1227 1480 1545 1876 2791 2964
178 637 854 897 2081 2816 3229 3230 3669 3670
792 960 2056 2252 3334 3745
115 2047 2125 3003 3250
686 1100 1292 1659 1832 1879 3314 3315
241 867 881 1271 1336 1992 2345 2789 2830 3269 3270
614 962 1149 1279 1352 1420 1747
176 369 2185
181 623 873 2938 3365
163 788 817 1695 2024 3341
172 429 661 1335 1516 2299 3168
118 1933 3239 3673
756 1390 1425 2617 3374
127 807 1155 1364 1528 1691
175 1103 1113 1421 1485 1788 1838 2561 3169 3170 3171
215 450 735 1317 1489 2319 3463 3464
109 824 1124 1850 2570 2798
82 923 2350 3249
405 1495 1706 1819 2214 2516 2930 3235 3236 3457 3868 3869
64 1086 1376
73 872 951 992 2051 2113 3000 3001
160 486 1381 1456 3798
145 1338 2751 3538
85 680 1230 3147 3597
58 467 539 888 1597 1999 2520 3303 3304
408 1132 1605 1814 2172 2250 2564 2932 3246 3247
67 863 1129 1572 1660 2170 3380 3381 3790 3791
751 2491 3735
40 1395 1754 2155 2531 2597 2908 2914 3241 3242 3874 3875
354 1741 2923 2971 3154
49 1154 1770 2305 3685
336 560 625 1533 1937 2107 2182 2292 2693
75 148 1400 1577 1774 2012 3259 3260 3474 3475
157 855 1060 1224 3861
22 736 882 1107 1573 2094 2665 2980 3772 3773
435 2379
31 565 1022 1135 2737 3782
444 1347 2274 2683 2838 2972 3053 3305 3306 3718 3719
86 1517 1803 2154 2937 3252 3471
1751 1938 2697 3608
94 318 857 1355
327 534 691 692 1195 2948 3454 3455
393 531 3361 3774
79 570 725 1365 1697 1707 3084
402 1500
294 3529
288 303 774 841 2183 3647 3839 3840
375 654 727 1162 1675 1800 2269 2710 2993 3618
70 323 666 1189 1313 1664 2088 2549 2820 3227 3228 3447 3448 3449 3665 3666 3667
43 309 889 1099 3539
52 2246 2811 3466 3876
180 249 3152
276 1415 1497 1614 1834 2123 2329 2721 3312 3530 3531
285 1625 2006 2867 3378 3786
785 1087 1123 1434 1501 1543 2692 2729
25 2389 2589
973 2524 2627
1356 1780 2283
306 649 3286 3707
688 1735 2695 3781
333 609 728 800 922 998 1755 2031 2233 2569 2715 3522 3523 3524
1 3652
342 523 577 904 1655 2418 3123 3124 3756 3757
47 207 274 2126 3534 3725
517 750 1007 1417 1446 1811 1987 2054 2210 3663 3664
264 425 1910
324 1560 1574 2560 2750 3510
297 1043 1274 1455 1511 1514 2336 2749 3245
252 258 2917 3653
1952 2108 2939
184 1359 2359 2962
28 2325 3136
174 243 1633 2687 3581 3767
488 674 845 2156 2528 3532
92 147 947 968 2320 2868 3224 3225
183 701 1290 1312 2357 2424 3046 3298 3712 3713
255 2536 2584 2733
228 720 1049 1084 3307
1033 1131 1213 1258 1968 3427 3846 3847
461 1083 1133 2235
170 1198 1727 3226
138 1586 2772 2942 3367
219 386 1601 1726 2128 2300 2430
1081 1148 1301 1385 1757 2157
237 596 1104 1212 2272 2338 3593 3594
201 602 778 877 1014 1403 1647 1715 2124 2832 3148 3149 3368 3369 3370
60 563 2335 3216 3423 3841
222 1034 2979
87 524 582 2346 2850 3137 3768 3769
535 2078 2376 2763 3281 3507
96 1980 2945 3417 3831
580 1069 1286 2672 3375
464 3658 3850
150 761 933
159 1507 3206 3413 3640
141 619 1793
455 492 767 890 1566 2806 3451 3452
114 852 1407 1447 2449 2599 3031 3032 3277 3278
123 510
195 500 693 892 1817 1989 2360 2514 3332 3333
401 1587
69 795 3698
431 522 655 768 827 896 1264 1369 1542 1663 1790 1940 2482 3562 3563
404 3302 3717
63 533 2028 3574
99 2435 2947 3496 3701
511 913 1117 1140 2099 3621 3622
395 1120 2489 3045
54 989 1307 1319 1594 1657 1893 2161 2355 2671 2674 2752 3190 3191 3192
422 745 2624 3299
171 1015 1889 2234 2922 3420 3833 3834
377 1191 1221 1265 3576
513 530 700 893 1026 1181 1769 2959
485 1845 3770
144 559 568 634 842 1059 1730 1748 2072 2362 2644
81 196 900 2159 2602 2604 3194 3195 3818 3819
494 706 1509 1853 1956 2020 3105 3106
153 227 1634 2080 2778
162 819 1180 1285 1291 1346 1553 1743 1758 1919 2087 2461 2896 3272 3491 3492 3493 3494 3692 3693 3694 3695
1904 1977 2753 3398
27 907 1672 1676 1966 2195 2653 2944
36 848 1194 1534 3107 3345
770 957 1115 2174 2657 3013 3014 3683 3684
449
108 562 626 1157 1297 2044 2316 3021
1475 1476 2694
350 1847 2015 2239 2738 3043 3044 3292 3293 3708 3709
9 104 1997 2141
780 813 885 1028 1351 1459 1592 1666 1882 2004 2304 2395 2401 2759 2823 3096 3097 3098
18 3263
362 783 1139 1561 1608 2925 3022 3023
263 268 712 1490 2266
317 967 1640 3844
353 541 1077 1080 1409 1609 1796 1922 2014 2259 2508 2905 3114 3115 3116 3564 3565 3566
12 764 1639 2585
718 722 3181 3809
84 1818 3079 3548
434 937 942 1199 2529 2620 2846 2849
335 536 1373 2310 2783 3354
380 879 2002
679 1044 1125 1232 2540 2646 3041 3042
30 2318 2747
398 1971 2399 3392 3627
753 918 1105 1387 1402 1833 2198 2768 3287 3288
230 291 585 622 1984 2428 2650 3009 3010 3476 3477
938 1278 1884 2083 2459 3744
347 2371 3416
6 419 1300 3012
261 2505 3082
164 794 2021 3202
1326 1598 1631
1344 1899 1907 1957 2286 2965 3005 3006 3253 3254
293 1983 2003 2042 2045 2498 3758 3759
365 673 887 1205 1310 1759 2277 3016 3017 3482
254 266 823 1805 2499 3623 3803 3804
566 2075 2691 3456
645 883 959
269 552 1720 3028
475 971 1576 1596 1692 2904 3389 3390
484 2472 3540
143 528 1076 1178 1360 1969 2557 3407 3408 3635
466 1259 1436
287 2946 3379
161 3070
925 1075 1218 1254 1959 1979 1994 2022 2186 2451 2765 2902 3399
233 1948 2294
527 804 1267 1321 1491 2130 2385 2607 3605 3606
0 465
1865 2046 2474
