2010, 6150, 7373, 9121, 9421, 9665, 9696, 10005, 10261
827, 843, 4477, 5315, 7076, 7241, 7243, 11001, 12641
3015, 3438, 3996, 5010, 5038, 6797, 8303, 10089, 10728, 10897, 12925, 13000
7097, 10867, 12369
1043, 2658, 4251, 5389, 7033, 10923, 11421
7404, 7405, 7406, 9247
428, 910, 1466, 12263, 12992
2223, 3848, 4247, 5966, 6013, 6565, 8688, 9249, 9574
1153, 1380, 2164, 2406, 9042, 11967
2463, 5726, 7293, 9277
938, 2471, 2827, 3169, 3812, 5989, 6257, 10201, 11670, 12041, 12218, 12816
179, 1287, 1370, 2583, 4093, 4193, 5714, 5872, 6085, 9136, 12330
514, 1496, 1737, 2802, 5408, 5558, 6499, 8482, 9429, 12374
782, 2468, 4130, 4488, 5615, 6397, 9388, 10760, 12796
245, 1108, 1520, 2069, 4989, 5803, 5905, 6058, 7276, 8218, 9577, 9904
1303, 1928, 2289, 3540, 7169, 7274, 7332, 9160, 10752, 10940, 11501, 12096
210, 585, 2078, 2511, 2819, 3586, 3657, 3952, 3994, 6227, 8785, 8906
883, 8359, 8972, 11761
880, 3216, 5796, 7384, 7482, 7729, 10285
97, 489, 687, 4462, 7383, 9093, 9182, 9469, 9735, 10199, 10673, 10933
1434, 8204
1137, 1786, 2423, 2430, 3774, 5881, 6679, 8147, 8420, 9204, 9228, 9658
5539
3818, 7048, 11289
1067, 1978, 2302, 2878, 4662, 5649, 7759, 8094, 8407, 11791, 12499, 13122
2708, 3467, 4496, 5126, 7164, 7733
2223, 3848, 4247, 5966, 6013, 6565, 9249, 9574
326, 1062, 3848, 5966, 6013, 6565, 8688, 8689, 8690, 9574
2874, 4473, 4490, 12854
7976, 8107, 9591
1256, 2094, 2742, 2900, 4325, 6275, 6612, 7024, 7303, 7435, 7785, 9736
4732, 5661, 5953, 8801
2824, 10675
40, 2951, 3662, 4449, 6155, 6878, 8612, 8747, 9082, 9344, 9386, 9881
2875, 3351, 4495, 4667, 7654, 11464, 12639
315, 1656, 2172, 2194, 2247, 2360, 2803, 3206, 3230, 3811, 4599, 5122
970, 2163, 2723, 5309, 5809, 9116, 10871, 11185
2840, 12830
766, 2167, 2429, 3023, 5006, 7588, 8210, 8238, 8607, 10967, 11523, 12089
10723, 11387
1637, 8681, 9330, 11988, 12080
1467, 1810, 3360, 3369, 4468, 4642, 6304, 6524, 7531, 7851, 9908, 10107
2978, 3189, 3773, 4393, 11588, 12138, 12547
1989, 1990, 2865, 4601, 4602, 7058, 11671
3102, 3537, 9221
6727, 8705, 11436
2866, 4902, 5008, 5140, 8864, 9278
396, 3055, 4703, 9660, 10025, 10027
3373, 5499, 6523, 9566, 9754, 9756, 10286, 10982, 11515
398, 794, 1407, 7598, 8253, 9687, 10619, 12391
91, 723, 2858, 3699, 3948, 4315, 6165, 6309, 10447, 10944, 12217, 13299
1121, 6655, 12023
2448, 2662, 2704, 9769, 9770, 11909
5444, 7431, 8733, 9580
630, 2126, 6076, 8734
775, 776, 2521, 7201, 8234, 9051, 9131, 10164, 10209, 11359, 11483, 12084
60, 1155, 1489, 1748, 2090, 3708, 4089, 4478, 10175, 10520, 11365, 11952
247, 2516, 2948, 3643, 5853, 7763, 9310, 9858, 11096, 11189, 12655
5159, 5754, 5882, 12062
2319, 7009, 7374, 7397, 9878, 9998, 12697, 12936, 13286
637, 1930, 5247, 5344, 6448
580, 2982, 8792, 11140
938, 1028, 2471, 3169, 3886, 5989, 7019, 8956, 12041, 12218, 12776, 12816
149, 2737, 4410, 7271, 11272
6634, 9579
1756, 3809, 5218, 6655, 6869, 8171, 10849, 13354, 13355, 13391, 13413, 13416
5034, 5035, 5695, 7327, 9323, 9699, 13023
1385, 1983, 2719, 3200, 4245, 7390, 7981, 10113, 10467, 11012, 11341, 13284
5641, 8044, 8045, 8227, 9289, 9541, 9558, 9559, 9560, 9561, 9576, 9859
1910, 2023, 2236, 2750, 6127, 8595, 10007, 11073, 11677, 11723, 12913, 13261
1256, 2094, 2742, 2900, 4325, 6275, 6612, 7023, 7024, 7435, 9736, 10958
2986, 10892
949, 3697, 11238, 11604, 13098
39, 3284, 3871, 4054, 4507, 4999, 5654, 9553, 12107, 12557, 13225
4765, 5050, 10058, 11313, 12361
1800, 1801, 2083, 4967, 8467, 10988
248, 6624, 7972, 10654, 12496
564, 770, 2488, 3072, 3689, 5560, 5821, 12860, 13332
1614, 1615, 3305, 3511, 10260
2476, 3755, 4619, 4903, 8435
718, 4666, 5637, 5802, 11389, 11631
755, 756, 4938, 5851, 8591, 8850, 9755, 11287
1123, 1757, 2348, 2431, 7491, 8742, 10682
2619, 6380, 7533, 8037, 8770, 9932
541, 3561, 4517, 5931, 6242, 7092, 8326, 13125
452, 895, 2550, 2745, 3227, 3508, 3830, 5325, 7060, 8121, 9166, 10301
795, 1906, 4182, 7748, 12343
1799, 2620, 4108, 8057, 8882, 9452, 10511
634, 1517, 1717, 2310, 2359, 2492, 2505, 2804, 2867, 2870, 6489, 7162
6833, 9802, 10289, 11112, 11265
694, 1491, 6623, 9245, 11803
1582, 5216, 6050, 6115, 7399, 7968, 9521
837, 2433, 5384, 9962, 10567
4135, 6428, 7710, 9153, 10098, 10137, 10293, 12899, 13082
6760, 9031, 10884, 11192
408, 653, 1949, 2389, 4460, 4582, 5976, 6022, 10325, 11969, 12090, 12095
1557, 3800, 4379, 6196, 9102, 10388, 11330, 11699, 12072, 12589
47, 97, 616, 1169, 1761, 8350, 9093, 10014, 10199, 10595, 11037, 13191
1218, 3650, 4821, 5924, 5992, 6477, 8019, 8687
983, 3761, 3965, 4385, 5703, 5716, 6762, 6986, 8029, 8384, 8535, 12757
3105, 8131, 10830
1303, 2427, 3540, 4557, 5690, 7156, 7169, 7274, 7332, 7661, 8018, 10752
922, 1240, 5936, 6218, 11846
2047, 3981, 5920, 6246, 7149, 10150
2576, 7395, 7396, 7527, 7528, 8769, 9115, 9119
2886, 4652, 5079, 11085, 11712
385, 1821, 2252, 2931, 2998, 3570, 3814, 7870, 7989, 10023, 12252, 12286
371, 3968, 4630, 5374, 7774
3000, 11689
1293, 5197, 5875, 10782, 10783, 11650, 11815
229, 2728, 6787, 8539, 12208, 13249
626, 6897, 8308, 8329, 10739
210, 585, 2078, 2511, 3586, 3657, 3952, 3994, 4629, 4940, 12799, 13290
2862, 2977, 3587, 4045, 5091, 5213, 6605, 8211, 10011, 10846, 11629
8045, 8227, 9289, 9541, 9558, 9559, 9560, 9561, 9576, 9859
267, 12144
1067, 1978, 2878, 4264, 4708, 5733, 6344, 7071, 9086, 11610, 12455, 13122
618, 824, 911, 965, 1118, 5131, 5937, 6290, 7838, 8035, 10045, 11646
6603, 10235, 11114
5771, 8441, 13162
1422, 2022, 2203, 2597, 2659, 7896, 9174, 9489
6292, 8846, 8847, 11630, 12297
802, 803, 804, 806, 807, 4091, 4232, 4446, 4592, 6688, 8368, 11415
852, 2332, 5970, 7363, 7418, 7513, 9121, 9287, 9860, 10565, 11719
238, 948, 1686, 4268, 4365, 5415, 6958, 8538, 9256, 9601, 10679, 10773
2857, 3455, 7821, 9202
879, 1487, 1728, 2615, 12594
3057, 11202
4807, 8193, 10259
9537
880, 1044, 3216, 5796, 7384, 7482, 7729, 10285
179, 1287, 2583, 2604, 4093, 4193, 6085, 7265, 7820, 8001, 11068
2094, 2742, 2900, 4325, 7303, 7785, 9736
1068, 1605, 2644, 11543
4210, 6464
162, 1282, 1330, 2710, 3193, 3799, 4105, 5819, 7376, 7545, 7600, 10949
1404, 2945, 4011, 9406, 10541, 11131, 13128
3286, 3873, 6976, 7625, 12768, 13017
229, 2105, 2728, 3740, 7057, 8539, 12208, 13249
4625, 5980, 6233, 13376, 13377, 13378, 13408, 13409, 13410
2721, 5463, 6384, 7013, 7971, 8632, 9254, 10819, 13031
5094, 7517, 8759, 12724
286, 9237, 9475
3913, 6627, 8153, 9043
2553, 2554, 3136, 3137, 3519, 5886, 5887, 7921, 10255, 12320, 12505
70, 190, 605, 2973, 2974, 3335, 3336, 3591, 5138, 5592, 5761, 8844
179, 1287, 1370, 2583, 4093, 4193, 5714, 5872, 6085, 6307, 7265
1689, 1860, 2155, 2413, 4192, 6043, 8453, 10369, 12353
690, 7998, 8859, 10993
2456, 3364, 6487, 6754, 6923, 7136, 7922, 8457, 9511, 10572, 12197, 13059
3041, 5482, 6235
9329, 10906, 11935
6765, 10507
5241, 7322, 8893, 9670, 10189
474, 1369, 1738, 1769, 3440, 4562, 5310, 5908, 5955, 9928, 11741, 12450
1013, 1163, 1623, 4991, 5487, 7892, 8726, 10400, 10420, 10781, 11513, 13181
644, 1857, 4187, 4188, 5339, 5549, 6019, 7055, 10584, 10873, 10926, 13157
657, 1756, 4665, 5218, 6698, 8171, 8392, 9401, 9409, 10849, 11406, 13417
212, 2274, 2275, 4059, 4061, 4062, 4063, 4064, 5393, 11384, 12140, 12209
164, 494, 745, 849, 3391, 5456, 8919, 10172, 11256
3970, 4212, 13006
1553, 2145, 3247, 3779, 4830, 4971, 5995, 8552, 9969, 11006, 12412, 13314
742, 2442, 3343, 9111, 10416, 11737
5765, 11690
11998
1043, 2658, 4251, 5389, 7033, 7781, 8428, 8638, 10923, 11079, 11421
466, 2110, 7046, 7415, 7417, 8306, 8930, 9005, 9994, 11422, 11812, 13207
378, 442, 490, 971, 1583, 1804, 5286, 8805, 11826
3482, 11693
27, 1247, 1974, 3152, 3431, 3693, 4065, 5503, 6729, 7935, 8280, 8585
5832, 5972, 7936, 8603, 12458, 13057
55, 736, 2267, 6528, 8496, 8521, 10574, 11462, 11556, 11961, 12983, 13273
4723, 10852, 12593
6458, 8091, 9147
189, 1822, 1919, 2490, 3076, 3995, 4615, 4758, 4995, 8881, 9294, 11488
531, 1621, 12313
153, 4092, 5547, 9474, 11596
696, 736, 6528, 7805, 8496, 8521, 9225, 9270, 10574, 11961, 13273, 13275
857, 4305, 6005, 7298, 10669, 12869
2700, 3110, 4572, 7244, 7796, 9034, 10772
938, 959, 1028, 2471, 2827, 3169, 3886, 6284, 7259, 8956, 9347, 10201
3476, 6650, 8916, 11816
627, 1234, 3359, 4812, 6541, 11458, 11553, 12055, 12457, 12786, 12825, 13050
2820, 7038, 12735, 13051
1509, 2104, 2775, 4336, 4951, 5071, 5977, 6536, 7137, 7592, 8347, 8534
4743, 7469, 9276, 10500, 12136
421, 4877, 9777, 10865
48, 751, 1940, 2304, 3555, 8060
1794, 1795, 10179
1403, 6669, 9764, 11076, 11552, 11608, 11709, 13055
78, 241, 394, 2479, 4943, 5526, 5727, 5975, 6649, 6670, 8247, 12267
341, 3126, 5380, 8357, 11090, 12784, 12797
5991, 7029, 7673, 9800, 13046
1249, 1633, 2249, 6015, 6862, 11266, 11874, 12188, 12667
72, 906, 3854, 4782, 5266, 5313, 5901, 7555, 7908, 9134, 12109, 13085
4116, 5338, 6852, 8381, 11188
7544, 8469
5852, 8522, 8679, 9372, 11663, 11919
634, 1517, 1717, 2310, 2359, 2492, 2505, 2804, 2867, 4450, 7162, 7859
2255, 4488, 6460, 10760, 11175, 11496, 12796
558, 559, 5898, 5899, 13433, 13434, 13494, 13513
101, 1172, 5439, 11617, 13317
1928, 2289, 4557, 5690, 7274, 7332, 9160, 10940, 11501, 12096
1003, 1197, 1617, 2815, 5645, 7563, 12031
8650, 8653, 8655, 9290, 9835
1184, 8745, 10181
7230, 7231, 7438, 11866
4566, 5047, 11094, 12754
395, 863, 8233, 8454, 9549
1563, 6040, 6512, 10630
871, 914, 2669, 4017, 7022, 7877, 7983, 12599, 12664, 13229, 13351
638, 3345, 3934, 4115, 4838, 5083, 13010
5112, 11008
2148, 9608, 10190
9482
5263, 7269, 11125, 11951
14, 46, 675, 1879, 2782, 3145, 3730, 4131, 6274, 6534, 8009, 8789
1513, 1519, 1584, 3205, 3252, 3496, 5126, 5613, 7733, 7822, 12484, 12839
1518, 12186
1243, 6129, 6893, 9145, 12045
1637, 8681, 11988, 12080
309, 3648, 5269, 7010, 7786, 7816, 9332, 10642, 12897
4341, 9488
26, 268, 556, 1187, 1299, 2987, 5632, 6483, 7012, 8145, 9455, 12563
300, 301, 712, 6409
77, 969, 1388, 1813, 3581, 3653, 4111, 4718, 4939, 5257, 11770, 11897
1144, 3347, 3804, 4847, 5223, 6577, 8255, 9118, 10996, 11554, 13300
1710, 2333, 4268, 6135, 7703, 9664, 11403, 12448, 12527
4811, 7347, 9385, 9508, 11424
1509, 2775, 4951, 5248, 6914, 7139
1295, 3235, 3333, 3334, 7308
1530, 2714, 10210
4625, 6233, 13376, 13377, 13378, 13408, 13409
2496, 3679
218, 468, 893, 2657, 3390, 3499, 4416, 6254, 6895, 7072, 7883, 8477
57, 367, 2881, 3622, 5458, 5528, 6728, 6790, 7260, 7876, 7889, 10173
497, 890, 2519, 2762, 5762, 12550
3387, 4052, 11783
308, 2397, 4373, 9108, 10440, 13245
6357, 6358, 6359, 6360, 12934, 12935
2170, 4548, 5984, 7025, 8582, 9213, 9377, 11423, 11486
5190, 11080
4394, 9354
3772, 4942, 4966, 11431, 12763
2647, 4434, 5227, 6644
1341, 3142, 6102, 12221, 12244, 12461
19, 6753, 11929, 12673, 12674, 13009
1942, 2013, 2551, 6854, 8056, 8313, 11117
3617, 10617, 11368, 11823, 12308
541, 3561, 4517, 5931, 6242, 8326
1096, 1203, 4581, 5421, 7254, 7602, 8715, 9065, 12315
3400, 7134, 9126
2299, 7101, 7499, 8112, 8714, 9536, 9779, 9869, 10620, 10995, 12968
2555, 6801
5052, 5787, 5894, 7901
1128, 1327, 6785
1123, 1757, 2348, 2431, 3514, 4555, 5075, 7491, 8742, 9088, 9720, 10682
31, 3838, 7232, 8062, 8063, 8064, 8244, 8516, 10318, 10319, 10434, 12467
1670, 3101, 7388, 8049, 10373, 10955, 12562, 13172
5630, 12636, 12795
1755, 3392, 9832, 12756, 13359, 13424
1303, 1928, 2427, 3540, 4557, 5690, 7156, 7169, 7274, 10940, 11501, 12096
72, 906, 3301, 3854, 4782, 5266, 5313, 5901, 7555, 7908, 9134, 12109
112, 747, 945, 2850, 4826, 5306, 7659, 7953, 8277, 12324, 12877, 13034
1751, 1998, 2328, 6138, 6494, 7716, 9169, 10977
4068, 6975, 10211, 10777, 10992
2175, 2612, 6791, 8562, 8564, 12682
1119, 1394, 4044, 6591, 11102, 12098
1311, 2339, 4498, 5073, 9117, 11378
311, 1601, 3380, 5570, 10138
8808, 11251, 11837
11109, 11111
3164, 6787, 10510, 11526, 13084, 13249
7216, 7966, 9395, 12273, 13313
6691, 10280, 10392
607, 2027, 3792, 5718, 6744
3392, 9832, 12756, 13359, 13424
736, 909, 1959, 2267, 7354, 7449, 7772, 9049, 10574, 11556, 11961, 12983
821, 1705, 7027, 9527, 10539, 10817
426, 1493, 2685, 2793, 2832, 4482, 5772
4079, 6608, 8481, 9419, 11445
5, 636, 9122, 10737, 10928, 11311, 13002, 13024
3151, 8656, 12199, 12201, 12203
2057, 3577, 4706, 10066, 10915, 12372
305, 1101, 8757, 10254
2375, 4100, 4376, 6345, 10491
1108, 1520, 2069, 3281, 3674, 5303, 5803, 6737, 7276, 7664, 8414, 9904
634, 1517, 1717, 2310, 2359, 2492, 2505, 2804, 7162, 10564, 11937, 12911
3843, 11221, 11521
9865, 13231
297, 351, 414, 1956, 2690, 3272, 6267, 7828, 10040, 10535, 11607, 12845
1006, 4338, 7107, 7521, 9193, 10969, 11868, 12841
1867, 5465, 5522, 5752, 6031, 7145, 8084, 8510
538, 2469, 2735, 4454, 5849, 6084, 6959, 7236, 8504, 10508, 12398, 12428
27, 3693, 3979, 4065, 4587, 5503, 6206, 7616, 7935, 8585, 8604, 13061
1376, 1377, 4536, 7812, 8405, 11434, 11435
4965, 8660, 10006
1863, 1954, 3766, 6570, 8073, 12988
1179, 1385, 2719, 7069, 7609, 12569, 13284
3297, 5420, 5506
2323, 2324, 3003, 3004, 3005, 3366, 4787, 4788, 4790, 7483
939, 1554, 1850, 9728, 11198, 13213
10631, 10632, 12376, 12386
2873, 4980, 5099, 7320, 7490, 9098
201, 4375, 8097
736, 909, 1959, 2267, 6197, 7354, 7449, 7772, 9049, 9456, 11255, 12842
2010, 6150, 7373, 9421, 9665, 9696, 10005, 10261
2960, 11508, 12034
4080, 4273, 13208
138, 7638, 8553
3584, 3838, 7232, 8062, 8063, 8064, 8244, 8516, 10318, 10434, 12467, 13088
129, 3214, 7737, 9502, 10718, 10719, 12598
5838, 7419
634, 1517, 1717, 2310, 2359, 2492, 2505, 2804, 2867, 6489, 7162, 9462
1665, 3777, 9369, 12259
191, 9796
1256, 2094, 4325, 6275, 6612, 7023, 7024, 7435, 9736, 10958
2076, 3426, 5998, 6558, 8644, 8697, 9958, 12523, 13344
2167, 2429, 3023, 5006, 7587, 7588, 8210, 8238, 8950, 9594, 11523, 12089
229, 2105, 2728, 3740, 8539, 12208, 13096
543, 1045, 2769, 7098, 7665, 8248, 8289, 8955, 9499, 11281, 12852
270, 2233, 10614, 12772
1294, 1831, 5005, 9603, 10345, 10349, 13330, 13331
3846, 7332, 8541, 9160, 9725
326, 1062, 6013, 6565, 8688, 8689, 8690
271, 1690, 9338, 12678
12994
924, 9934, 11138, 12059, 12326
1158, 1783, 7142, 7990, 8571, 9105, 9592, 10712, 12268, 13129
1921, 5641, 8044, 8045, 8046, 9541, 9558, 9559, 9560, 9561, 9576, 9859
644, 1719, 1857, 2344, 4187, 5340, 5342, 5549, 5550, 8102, 10083, 10585
6352, 11205
2742, 2900, 4295, 4325, 7303, 7435, 10958
2588, 5002, 6064, 6378, 6625, 6725, 6967, 7021, 7208, 8360, 8971, 12405
105, 5243, 8154, 10357
765, 4155, 11354
262, 1232, 2089, 2359, 6918, 7162, 10340, 10348, 10564, 10623, 12493, 13109
2159, 4406, 11103
2345, 3233, 4175, 7647, 8194, 9636
5725, 6927, 7794, 7848, 8613, 11851, 12054, 13069, 13094
3598, 3600, 3601, 3602, 4168, 5119
638, 3345, 3934, 4115, 5083, 13010
2899, 6589, 13241
1913, 4610, 7250
3034, 3035, 13230, 13381, 13383
2553, 3136, 3519, 4237, 4740, 5887, 7780, 7921, 10255, 10856, 12320, 12758
8531, 8951, 10762, 11340, 13400
907, 1186, 1812, 2525, 2621, 6488, 6783, 7832, 8611, 10176, 11033, 11336
34, 2295, 2361, 3443, 4824, 6288, 12445, 13517, 13529
3025, 12434, 12437
6, 652, 2232, 2801, 3468, 3649, 5470, 6827, 8220, 10366, 11021, 11891
3420, 6491
632, 6280, 8252, 9996, 11199, 11408, 12370
1856, 3780, 5029, 6692, 7734, 9428
6800, 10927
713, 5544, 5631, 5636, 6629, 6766, 7061, 9977, 12931
3135, 4200, 7138, 12309
182, 844, 868, 1526, 2748, 4345, 4368, 5704, 5711, 5776, 9424, 9586
10900
3536, 13375, 13415
999, 1720, 1972, 3282, 3703, 3756, 4499, 7467, 8267, 9253, 9515, 10353
3306, 4340, 9020, 9382, 12029
651, 1321, 1727, 2877, 6204, 6520, 10891, 11262, 12764, 12806, 12846, 13041
543, 1045, 2769, 7665, 8248, 8289, 8955, 9499, 11281, 12852
10889, 12787
390, 1553, 3247, 3779, 4830, 4971, 5995, 8552, 9969, 11316, 12025, 12452
7065, 11379, 13277, 13278
2852, 4225, 7353, 7372, 7869, 10265, 10671, 11903
1717, 2492, 2867, 2870, 5546, 6489, 7086, 7162, 7325, 8598, 8827, 9334
629, 7045, 9327
657, 4665, 5218, 6126, 6698, 8171, 8392, 9401, 10849, 11406, 11730, 13417
1711, 1997
1378, 1931, 4138, 8055
2450, 4650, 5187, 5779, 5926, 11442, 12871, 13071, 13392
1755, 3392, 6126, 9832, 12756, 13359, 13424
7959, 7960, 7961, 13402
848, 1324, 2814, 6473, 10791
1594, 3047, 3218, 3853, 4096, 4409, 4596, 5026, 5624, 6283, 7084, 8305
212, 339, 1846, 2273, 2274, 2275, 4058, 4059, 4064, 12209, 12214, 12742
3561, 4517, 5931, 6242, 8326, 13125
3024, 11800, 12777
1655, 3550, 3824, 3837, 4720, 4882, 6632, 7330, 8843, 9036, 10152, 12264
1093, 1357, 2481, 3510, 10733, 11331, 13311
1023, 6194, 8761, 9910, 11218
344, 1152, 1772, 6408, 7335, 7911, 8382, 8599, 8698, 9022, 10140, 11597
996, 1107, 2282, 3604, 3749
7079, 10044
1043, 2658, 4251, 5389, 7033, 7781, 8428, 8638, 10923, 11421
179, 1287, 1370, 2583, 2604, 4093, 4193, 5714, 6389, 7943, 11068, 12330
830, 5143, 6543, 10650, 11872, 12822
1256, 2094, 2742, 2900, 4325, 6275, 6612, 7023, 7024, 7303, 7435, 9736
55, 696, 2464, 4106, 5031, 8521, 9270, 11462, 11883, 12355, 13273, 13275
7741, 9823
1051, 1524, 1980, 3942, 5469, 6451, 8347, 9173, 11507, 11512, 13003, 13142
2660, 7704, 10803
912, 4809, 7131, 7516, 11454
272, 935, 1560, 5949, 6143, 7667, 8502, 9825, 10264, 12890, 13026, 13101
1959, 2267, 3090, 6197, 7489, 7955, 8161, 9456, 12608, 12842
6562, 6662, 7423, 7747, 8264, 9463, 12847, 12950
237, 934, 1349, 3204, 4121, 4241, 4912, 6140, 9302, 9621, 12125, 12969
2105, 12208, 13096
3278, 3684, 4194, 5349, 6037, 8216, 9436
4465
2457, 4152, 6429, 7470, 8754, 8913, 9451, 9830, 10046, 11200, 11954, 12399
1458, 1905, 3326, 3891, 4302, 4761, 5063, 5201, 8266, 9744, 10375, 11684
1791, 4222, 4336, 5071, 7273, 7592, 8534, 9183, 9915
165, 1073, 1894, 2405, 3432, 4466, 4635, 6947, 11052, 13496, 13497, 13499
165, 2405, 3490, 4466, 4635, 8088, 8818, 10672, 11590, 12798, 13496, 13499
358, 401, 1762, 3682, 3869, 3908, 5090, 8849, 9866, 10024
1130, 4754, 4755, 11947
958, 4101, 5062, 12285
3561, 4517, 7092, 8617, 13125
31, 3584, 8063, 8064, 10318, 10434, 12467, 13088
1751, 2328, 6138, 6494, 9169
2646, 3812, 4005, 4110, 6257, 11670, 11674, 12596, 12816
1629, 1927, 5362, 6342
1322, 3732, 4929, 6231, 7266, 8412, 10378, 12175
790, 1111, 1890, 5795, 7507, 10003, 11278, 12373, 12482, 12853, 13154, 13347
133, 2694, 2695, 2701, 4677, 9071
5466, 7690, 8164
353, 1469, 7497, 9877, 11504, 12200, 12711
57, 367, 1433, 2768, 2881, 3464, 3622, 5458, 5528, 6790, 7260, 10460
513, 2205, 2832, 4644, 5772, 9894
2855, 8353, 11276
31, 3584, 3838, 8063, 8064, 8244, 10318, 10434, 12467, 13088
383, 1318, 1421, 2231, 2679, 3226, 4290, 5475, 5737, 6034, 7585, 11258
1037, 1436, 5283
2875, 3351, 4495, 4667, 7654, 7715, 11464, 12639
209, 974, 1490, 3318, 9846, 10502, 10770, 11084, 11335
102, 285, 1798, 2101, 2297, 2882, 4697, 5118, 6159, 6303, 12498, 12886
3144, 3857, 4731, 6647, 7731, 9039, 9688, 10869, 12602, 12635, 13308
463, 1655, 1692, 2337, 2453, 2686, 2687, 2935, 3188, 3629, 5664, 5958
433, 1146, 2564, 4334, 5136, 9709, 10389, 11040, 11149, 12344, 12738, 13268
5921, 9479, 12892
1086, 3568, 5224, 6042, 8738, 11381, 13068
2924, 4078, 4269, 4695, 5020, 6361, 6545, 7257, 10938, 11499
2053, 3899, 5621, 5644, 9695, 10627
6135, 7703, 11403, 12448, 12527
1236, 8172, 8682
820, 7594
45, 1799, 2620, 3610, 4515, 5336, 6865, 8057, 8882, 9452, 12253, 12713
12693, 12981
7697, 8365, 8860
7279, 8567, 12073
3895, 12690
31, 3584, 8062, 8063, 8064, 8244, 8516, 10318, 10319, 10434, 12467, 13088
3529, 8699, 11379, 13278
1779, 4219, 6966
707, 1579, 2537, 2907, 3332, 4618, 5322, 6416, 6761, 6779, 12249
132, 4603, 6693, 8830, 8831, 9775, 12077, 12122, 12597
2238, 2715, 4043, 4860, 5060, 5411, 5990, 6406, 6547, 7963, 9227, 12590
634, 1517, 1717, 2310, 2359, 2492, 2505, 2867, 2870, 7086, 7162, 10564
212, 334, 1878, 2273, 2378, 2379, 2966, 6065, 6066, 6134, 12210, 12213
3090, 6197, 7489, 7955, 8161, 12608, 12842
785, 4680, 9257, 10409
901, 8605, 9191
7377, 7937
324, 6265, 6588, 10843
4814, 4968, 10853, 12875
1395, 3445, 4975, 6922, 8645, 9252, 10914, 11061, 12146
1428, 9391, 9924
660, 2398, 5004, 5655, 5656, 5657, 6444, 7336, 7745, 8395, 8397, 8589
533, 2064
2175, 2612, 4806, 6791, 8562, 8564, 10812, 12682
3758, 10743
5233, 6870, 7002, 8388, 9683, 9684, 9971, 9972
105, 5243, 8154, 8493, 10357
1755, 4665, 5218, 6126, 9409, 9832, 9833, 11406, 11728, 11730
1006, 2819, 4338, 7107, 7521, 9193, 10969, 11868, 12841
235, 2697, 7128, 8590, 10563, 13188
657, 3809, 5218, 6698, 6869, 8171, 8392, 10849, 13354, 13355, 13391, 13413
3030, 5416, 8870, 11293, 11880
1776, 3531, 8159, 10084, 11237
4099
710, 2240, 2808, 3484, 3699, 4719, 5938, 6309, 9201, 10351, 10681, 10950
114, 4622, 4679, 5574, 7926, 9786, 10243, 10457, 11997, 12425, 12788, 13137
306, 1299, 1869, 1939, 2060, 2887, 3746, 4128, 5822, 6088, 8839, 12525
9571, 9766, 11418
5039, 5053, 5088, 12835
3566, 4292, 7158, 9615, 12748, 13210
1129, 3515, 3523, 4756, 5298, 5406, 6544, 9604, 11360, 12134
599, 1776, 3531, 8159, 11237
34, 2295, 3443, 4824, 5478, 6288, 12445, 13517, 13529
2958, 4170, 5827, 6017, 6073, 7561, 7742, 7956, 8708, 9456, 9512, 10666
10546, 11146, 12804, 13149, 13166
7187
97, 489, 687, 6935, 8350, 9093, 9182, 9469, 10199, 10673, 13111, 13191
179, 2604, 4093, 4193, 4422, 5714, 6695, 6981, 7943, 8004, 9210, 11068
2646, 3812, 4005, 4110, 6257, 6284, 11670, 11674, 12596, 12816
345, 8165, 8484
976, 2147, 3616, 7286, 7764, 9493, 13074
1667, 1740, 5477, 8494
3874, 5665, 6226, 6780, 8583, 10802, 12769
126, 1882, 12291
1603, 2197, 2805, 3899, 3984, 5123, 5621, 5732, 9695
1969, 3277, 3628, 4122, 4935, 5682, 6081, 7631, 8242, 11621, 11791, 12413
3126, 5380, 8357, 11090, 12784, 12797
11388
1387, 3671, 9015
1949, 2418, 2562, 5271, 6016, 6022, 9550, 11067, 11969, 12760
140, 141, 142, 734, 2554, 3136, 3137, 3907, 4237, 5886, 5887, 12505
2646, 3812, 4005, 4110, 5989, 6257, 6284, 11670, 11674, 12041, 12596, 12816
2255, 3776, 4179, 4386, 6460, 10338, 10655, 11175, 11496, 11759, 11930, 13110
3529, 7065, 11379, 13277, 13278
2349, 2350, 4125, 4885, 6850, 7215, 9239
352, 891, 2216, 3844, 7349, 7583, 8385, 9547, 9685, 10250, 10468, 10842
1045, 7098, 7665, 8248, 8955, 9499, 11281
295, 1399, 7126, 8319, 11769, 12093, 12177, 12388, 12689
5723
7781, 8428, 8638, 10923, 11079, 11421
602, 603, 4148, 6305, 8120
1744, 11586, 11996
3063, 5160, 5278, 8636, 10262
1751, 1998, 2328, 6138, 6494, 9169
2296, 4555, 4835, 5075, 5685, 8800, 9088
55, 1245, 2464, 3992, 4106, 5031, 8489, 9666, 11459, 11883, 12355, 13275
1158, 1783, 8571, 10712, 12268, 13129
466, 2110, 7046, 7415, 7417, 8306, 8930, 9005, 9994, 11422, 12100, 13207
2929, 3867, 5264
1049, 3737, 3797, 5784, 6415, 6821, 7317
1480, 1481, 1483, 2462, 4990, 7894, 11657, 12580
1453, 1805, 3461, 4109, 5581, 5740, 6190, 6739, 8716, 9460, 11371, 11916
92, 2165, 2596, 4746, 5041, 8446, 9282, 9794, 10965, 11063, 11619, 12833
8045, 8046, 8227, 9289, 9541, 9558, 9559, 9560, 9561, 9576, 9859
4907, 6521, 6936, 13338
4074, 11753, 12435
5758, 8823, 13044, 13396
14, 675, 1300, 1396, 1879, 1984, 2782, 3177, 3730, 3822, 4941, 9619
1121, 3809, 6655, 6869, 8171, 10849, 13354, 13355, 13386, 13391, 13413, 13416
826, 877, 9500, 9943, 11206
1090, 1722, 3589, 5257, 8834, 10600, 11750, 12535
959, 3169, 3886, 5988, 6284, 6951, 7259, 8956, 9347, 12180, 12776, 13316
1402, 3210, 4384, 6946, 7340, 7987, 8642, 8832, 9250
815, 2330, 4859, 5352, 5760, 6111, 8169, 12595
1043, 2658, 4251, 5389, 7033, 7781, 8428, 10923, 11079, 11421
711, 3683, 5583, 5916, 6145, 6146, 10751, 11644
802, 803, 806, 1320, 4232, 4857, 5251, 5252, 7133, 8368, 11306, 11415
4112, 12945
7142, 7990, 9105, 9592, 13129
4444, 6071, 6633, 7221, 10329, 10731, 11235, 11820, 12755, 12870
6116, 6901
753, 6678, 11701, 12909, 13253
1799, 2620, 3610, 4108, 5336, 8057, 8882, 9452, 10511
502, 1039, 1092, 12857, 13217
6135, 7703, 9664, 11403, 12448, 12527
2568, 4817, 4818, 6771, 9565
4251, 7781, 8428, 8638, 11079, 11421
3553, 4440, 6677, 7561, 9456, 9517, 9966, 11255, 11666, 12257, 12524, 12842
6907, 7970
4018, 5457, 8224, 12699
1303, 2427, 3540, 4557, 5690, 7156, 7169, 7274, 7661, 8018, 8042, 10752
281, 1141, 11161, 12862
987, 2425, 2631, 3270, 3552, 4781, 6803, 7078, 8036, 9179, 10169, 13248
4691, 7193, 11569, 11570
710, 2240, 2808, 3484, 3699, 5938, 6309, 9201, 10351, 10681, 10950, 12114
5285, 12051, 12879
6884, 10337, 10971, 11524
1286, 8274, 8310, 8667, 9659
5579, 8279, 9884
3561, 4517, 5931, 7092, 8326, 8617, 13125
1159, 2731, 3466, 3901, 4178, 6685, 7289, 7290, 7681, 8518, 10151, 12224
75, 2003, 4931, 8020, 11386, 11963, 13309
36, 610, 2009, 2476, 3326, 4761, 5063, 5147, 5177, 8061, 9744, 10375
1164, 10605, 11480, 12150
8258
1528, 4769, 6836, 7463, 8066, 11118, 11664, 12730
1714, 2725, 2842, 4235, 5753, 6516, 7125, 8285, 8786, 9886, 10343, 13197
212, 2274, 2275, 4058, 4061, 4062, 4064, 12139, 12212, 12213, 12214, 12216
5324, 7083, 10851
7891