771 981 1035 1771 1799 2381 3377 3630
818 2319 3328 3661 3887
101 766 2089 2387 2800 2926 3340 3997
200 672 702 978 1311 1440 1661 2761 2799 2885 3258 3316 3943 4671
173 547 595 1009 1090 1142 1295 2568 3111 3288 3930 4475 4608 4639 4972
182 349 2312
191 1753 2869 3877
542 1504 2626 3434 4858
469 895 999 1582 2785 4065
478 2544 2685 2808 2817 3043 3722 4991
376 799 831 2422 4298 4422 4483 4515
245 4448
451 939 1427 1484 2244 2888 2989 3265 3470 3924 3927
119 1451 2841 2856 3301 3834 4043
406 868 1025 1728 2427 2473 2861 3146 3234 3460 4472 4494
1052 1354 1362 4766
410 427 2370 2576 2787 2906 3028 3040 3583 3989 4055 4451
194 723 1325 1537 1772 1868 4201
1298 1785 3407 3822 4389
418 1093 2353 3124 4728
77 1819 2467 4879
628 762 1445 2032 2590 2958 3535
185 529 656 670 956 1551 1721 1900 2133 2670 3606
499 1240 1849 3550 4636
946 2701 2703 3006 4339
59 1552 2110 2842 3673 3700
251 373 668 910 1617 2303 2857 2960
32 906 1108 1128 1328 1471 1538 2673 2956 3886 3981 4147 4360
364 476 1214 3261
382 1226 1294 1629 2155 3476 3554 3720 3972 4392 4532 4598 4751
713 1493 1716 2776 2815 4148 4274 4645 4787 4995
744 1111 2807 3233 4852 4951
273 1019 1037 1851 2369 2420 2507 2596 3022 3391 3405 3737 3942 4335 4393 4417 4531 4860
53 633 812 1527 1740 2390 3985
367 1057 1444 3126 3698 4987
555 583 776 1526 1589 2019 2317 2328 2439 2501 2895 3383 3439 3859 4104 4439 4506 4521 4544 4854 4878
809 1931 2343
35 663 932 1630 2645 3556 3672 4579
606 1393 1414 1925 3292 4085 4265
8 741 1169 2622 3633
635 905 1418 1906 2197 4780
33 358 1257 1443 1604 2033 3462 3713 3748 4811 4846
430 594 644 730 781 1021 1206 1252 1316 1394 2321 3151 4309 4326
125 949 2847 3815 4045
1442 2046 2698 2801 2818
340 1380 2062 2788 2886 3433 3442 3618 3954 4185 4283
651 821 1815 2563 4937
1082 1092 1618 2104 2519 2672 3286 3810 3896 3976 4026 4179 4453 4957
117 448 856 1055 3566 3861
601 621 1241 1466 1867 2109 2762 2881 2899 3009 3181 3188 4411 4647
116 690 2444 2618 4843 4897
412 1652 1767 2625 2967 3448 4669
98 1764 2152 2506 2551 2594 2632 2880 3876 4091
34 107 3375
313 519 953 1472 1523 2990 3649 4166 4901
322 1349 1942 2814 4449 4808
11 503 782 1296 1752 1831 1927 2327 2384 2742 3168 3868 4167 4253
307 1210 3655 4715 4775 4918
397 970 1130 1765 1866 2527 3374
29 710 1143 1921 1974 2478 2517 4341
38 1144 1908 2221 2229 2287 2289 3184 3277 3916 4006
213 379 1274 2008 4655
1251 2997 4208
325 1032 1567 1668 1857 1874 2957 2968 3513 3679 3962 4155 4805
798 1030 4670 4853
235 2413 3343
289 725 754 1173 1742 1967 2845 3457 3466 3496 3686
65 1013 1126 1260 1462 1632 2045 2117 3490 3596 3908 4725 4890
271 441 592 1405 2702 3757 4126 4887
597 1426 2236 2460 2558 3259 4332
265 836 934 1091 1159 2664 3026 3477 3957 4909
748 847 990 1103 1739 1987 2533 2548 3761 4047 4830
62 283 2537 4029 4757
166 2457 4380
247 662 1085 3517 3762 4296
14 1062 1089 1269 2344 3392 4239 4690 4782
328 676 2322
1003 1303 2050 2168 2241 4288
310 772 811 1830 2034 2518 2587 2992 3014 3083 3103 3422 4744
483 902 1185 1506 1623 1953 2092 2534 2614 3478 3705 3743 4027 4242
641 805 1005 1246 1429 2039 4518
612 1401 1701 1786 2458 2593 3088 3141 3918 3919 4596 4970
223 1340 1699 2452 3318 3647
250 544 1011 1704 2292
55 232 4059 4665
438 584 894 1228 1341 1995 2642 2893 4024
447 684 743 796 1137 2605 2677 3031 4742
133 810 1127 2578 3105 3681 4600
106 943 1470 1651 2239 2738 3254 4386 4437 4582
214 737 758 1038 1190 2190 2219 2417 3042 3152 3350 3719 3915 4438 4626 4718
420 875 2245 2592 3851 4705
1227 1545 1876 1935 2791 2964 3875 4153 4396 4683 4794 4833 4868
960 2056 4282
187 1619 2681
176 369 2185 3353 4078 4425 4869
901 1068 1174 1188 1449 1662 2036 3388 3949 4463
163 817 1695 2024 2907
459 1648 1854 2456 3357 3704 3961 4410
664 1053 1392 1555 1863 2308 2340 2941 4345
127 807 991 1155 1364 1528 1691 2378
136 983 1023 2196 2446 2598 2877 2894 3912
175 829 1113 1912 2213 2561 2735 2805 3059 3455 3495 3616 3765 3770 3849 3858 4128
215 450 735
923 2350 3423 4929
199 495 1730 1813 1827 3018 3568 3602 4743
91 731 996 1768 3747 4135 4221
396 3048 3196 3415 4459
64 1376 1749 4241
73 872 992
160 338 486 1381 1456 1884 3345 3693 3968 4388 4519
1498 2713 2751
154 784 860 936 985 1492 1593 1724 1776 1964 2407 2591 2608 2931 3012 4612 4657 4844
685 1066 1991 3287 3509
58 467 539 888 3335 4591 4740 4828
408 1605 2172 2932 3487 3750 3865 4116 4479 4982
67 863 1129 1572 1660 2170 2864 3116
751 2491 4258
300 3561 4834
381 1463 1525 2049 2151 2649 3038 3314
390 1047 1165 1248 1677 2148 2280 2479 2835 2936 3226 3744 3806 4231 4548 4613 4649
49 773 1154 1234 2354 3362 4096 4119 4163 4487 4618
130 1048 1457
560 625 2107 2182 3276 3787 4920
974 1238 1738 1826 2009 2037 2426 2433 2582 2619 2915 3695 4886 4922
372 557 797 995 1575 2026 3271 3386
75 148 1363 1400 1611 1774 2012 2538 3144 3294 3813
462 2858 4567
121 1209 1293 1877 2660 4799
157 855 1060 1347 2222 3613 3669 3964 3979 4001 4788
22 736 882 918 1107 1573 2665 2980 3080 3440 3937 4100 4230 4337
435 2379 3403
86 1517 4013 4080 4209
103 134 1751 2697
94 318 857 1355 3591
327 534 691 692 1195 1928 2043 2082 2948 3248 3871 3910 4913
16 482 840
357 1106 1694 1736 2974 3093 3115 3270 3926 4512 4681
97 1924 2084 2200
348 403 578 631 724 1184 1686 1894 1944 1962 2038 2163 2405 2406 2432 2503 2676 2686 3044 3112 3638 4256 4546 4630
393 531 2135
402 1500 3931 4455 4870
294 2164 4076 4095
288 303 774 841 2183 3176 3821 4896
70 323 666 1189 1192 1313 1664 2088 2549 3191 3453 3921 4113 4138 4549 4603 4974
52 2246 2811 3783
285 1625 2006 2867 3273 4499
785 1087 1123 1434 1543 2692 2729 2837 3600 4090 4917
321 1461 1973 2011 2913 3253 3950 4611
749 1222 1256 1897 1972 1998 2226 3035 4653 4714
10 864 2270 3675
1179 1780 2283 3464 3559
1171 1223 1613 1795 3075 3640 4248 4561
688 1735 2695 3755
333 609 728 800 922 998 1755 1769 2031 2233 3063 3902 3925 4395
342 523 577 866 904 1655 1883 2418 4632
47 207 274 4998
1417 1446 1811 2054 3932
264 425 624 1910 4035 4289
324 1560 1574 1938 3171 3532 3539 4889
297 1455 1514 2749 3041
252 258 2917 4976
279 1952 2108 3497 4680 4836 4865
184 1359 2334 2962 3527 3651
28 2325 4815
315 1122 1197 1557 2848 3572 4953
174 243 1633 4175
497 1070 1327 2150 3379
183 701 1290 2357 3085 3788
156 1585 2658 3841 3941 4243
1131 1213 1258 1968 2184 2809 3056 3218 3222 3369 3730 4044 4218
461 1083 1133 1324 2235
170 443 1086 1198 4281
479 1510 3798 3990 4268
452 822 1101 1121 1146 1220 1626 1797 2013 2025 2203 2920 3356 3617 3714 4966
138 1549 1586 2942 3593 4992
275 334 2870 2970 3521 4926
219 386 1601 1607 1726 2128 2300 2430 4537
1002 1645 2428 2825
237 596 1104 1150 1212 1480 1636 2272 2338 3246
201 602 778 877 1014 1403 1715 2124 2832 3832 3935 4292
60 563 2055 2335 3623 4234 4321 4340 4370
186 742 924 2723 3127 3293 3352 3706 3799 4063 4261 4625
575 1696 2035 2288 2822 3278 3397 3645 4454 4520
580 1069 1286 4082
383 1530 1846 2709 2892 3145 3946
392 1064 2621 2712 2748
464 3485 3622
150 761 933 2973 3098
473 657 755 975 1203 1656 1917 2072 2844 3291 4143
446 1554 2766 4011
1432 2010 3594 3904
204 876 988 1422 1837 1843 2073 3544 3901 4781
401 1587 2361 3219 3553 3642
69 795
78 120 648 1777 2550 2745 3526 3541 4057
231 643 1302 1345 3150 3214
431 522 655 768 827 896 1369 1542 1663 1790 2138 2482 2754 2901 2919 3002 3456 3528 3756 3826 3920 4418
404 2051 2516 4551
511 913 1117 1140 2099 2443 2853 3078 3393 3778 4161 4850
45 1496 2041 2242 2923 3272 3543 4457 4921
341 1722 1829 2631 3491 4562
171 1015 1889 2234 4884
513 530 893 1181 2191 3998
611 733 964 1262 1406 1684 2065
153 227 2778 3907 4180
27 907 909 1676 3426
770 957 1115 1923 2174 4374 4631
449 2232 3588 3909
135 1993 2606 3367
108 562 626 954 1297 2044 2295 2657 3960
458 760 1118 2115 2374 2655 2950 3486 4004 4310 4764
18 3424 3721
346 389 457 697 2113 2855 3001
48 695 703 1674 1976 2144 2342 2347 3660
362 783 1139 1529 2404 2925 3833
21 224 331 1333 1865 2474 2952 3095 4590
344 2093 2398 2836 2912 3716 3726 4495
931 1024 1396 1688 2556 4851
12 764 1639 4227 4792
718 722 1281 2797 3076
434 605 942 2211 2333 2529 2849 2929 3387 3987 4565
102 516 858 969 2027 2301 2488 2802 3013 3590 4181
640 853 2162 2477 3736 3994 4468
330 416 636 1211 1332 1389 2585 3227
290 581 614 832 1682 1756 2648 3021 3118 3537 4093
39 1508 4409 4488
398 407 2399 2515 4856
753 1105 1387 1402 1833 2198 2768 3336 3664 4597 4601
15 23 1531 1887 3347
746 3555 4226 4733
42 1595 2318 3047
257 1219 1621 2248 3204 4791
374 518 1361 1914 1978 2136 2403 2706 3406 4123 4343 4771
6 419 1300 2757 3986 4000
203 850 2309 3133
586 1095 1824 1895 2131 2547 2779 2794 2878 3500 3546 4684
293 1983 2003 2042 2436 2498 3140 3764 3786 3820 4092 4286 4311 4467 4492 4635
2018 2075 2691 3282 3626 4210
152 993 1841
269 1720 3382 4160 4297 4329
475 971 1576 1591 1692 1808 2083 2904 3269 4124 4768 4789 4874 4898
757 2425 3759
466 1259 1358 1436 4136 4473 4526
287 2946
242 278 801 814 1036 1193 1670 1909 2431 3413 3610
1088 1911 2100
206 667 911 1878 2744 2943 3237
296 1183 1665
0 465 3212 3662 4105 4503
1080 1940 2014 2259 2500 2905
