137 507 639 1074 1343 2167 2341 2368 2445 3674 3877 4129 4130
146 837 2071 2077 2085 2410 3598 3779 3780 4019 4715 4716
218 630 941 1215 2872 3057 3308 3309
771 851 981 1035 1771 1799 2381 2755 3842 3843
433 1031 1515 2434 3127 3128
1166 2803 3860 4341
101 766 2387
173 547 1142
209 865 1687 1823
182 349 2312 4631
1063 2096 2281 3129 4470 4687
83 681 699 1277 1671 2397 2921
496 549 790 963 1017 1073 1334 2574 4006 4007 4484 4485 4696 4697 4698
451 939 1102 1427 1886 2244 2775 2888 2989 3765 4001 4003 4475 4476 4477
110 729 2373 2817 3015 3265 3899 3900 4594 4595
216 779 1097 1441 1487 1745 2188 2552 2633 3282 3284 3927 3928 3929 4159 4160
406 868 1025 1728 2427 2473 2496 2707 4536 4537 4778 4779
93 1658 2612 3135 3355
391 607 705 734 1208 1304 2610 3210 4313 4314 4538 4539
472 505 642 880 1342 1524 2705 4256 4498
410 427 2576 2787 2906 3432 3656 4329 4330 4551 4552
463 1783 2140 2315 2679 3125 3996 3997 4227 4228
122 704 1094 3917 4609
194 723 1325 1537 1772 1868 3433 3434 3659 3660 4802 4803
77 2467 3338
1552 2110 2831 3714 4403
251 373 668 1056 1617 2129 2303 2857 2960 4319 4320 4321
41 364 1214 1923 3025 3696 3697
68 2127 3799 4281 4519
140 1158 2135 2232 3560 3988 4457 4458
113 1733 2007 2795 2866 3310 4178
149 713 1493 1716 2776 2815 4106 4553 4554
273 355 1019 1039 1622 2369 2507 2662 3027 3275 3699 4384 4385 4386 4610 4611 4612
53 633 786 812 1740 2390 3357 4488 4489
555 583 776 1526 1589 2019 2317 2501 3199 3200 3824 3825 4302 4303 4767 4768 4769
1931 2343 3754
606 1363 1414 1925 2711
635 910 2197 4062 4761
44 128 1891 1915 2525 4704
17 579 696 1229 1960 3511 3930 3931 4398 4399
33 358 1257 1443 1604 2033 3409 3410 3636 3637 4077 4078
430 594 644 730 781 1021 1252 1316 1394 1569 3102 3103 3104 3982 3983 3985
125 514 3845 4544
1442 2698 2801 2952 3489 4144 4604 4605
340 593 2062 2421 2886 2909 3174 3175 3801 4041 4042
421 1110 1372 1384 3582 4705
89 651 719 1815 2510 2563 2895 3815 4064 4065
1082 2351 2519 3339 3340 3558 3559 4453 4454 4674 4675
295 2760 3678 4132
448 856 1055 1096 3219 3649 4098 4794 4795
601 621 1241 1466 1867 2899 3121 3122 3572 3573
412 1652 1717 1767 2625
98 1764 2152 2551 2595 2880 3294 3295 3516 3517 3710 3938 3939 3940
71 538 732 3633 3816 4762
34 107 715 838 2833 4671
313 953 1472 2990 4362
385 740 1499 1951 3220 3426 3651
322 1349 2802 3580 4481
1579 2415 2615
370 844 869 948 1284 1890 2290 2442 2928 2999 4482
213 379 1612 2008 2288 3291 3514 3515 3935 4626 4627
244 1250 1503 1778 1779 1870 3261 3262 3892 4373 4589 4590
226 545 927 976 2143 2976 4743 4744
253 521 891 1112 1244 1314 3352 3353
325 1032 1567 1668 1857 1874 2148 2619 2936 2957 2968 3484
2 803 944 1164 2001 2263 2722 3205 4079 4307 4308
289 1173 1482 1519 1967 2709 2717 2845 3895 4591 4592
65 866 1013 1126 1462 1632 1982 4468 4469
319 982 1600 1816 1820 2875
193 1529 2539 2859 3556
480 2258 2493 2716 3995
337 1535 2688 4195 4648
62 283 2537 2973
292 752 1065 1268 1439 3112 3113 3992 3993 4459 4460
247 561 1085 2634 3763
1079 1308 1522 2668 3501 3920 4614 4615
328 952 3324 3541 4650
220 1207 1880 2327 3203 4775
501 1114 1382 1610 1650 1673 2986 4225 4226
915 1186 2934 3158 3789 4740
612 1401 1606 1701 4776
151 1678 1974 2323 3335
55 3728 4425
259 3024 3490 3911
438 584 894 1036 1228 1995 2119 2337 2431 2642 4047 4751 4752 4753
124 638 2542 3743 3966
133 810 2840
1681 2204 2567 3002
652 1147
792 960 2252 3334 3745 4212 4213
115 2047 2125 3003 3250
686 1100 1292 1659 1832 1879 3315 4635 4636
614 962 1149 1279 1352 1420 1747 4038 4039
901 1068 1174 1188 1449 1662 3865 3866
181 623 873 3365 4495
163 788 817 1695 2024 3341 3986 3987 4676 4677
387 3533 4637
664 1053 1392 1555 1863 2308 2340 2941 3330
118 1933 3239 3673 4355
756 1390 1425 2617 3374 4504 4725 4726
615 4193 4427
215 1317 1489 3463 4824
671 914 1386 1930 3371
199 829 1827 2213 2334 2420 3796 3797
396 3172 3619 3800 4040 4282
820 2495 2900 3327 4435
872 951 992 2051 2113 3000 3001
160 486 1381 4280
145 1338 2751 3538 4426
154 784 860 936 1182 1593 1724 2407 2591 3445 3446 4558 4559 4560
426 1168 1253 2184 2809 3542 4429 4430
85 680 1230 3147 3597 4496
67 863 1129 1660 2170 3380 3381 3791 4032 4272
751 2491 3735 4192
40 1395 1754 2155 2531 2597 2908 2914 3241 3242 3875 4825 4826 4827
354 1741 2923 2971
1047 1165 1248 2280 2835 4414
130 1048 1457 3071
974 1238 1309 1424 1738 1761 1826 2433 4491 4492
345 3550 4207 4443
2040 2367 2890 3672 4822
157 855 1060 1224 3861 4114
189 363 1590 2441 2796 3737 4197 4198
444 1347 2274 2683 2838 3053 3305 3306 3719
1751 1938 2697 3608 4510 4741
682 775 1871 1949 2636 3590 3591 4249 4250
357 1106 1694 1736 1822 2739 3049 3050 3520 3521 3715 3716 4404 4405 4406
7 1486 1624 2193 2231 2440 4182 4183
393 531 3361 3774 4490
288 303 841 2183 3647 3839 4790 4791
70 323 666 1189 1313 1664 2088 2549 2820 3227 3228 3447 3448 3449 3665 3666 3667 4807 4808 4809 4810
384 590 789 1287 1559 1843 2086 2206 2724 2744 3139 3140 3141 3358 3360 3589 4245 4247 4711 4712 4713 4714
43 309 889 1099 4646
1045 1377 2111 4102 4550
2006 2867 3378
267 1465 1855 1918 2718 2874 3063 3064 4189 4421 4422
25 2389 2589
973 2524 2627 4167 4625
366 616 815 1138 1583 2429 3237 3238 3459 3460 4123 4124 4570 4571 4572
240 432 765 1371 1680 1926 2217 4173 4174
749 1222 1256 1972 1998 2224 2226 2521 2918 3165 3612 3613 3614
1356 1780 4118 4562
306 649 3707
333 609 728 800 922 998 1755 2031 2233 2569 2715 3523 3947 3948 4409
47 207 274 2126 3534 3725 3955 4184 4185 4417 4418
517 750 1007 1417 1446 1811 1987 2054 2210 3663
264 425 1910
297 1043 1274 1455 1511 2336 2749 3245 4127 4128 4357 4358 4575 4576 4577
198 1247 2565 2961 3778 4255
252 258 2917 3653 4547 4797
184 1359 2359 2962 4194 4428 4644 4645
28 2325 3136 4008 4700
234 843 2097 2267 2512 4172
1431
525 994 1635 1888 2105 2652 2862 3603 3784 3785 4508 4509 4731 4732 4733
315 1122 1197 1858 2237 2848 3721 3722 4175
282 284 600 2284
174 243 1633 2687 3581 4237 4238 4693 4694
488 674 845 2156 2528 3532 4180 4181
497 1070 3146 3364 4014
156 3419 4315
2536 2584 2733
228 720 1049 3307
1033 1131 1213 1258 1968 3427 3846 3847
170 1727 3226
479 1510 1562 4163 4395
1002 1564 1645 1996 2825 3351 3761 4231 4232
1081 1148 1385 2157 4638
237 596 1104 1212 2272 2338 3594
201 602 778 877 1014 1403 1647 1715 2124 2832 3149 3368 3369 3370 4020 4021 4022 4259 4261 4262 4717 4718 4719 4720
689 816 940 1061 1851 4412
60 563 2335 3216 3423 3841 4323 4324
186 742 2723 3577 3762
222 1034 2979 4113
87 524 582 2346 2850 3137 3768 3769 4486 4487 4701 4702
96 1980 2945 3417 4086 4788
580 1069 1286 2672 3375 4026 4506 4507
168 1391 2178 2538 3526
13 177 874 2511 3424 3648
464 3658 3850 4801
132 567 629 3346 4461 4679
141 619 1793 4634
446 1554 4318
105 1016 1505 1809 2438 2732 3913 3914 4146 4147 4382
455 492 767 1566 2806 3451 3452 4811 4812
114 852 1407 1447 2449 2599 3031 3032 3277 3278
195 500 693 892 1817 1989 2360 2514 3332 3333 3970 3971 4661 4662 4663
401 1587 4799
540 574 694 4233 4471
431 522 655 768 827 896 1264 1369 1542 1663 1790 1940 2482 3562 3563
54 989 1307 1319 1594 1657 1893 2161 2355 2671 2674 2752 3190 3191 3192 4066 4067 4068
1722 1829 2147 2988 3748
422 745 2624 3299 3943
171 1015 1889 3420
377 1191 1221 1265 3576
485 1845 3770 4703
144 559 568 634 842 1059 2072 2362 2644
611 733 964 1262 1406 1684 2065
153 227 1634 2778
126 1368 1762 3994 4462
1904 1977 2753 3398 4061 4294 4527 4528
27 907 1672 1676 1966 2195 2653 2944 4009 4010
440 808 828 1261 1473 1483 2643 3186 4298
135 2606 3120 3571 4681
108 562 626 1157 2316 3021
1475 1476 2694
350 1847 2015 2239 2738 3043 3044 3292 3293 3708 4170 4171
780 813 885 1028 1351 1459 1592 1666 1882 2004 2304 2395 2401 2759 2823 3096 3097 3098 3977 3978 3979 3980
695 1156 1674 2342 4692
57 678 1000 1581 1689 1693 2402 2483 2726 3077 3078 4436 4437 4438 4652 4653 4654
263 268 712 1490 2266
353 541 1077 1080 1409 1609 2259 2508 3114 3115 3116 3564
102 516 858 969 1760 1852 2027 2488 2916 3091 3092 3553 3554 3555 3972 3973 3974 4447 4448 4449 4450
640 853 2074 2162
308 3266 3478
380 879 2002
330 416 636 1332 1389 1477 1641 3325 3544
679 1044 1125 1232 2540 2646 3041 3042 3936 3937
4 281 572 1305 1985 2009 2476 2788 2821 3207 3827 3828 4081 4082 4310 4312
290 581 1682 1744 1756 2122 2648 3085 3086 4210 4211
30 2318 2747 3881
1508 2579 3766 4004 4480
537 708 958 2332 2547 2553 3546
15 23 1531 1844 1887 1901 2076 2271 3211 3212 3415 4780 4781 4782
257 1219 1621 2248 2372 3029 3497 3498
24 415 884 1071 1239 1413 2682 2773 2879 3393 3394 4288 4289 4290
938 1278 1884 2083 2459 3744 3967 3968 4657 4658
576 716 726 1558 1873 2132 3289 3290 3512 3513 4168
248 921 1709 4000 4472
203 850 2309 3870 4818
164 794 2021 3202 4534 4774
1326 1598 1631
1344 1899 1907 1957 2286 2965 3005 3253 3254 4134 4366 4367 4368 4586 4587 4588
365 673 887 1205 1310 1759 2277 3016 3017 3482 4141 4142
152 1453 1620 1627 2291 3008 3887
188 571 1236 1950 2134 2583 4277 4278
645 959 3957 4186
475 971 1576 1596 2904 3389 3390 4045 4046
143 528 1076 1178 1360 1969 2557 3407 3408 3635 4770 4771
653 1270 1329 3755 3991 4678
242 278 801 814 1193 1478 1670 2207
925 1075 1218 1254 1959 1979 1994 2022 2186 2451 2765 2902 3399 4531 4532 4533
1946 2057 2116 3072 4196 4649
233 1948 2294
296 1183 1665 3681 4585
527 804 1267 1321 1491 2130 2385 2607 3606 4267 4268 4735 4736 4737
305 1469 2756 3535 3727 4641
21 224 331 2818 4051 4283
1865 2046 2474 3965
301 1299 1383 1416 3609
2093
