137 639 1074 1343 1761 1861 2167 2341 2445 2616 2641 4385
146 837 2071 2077 2085 2410 3718
771 981 1035 1771 1799 2015 2381 3377 3630 4719
433 1031 1515 2434 2669 2983 3189 3855 4278
818 2319 3328 3661 3887
442 1166 1283 4465
101 766 2089 2387 2800 2926 3340 3997
200 672 702 978 1311 1440 1661 2761 2799 2885 3258 3316 3943 3967 4671
209 865 926 1433 1687 2613 3159 3516 3635 4052 4682
1063 2096 2281 3113
542 1504 2626 3434 4566 4858
83 681 699 1277 1671 1784 2311 2480 2921 3087 4130 4224 4387 4871
496 506 549 790 963 1017 1334 2574 3309 3739 4195
469 895 999 1582 2785 4065
376 799 831 2422 4298 4422 4483 4515
245 4448
110 729 2373 3163
460 1170 1913 2635 2786 2854 3312 3656 3812 4723
1052 1354 1362 1578 4766
236 470 878 1050 1200 1329 1452 1468 2230 2883 2977 3467 3499 4589
95 552 1010 1404 2260 2455 2804 2940 3213 3688 3767
445 620 859 950 2261 2843 3285 3420 4023 4246 4609
1272 1306 1410 1792 2339 2349 2580 2911 3432 3878 3971 4022 4199 4350 4391 4656 4697 4739 4831 4912
472 642 711 1524 2705 3072 3231 4818
194 723 1325 1537 1772 1868 4201
409 919 2637 2688 2851 3514
185 529 656 670 956 1551 1721 1900 2133 2670 3606
499 1240 1849 3550 4636
158 1072 1315 1565 1766 2017 2068 2307 2996 3024 4429 4575 4933
167 229 2464 3262 4829
251 373 668 910 1617 2303 2857 2960
32 906 1108 1128 1328 1471 1538 2588 2673 2956 3886 3981 4147 4360
68 2127 3657 3959 4748
212 481 1750 4038 4675
454 1001 2678 2827 3165 3504
1733 2795 2866 4097
713 1493 1716 2776 2815 4148 4274 4645 4787 4995
273 1019 1037 1851 2369 2420 2507 2596 3022 3391 3405 3737 3942 4335 4393 4417 4531 4860
394 747 849 2067 2175 3376 3677 4237 4428 4994
555 583 776 1526 1589 2019 2317 2328 2439 2501 2895 3383 3439 3859 4104 4439 4506 4521 4544 4854 4878
608 1027 1067 1512 2987 4704
35 663 932 1630 2623 2645 3556 3672 4579
8 741 1169 2622 3633
635 905 1418 1906 2197 3427 4780
17 579 696 1229 4894
430 594 644 730 781 1021 1206 1252 1316 1394 2321 3151 4309 4326
125 949 2847 3815 4045
80 1187 1521 1667 2158 2812 3223 3525 4067 4169 4294 4377 4507 4542
651 821 1815 2563 4937
295 360 2760 2781 3331
117 448 856 1055 3566 3861
617 977 2253 2758 2764 3983 4822
412 1652 1767 2625 2967 3448 4669
71 732 3036 3071
313 519 953 1472 1523 2990 3649 4166 4773 4901
385 740 1499 1727 2903 3290 4592 4667
307 1210 3655 4715 4775 4918
1243 2792 2955 3194 3281 4040
66 659 777 1225 2069 2094 2497 2743 3077 3240 4446
56 965 1536 1982 2147 2873 2988 3052 3202 3562 4279 4419 4557 4642
298 1579 2615 3029 3690
29 710 1143 1921 1974 2478 2517 4341
550 1167 1544 2059 2254 2824 2975 3279 3807 3913 4214 4466
38 1144 1908 2221 2229 2287 2289 3184 3277 3916 4006
213 379 1274 2008 4655
352 437
325 1032 1567 1668 1857 1874 2957 2968 3513 3679 3962 4155 4805
798 1030 4670 4853
2 803 944 1483 1734 2001 2201 2263 2380 2630 2722 3315 3449 3725 4229 4747 4989
289 725 754 1173 1742 1967 2845 3457 3466 3496 3686
280 1046 1412 1599 2454 2520 2680 3385 3529 4710 4752 4756
5 846 1350 1563 1568 1703 2296 2469 2978 2994 3182 3221 3275 3317 3326 3729 4071 4902
597 1426 2236 2460 2558 3259 4332
265 836 934 1091 1159 2664 3026 3477 3957 4909
301 509 899 903 961 1172 1299 1416 1723 2157 2566 4362 4731
480 2258 2279 2716 3355 4952
748 847 990 1103 1739 1987 2533 2548 3761 4047 4830
337 1535 4303
292 752 1065 1439 3027 4235 4997
388 498 917 2887 4137
166 2457 4380
1079 1308 1375 1522 1541 1806 2546 2668 2961 3266 4066 4284
1003 1303 2050 2168 2241 4288
220 1207 1880 2969
501 1114 1382 1610 1650 2247 2986 3208 3502 3644 4672
72 474 556 613 1029
483 902 1185 1506 1623 1953 2092 2534 2614 3478 3705 3743 4027 4242
641 805 1005 1246 1429 2039 4518
612 1401 1701 1786 2458 2593 3088 3141 3918 3919 4596 4970
223 1340 1699 2452 3318 3647
250 544 1011 1704 2292
55 232 4059 4665
259 3947
133 810 1127 2578 3105 3681 4600
1681 2204 2415 2567 3870 4716
420 875 2245 2592 3851 4462 4705
687 1177 1323 1423 1864 2101 3011 3156 4420
115 3263 4196 4692
187 1619 2681
241 867 881 1271 1336 1804 1992 2789 2820 2830 3444 3474 3992
176 369 2185 3353 4078 4425 4869
901 1068 1174 1188 1449 1662 2036 3388 3949 4463
163 788 817 1695 2024 2907
477 660 1801 3752 4988
387 3430 3905
46 225 532 1448 1637 2302 3198 4162
664 1053 1392 1555 1863 2308 2340 2941 4151 4345
468 756 1425 2305 4480
127 807 991 1155 1364 1528 1691 2378
136 983 1023 2196 2446 2598 2877 2894 3912
175 829 1113 1912 2213 2561 2735 2805 3059 3455 3495 3616 3765 3770 3849 3858 4128
217 1438 3889 3922 4132 4595 4986
286 414 512 1217 1502 1885 1966 2492 3106 3122 3557 3825 4194 4269
709 806 1602 1941 2306 2522 3064 3745 4790
109 824 1124 1850
405 1495 1706 2214 2930 3046 3351 4318
73 872 951 992
1498 2713 2751
154 784 860 936 985 1182 1492 1593 1724 1776 1964 2407 2591 2608 2931 3012 4612 4657 4844
426 1168 1253 1388 1840 2119 2337 2447 3054 3089 3417 3503 4323 4573
399 2153 2275 3039 3691
85 680 1230 3545
58 467 539 888 1597 3335 4591 4740 4828
751 2491 4150 4258
139 2545 3174 3584 4485 4540 4662
471 4051 4056
560 625 2107 2182 3276 3787 4920
1367 2040 2367 4088 4107
658 1939 2543 3004
121 1209 1293 1877 2660 4799
157 855 1060 1347 2222 3613 3669 3964 3979 4001 4788
189 363 1590 2215 3749 4379 4421
435 2379 3403
31 1022 1135 2737 3067 3399 3945
444 2274 2838 2972
103 134 1751 2697
357 1106 1694 1736 2974 3093 3115 3270 3926 4512 4681
97 1924 2084 2200
393 531 2135
88 2016 4223
288 303 774 841 2183 3176 3821 4338 4896
375 654 727 1006 1162 2710 3230 4923
70 323 666 1189 1192 1313 1664 2088 2549 3191 3453 3921 4113 4138 4549 4603 4974
384 590 789 979 2086 2206 2891 3665 4200 4260
43 309 889 1099 2126 3339 3779 3781 3795 4434
180 249 4508
1415 1497 1614 1834 2123 2329 2721 4367
267 1465 1855 1918 2718 2874 3604 4795 4800 4908
25 2181 2389 2589 3733 4054 4968
240 432 765 1926 2217 2504 3598 3965 4941
321 1461 1973 2011 2913 3253 3950 4611
749 1222 1256 1897 1972 1998 2226 3035 4653 4714
37 424 2053 2227 2584 4188 4658 4862
333 609 728 800 922 998 1755 1769 2031 2233 3063 3902 3925 4395
1 3025 3866 4525
342 523 577 866 904 1655 1883 2418 4632
324 1560 1574 1938 3171 3532 3539 4889
297 1455 1514 2749 3041
198 1247 1615 3533 3540 4511 4702 4835
270 551 2029 2675 3130 3482
28 2325 4538 4815
1431 3575
174 243 1633 4175
183 701 1290 2357 3085 3788
156 1585 2658 3841 3941 4243
255 2536 2733 3068
228 720 1049 1084 1705 3409 3520 4031
1131 1213 1258 1968 2184 2809 3056 3218 3222 3369 3730 4044 4218
833 980 1235 1644 1669 1869 2154 2909 2937 3844 4192 4753 4785
129 543 1160 1737 1920 2586 2696 3418 3800 4183 4497 4696
275 334 2870 2970 3521 4926
237 596 1104 1150 1212 1480 1636 2272 2338 3246
246 326 1698 2187 2559 3548
192 1237 1275 1330 1374 1603 1628 1943 2314 2468 2726 3936
60 563 2055 2335 3143 3623 4234 4321 4340 4370
186 742 924 2723 3127 3293 3352 3706 3799 4063 4261 4625
575 1696 2035 2288 2822 3278 3397 3645 4454 4520
535 587 2376 2763 2935
96 1980 2297 2397 3091 3702
168 1125 1391 2178 3183 3187 3192 3586 4060 4262 4691 4930
383 1530 1846 2709 2892 3145 3946
150 761 933 2973 3098
473 657 755 975 1203 1656 1917 2072 2844 3291 4143
132 567 629 1397 2603 3625
141 619 1793 3158
1432 2010 3594 3904
105 1016 2438 2634 2732 4244 4588
455 492 767 890 1566 2806 3166 3914 3978 4295
428 2922 3461 3867 4633
195 693 892 1817 2514 3045 3839
401 1587 2361 3219 3553 3642
540 574 694 3097 4355
69 795
78 120 648 1777 2550 2745 3526 3541 4057
231 643 1302 1345 3150 3214 4838
431 522 655 768 827 896 1369 1542 1663 1790 2138 2482 2651 2754 2901 2919 3002 3456 3528 3756 3826 3920 4418
404 2051 2516 4551
90 1348 1848 2118
99 2435 2947
171 1015 1889 2234 4884
485 1845 3308 4616
144 559 568 634 1059 1666 1748 2192 2644 2826 3049 3058 3235 3333 3816 4979
494 706 1509 1853 2020 2137 2416
611 733 964 1262 1406 1684 2065
153 227 2080 2778 3907 4180
359 1977 2753 3020 3053 4478 4539 4931
27 907 909 1676 2195 2653 3426
36 848 1194 1337 1534 2313 4250 4364
449 2232 3588 3909
135 1993 2606 3367
108 562 626 954 1297 2044 2295 2657 3960
458 760 1118 2115 2374 2655 2950 3486 3560 4004 4310 4764
350 1847 1896 3838 4793
9 104 1997 2141 4489
780 813 885 1028 1351 1459 1882 2304 2395 2401 2759 2823 3037 4125 4558 4568
346 389 457 697 2113 2855 3001
48 695 703 1674 1976 2144 2342 2347 3660
362 783 1139 1529 2404 2925 3833
21 224 331 1333 1865 2474 2952 3095 4590
272 573 2324
718 722 1281 2797 3076
84 2129 3404 3428 4275
434 605 937 942 1199 2211 2333 2388 2529 2846 2849 2929 3387 3987 4565
102 516 858 969 2027 2301 2488 2802 3013 3590 4181
299 564 1818 4020 4999
380 879 987 3096
330 416 636 1211 1332 1389 2585 3227 4357
572 1305 1985 2476 2790 3592 3803 4019 4654
39 1508 4409 4488
398 407 1971 2399 2515 4033 4856
537 708 958 1216 2332 2509 2553 3003 3247 4477
230 291 585 622 2650 3717 3837
938 1278 1450 3523 4580
347 2371 2555 3534
769 1326 1631 4722
365 673 1205 1310 1759 2076 2277 2394 2684 3201 3883
2018 2075 2691 3282 3626 4210
188 571 599 1950 2828 3280 4875
475 971 1576 1591 1692 1808 2083 2904 3269 4124 4768 4789 4874 4898 4943
484 4947
757 2425 3759
653 1270 2770 3658 3884 4402
161 3307 4287 4471 4729
242 278 801 814 1036 1193 1670 1909 2431 3413 3610
925 1075 1218 1959 1979 1994 2022 2451 2765 3753 3894 4032 4356
197 2057 2116 2711 2829 3034 4030 4351 4587
527 804 1267 1321 1454 1491 2130 2607 3121 4216
305 1469 2756 4068
0 465 3212 3662 4105 4503
1080 1940 2014 2132 2259 2500 2905
