146 837 2071 2077 2085 2410 3598 3779 3780 4018 4019
771 851 981 1035 1771 1799 2381 2755 3842 3843
433 1031 1515 2434 3127 3128
818 966 1458 1494 3058 3313 3723 4415 4416
1166 1318 2803 3860 4341
173 547 1142
191 1753 2090 2869 3218 3425 4095 4096
1063 2096 2281 3129 4470
542 1504 1898 2202 2626 3323 4191
83 681 699 1277 1671 2397 2480 2921
469 895 999 1582 4154
478 1714 2404 2462 2685 4027
245 1825 2609 2889 3645 3837 4090 4091
110 729 2373 2817 3015 3265 3899 3900 4139 4140
119 1451 2067 2856 3592
216 779 1097 1441 1487 1745 2188 2552 2633 3282 3284 3927 3928 3929 4159 4160
445 620 859 950 2261 2701 2843
391 607 705 734 1208 1304 2610 3210 4313 4314 4538 4539
472 505 642 880 1342 1524 2705 4256 4257 4497 4498
463 1783 2140 2315 2679 3125 3996 3997 4227 4228
61 1298 1729 1785 1897
409 919 2228 2468 2637 2851 4152 4391 4392
418 1093 2353 3193 3817
77 2467 3338
627 698 862 3214 3835 4089 4316 4317 4542 4543
499 1240 1849 3912 4145
158 1072 1315 1565 1766 1944 2017 2068 2218 2276 2307 2432 2996 3853 3854 3855 4334
167 229 2464 3771 4244
50 260 632 1713 2463 2995 3502 3503
400 717 1020 1474 1616
1552 2110 2831 3714 4403
212 481 1750 1881 3033
454 1001 1721 2133 2678 3632
113 1733 2007 2795 2866 3310 4177 4178
149 713 1493 1716 2776 2815 4106 4553 4554
273 355 1019 1039 1622 2369 2507 2662 3027 3275 3699 4384 4385 4386
367 1444 2025 2920 3296
555 583 776 1526 1589 2019 2317 2501 3199 3200 3824 3825 4302 4303 4304
608 1027 1067 1161 2987 3301 3944 3945
606 1363 1414 1925 2711
8 650 741 1012 1169 1776 2931
635 905 910 2197 4062
17 579 696 1229 1960 3511 3930 3931 4398 4399
430 594 644 730 781 1021 1252 1316 1394 1569 3102 3103 3104 3982 3983 3985
26 1986 3004
125 514 3845 4544
1082 2351 2519 3339 3340 3558 3559 4453 4454
295 2760 3467 3678 4132
601 621 1241 1466 1867 2899 3121 3122 3572 3573
439 617 977 2253 2758 2764 3176 3177 3387 3388 4043 4044
412 1652 1717 1767 2625 4240
34 107 715 838 2833
313 953 1472 2990 4362
11 503 782 908 986 1296 1831 3686 3687 3903 3904 4376 4377 4378
1243 2792 2955 3739 3964 4201
397 970 1130 1866 2245 4540
965 1536 2873 3101 3557 3753
262 1718 2257 3011 3682
1579 2415 2615
710 1143 1763 1921 2036 2103 2478 2517 3918 3919
38 1144 2221 2229 2285 2287 3328 3329 4205 4440 4441
213 379 1612 2008 2288 3291 3514 3515 3934 3935
352 437 3641 3830 4085
226 545 927 976 2143 2976
253 521 891 1112 1244 1314 3352 3353
325 1032 1567 1668 1857 1874 2148 2619 2936 2957 2968 3484
361 739 1488 1570 2667 2728 3396
20 2414 2471 3738 4431
798 1030 3036 4162
2 803 944 1164 2001 2263 2722 3205 4079 4307 4308
1201 2058 2572 3795 4276 4513
65 866 1013 1126 1462 1632 1982 4468 4469
271 441 592 1405 2150 2702 3688 3689 3908 3909
280 870 1046 1599 2680 3624 3625 4056
319 982 1600 1816 1820 2875
265 836 934 1091 1159 2169 2443 2664 3676 3677
480 2258 2493 2716 3995
748 847 990 1739 1828 2533 2548 3499 3702 3703
337 1535 2688 4195
211 834 916 2211
1079 1308 1522 2668 3501 3920
328 952 3324 3541
501 1114 1382 1610 1650 1673 2986 4225 4226
915 1186 2934 3158 3789
772 1153 2518 2587 3133 3134 4234 4235 4473 4474
277 1078 4381
641 805 978 1005 1429 2005 2799 3461 3462 3871 3872
151 1678 1974 2323 3335
223 987 997 1041 1340 1699 2411 2452 3257 3258 3888 3889
250 544 591 1011 1704 3384
55 232 3728 4425
438 584 894 1036 1228 1341 1840 1995 2119 2337 2431 2642 4047 4048 4049
133 810 2840
1681 2204 2567 3002
178 637 854 897 2081 2816 3229 3230 3669 3670 4351 4352
456 1177 1323 1423 1864 2101 4499 4500
115 2047 2125 3003 3250
686 1100 1292 1659 1832 1879 3315
241 867 881 1271 1336 1992 2345 2789 2830 3269
181 623 873 3365 4495
163 788 817 1695 2024 3341 3986 3987
477 660 1942 2785 3251 3468 3469 3882
664 1053 1392 1555 1863 2308 2340 2941 3330
756 1390 1425 2617 3374 4504
208 615 4193 4427
286 414 512 1217 1502 1885 2255 2492 3810 3811
671 914 1386 1930 3371
82 923 2350 3249 4133
190 669 1955 4343 4561
160 486 1381 4280
154 784 860 936 1182 1593 1724 2407 2591 3445 3446 4558 4559 4560
426 1168 1253 2184 2809 3542 4429 4430
2153 2275 3240
85 680 1230 3147 3597 4496
408 1132 1605 1814 2932 3247 3879 3880 4359 4360
67 863 1129 1572 1660 2170 3380 3381 3791 4032 4270 4272
300 3185 3812 4063
381 1463 1525 2251 3543 4199
1047 1165 1248 2280 2835 4414
49 1154 1770 2305 3685
130 1048 1457 3071
336 560 625 1533 1937 2107 2182 2292 2693 4347 4348
974 1238 1309 1424 1738 1761 1826 2433 4491 4492
1367 2040 2367 2890 3672 3873
1209 1813 1877
22 736 882 1107 1573 2094 2980 3772 3773
435 2379
31 565 1022 1135 2737 4505
444 1347 2274 2683 2838 2972 3053 3305 3306 3718 3719
112 647 930 1289 1331 1357 1835 2494 2689 2813 3435 3436 4336 4337 4555 4556 4557
682 775 1871 1949 2636 3590 3591 4249 4250
327 534 691 692 1195 2948 3454 3455 4121 4122 4353 4354 4567 4568 4569
312 1004 1245 2448 2963 4273 4511 4512
7 1486 1624 2193 2231 2440 4182 4183
348 403 578 631 724 1184 1686 1894 1962 1963 2163 2405 2406 2503 2676 2686 2780
393 531 3361 3774 4490
88 2016 2974 4025 4264
294 3529 3954 4179
288 303 841 2183 3647 3839
375 654 727 1162 1675 1800 2269 2710 2993 3618 4036 4037
43 309 889 1099
52 2246 2811 3466 3876 4356 4573 4574
276 1415 1497 1614 1834 2123 2329 2721 3530 3531
267 1465 1855 1918 2718 2874 3063 3064 4189 4421 4422
785 1087 1123 1434 1501 1543 2692 2729
366 616 815 1138 1583 2429 3237 3238 3459 3460 4123 4124 4570 4571 4572
1134 1378 1917 2192 2386 2731 2826 3372 4023
240 432 765 1371 1680 1926 2217 2504 4173 4174
749 1222 1256 1972 1998 2224 2226 2521 2918 3165 3612 3613 3614
10 864 1513 1765 2270 2408 3065 3066 3319 3320 4423 4424
1356 1780 4118 4562
306 649 3707
688 2695 3781 4263
342 523 577 904 1655 2418 3123 3124 3756
47 207 274 2126 3534 3725 3955 4184 4185 4417 4418
324 1560 1574 2560 2750 3510 4393 4394
252 258 2917 3653 4547
184 1359 2359 2962 4194 4428
19 554 588 835 1399 1460 1712 2171 2839 4116 4117 4344 4345 4346
28 2325 3136 4008
234 843 2097 2267 2512 4172
1431
315 1122 1197 1858 2237 2848 3721 3722 4175
174 243 1633 2687 3581 4237 4238
92 147 947 968 2320 2868 3224 3225
183 701 1290 1312 2357 2424 3046 3298 3712 3713 3941 3942
228 720 1049 3307 4413
1033 1131 1213 1258 1968 3427 3846 3847
461 1083 1133 2235 4239
170 1727 3226
479 1510 1562 4163 4395
138 1586 2772 2942 3367 4258
219 386 1601 1726 2128 2300 2430 4545 4546
237 596 1104 1212 2272 2338 3594
246 326 1698 2187 2882 3038 3705 3706 4396 4397
201 602 778 877 1014 1403 1647 1715 2124 2832 3149 3368 3369 3370 4020 4021 4022 4259 4260 4261 4262
689 816 940 1061 1851 4412
186 742 2723 3577 3762
575 2035 2822
87 524 582 2346 2850 3137 3768 3769 4486 4487
580 1069 1286 2672 3375 4026 4506 4507
159 1507 3206 3413 3640 4535
132 567 629 3346 4461
105 1016 1505 1809 2438 2732 3913 3914 4146 4147 4382 4383
428 2361 3777 4013
195 500 693 892 1817 1989 2360 2514 3332 3333 3970 3971
204 876 988 2073
401 1587
78 120 648 1322 1777 2550 2745 3858
332 1119 1320 1408 1464 1732 1842 3405 3822 3823 4074 4075 4076
431 522 655 768 827 896 1264 1369 1542 1663 1790 1940 2482 3562 3563
404 3302 3717
99 2947 3496 3701 4387
511 913 1117 1140 2099 3621
54 989 1307 1319 1594 1657 1893 2161 2355 2671 2674 2752 3190 3191 3192 4066 4067 4068
171 1015 1889 2234 3420 3834
513 530 700 893 1026 1181 1769 2959 4522 4523
485 1845 3770
81 196 900 2159 2602 2604 3194 3195 3818 3819
706 1509 1853 1956 2020 3105 3106 4223 4224 4455 4456
162 819 1180 1285 1291 1346 1553 1743 1758 1919 2087 2461 2896 3272 3493 3494 3692 3693 3694 3695
1904 1977 2753 3398 4061 4294 4527 4528
440 808 828 1261 1473 1483 2643 3186 3187 4298
770 957 1115 2174 2657 3013 3014 3683 3684 3896 3897
449 4105
108 562 626 1157 1297 2316 3021
350 1847 2015 2239 2738 3043 3044 3292 3293 3708 4170 4171
9 104 1997 2141 4301
362 783 1139 1561 2925 3022 3023
57 678 1000 1581 1689 1693 2402 2483 2726 3077 3078 4436 4437 4438
263 268 712 1490 2266
344 935 2093 2398 2912 3099 3100 3751 3752 4221 4222
931 1024 1396 1688 2220 2719 3472 3473 3680 3884 3885 4363 4364 4365
84 1818 3079 3548
665 738 2666 4297
640 853 2074 2162
308 1366 3266 3478
380 879 2002
330 416 636 1332 1389 1477 1641 3325 3544
290 581 1682 1744 1756 2122 2648 3085 3086 4210 4211
30 2318 2747 3881
142 371 871 1042 1419 1643 1654 1902 2106 2951 4033 4034
111 589 787 3481 4375
15 23 1531 1844 1887 1901 2076 2271 3211 3212 3415
42 1231 3160 4279
257 1219 1621 2248 2372 3029 3497 3498
938 1278 1884 2083 2459 3744 3967 3968
347 2371 3416 4541
221 502 1638 2393 3792
248 921 1709 4000 4472
351 423 2265
2505 3082 3969 4439
203 850 2309 3870
254 266 823 1805 2499 3623 3803 3804 4052 4053 4284 4285
239 802 1273
566 2075 2691 3456
152 1453 1620 1627 2291 3008 3255 3886 3887
645 959 3957 4186
269 552 1720 3028 4388
475 971 1576 1596 2904 3389 3390 4045 4046
484 2472 3540
757 2425 3232 3671
925 1075 1218 1254 1959 1979 1994 2022 2186 2451 2765 2902 3399 4531 4532 4533
1946 2057 2116 3072 4196
206 683 911 1878 2095 2165 2863 2943 3638 3639
296 1183 1665 3681
527 804 1267 1321 1491 2130 2385 2607 3606 4267 4268
97 210 275 310 334 886 1924 2084 2200 2870 2970 3055 3056 3838 3953 4094 4322 4563 4564 4565 4566
509 899 903 961 1172 1379 1723 2278 3161 3162 3163 3610 3611 4501 4502 4503
301 1299 1383 1416 3609
