164985 225214 232761
105089 331787
231953 523128
112814 112823
62861 475234
12147 73388 269070 439998
42888 217362 58675
301834 353399 497007
213603 213604 213613 213615 213617 249025
219649 233695 337976 337981 444709 499056
40932 60426 69992 121380 135271 144956 178173 196826 222160 289417 302416 388977 425745 453129 467926 302698 366425
58989 219743 219746 219748 219755 398509 529963 543367
74354 128808 201212 345411 376224 431343 432551 484443
242898 273685 343188 365944 405248 485768 67152
104761 166117 193805 245190 262219 484283 521532
169543 219957 284749 346229 461219
76799 228369 228371 406903 526356
138475 149247 149250
8495 150048 164309 221460 243178 281604 292542 377561 426350 449280 498126 520322 532147 4484 5437 9656 38463 45600 54536 132870 148248 169736 170987 195830 202401 217014 313050 315910 337062 339961 373268 379472 382714 396419 407156 447954 451248 462111 470171 475223 499218 517835 534133 174295 355554 254311 405500 532348 402444 377672 529422 386545
5384 110507 110512 110748 192985 372395
65390 180936 214026 319423 367843 295115
25705 176603 288881 343798 402905 464872 231588
7916 86421 88597 126382 153577 188170 200838 214804 226320 251763 264382 266291 288764 370403 430441 476094 476822 535698 425892
226933 288773 354406 395260 433116
20182 20183 20185 20186 2770
261804 334721 358944 469808
10861 500504
68127 70872 224925 350881 353761
71651 136931 344376
221215 230413 246114 270592
90508 136916 241677 47917
47947 162804 538948
54 135014 159866 178505 202793 242523 334058 370632 394570 442252 522777
68164 90017 164035 209103 221076 234757 344437 386267 395500
1602 316508 365982 382058 417272 425507 495172 523055 330542
10980 68852 384492 520171 262022
20193 22379 28496 52859 93556 212817 231533 429802
41233 46638 93866 149190 154979
17348 47156 63867 303329 312849 351508 353748 361150 2230
120942 146227 213167 267988 278186 394142 452083 508006 300388
52177 342582 343803 357139 397652
39024 340358 346686 348122 382265 406622 461663
331090 211607
138094 164230 290174
74497 243985 456156 494652 509251 519498 535871
100897 268935 276495 341825 448472 448478 448479
241113 246708 330294 354519 512703 531771
55047 109596 311842 313452 315852 335798 359987 407773 431823
16111 97128 97129 97202 216065 268915 280334 16109
130722 203259 234035 341428 452316 463827 488085
13083 50229 74914 138186 161631 301328 384358 438144 511464 408215
93424 473657 467308
51162 294043 362026 470113 482419 507403 528331
55243 78826 103520 188784 274519 286707 293921 405928 440458 64882
12681 112668 120631 280772 280779
42284 52236 140949 165131 197609 353245 400218 500904 462345
3069 81664 203243 333710 468467 492665 540757
14254 17479 19463 40144 64777 73725 217657 363008 487180 233388
32531 434086 458489 523392 535215 535702
54237 139208 161829 215794 253322 269821 291619 387913 446679 507731 507736 507737 507750
113905 188421 205459 210414 258181 338280 339151 411938 432420 456517 499824 528406
33116 95736 200577 220425 237846 252872 338819 518003
5582 193375 213676 329508 339289 350684 374744 495203
59509 68430 84384 93341 172036 294094 310314 504212 537726
36240 93547 108203 344212 375470 419212 501901
8624 167296 201470 208857 278798 314560 314562 321722 371764 480955 503374 503379 507101 528245 71107 191306 233613 245602 307426 394812 449979 515033
35096 68020 100656 144036 166163 174757 191283 191284 239725 250018 308709 310642 315965 348335 364316 413326 424623 424628 446669 450131 485307 520489
20676 60967 70797 114872 222386 228567 269750 350356 388751 509194
21742 46750 134247 171553 223767 258658 306262 442607 458567 518137
53833 88999 112315 136935 287017 352856 387637 415698
15708 44578 60897 85733 110288 114293 114561 182337 184866 346617 372891 508820
86967 107110 129663 264650 289094 486317 521391
68113 248483 324474
62212 283926 311238 335193 480585 521499
192260 201171 230723 400924
94157 228971 387856 473690
13867 21789 43967 108325 219714 367717 410401 448789 456740 492018 496038 526750 533680
13437 29680 90726 228006 231984 232184 275232 281326 286390 292478 333743 411034 527883
26950 53522 70364 80737 102770 118665 123802 127411 173699 256539 258931 270490 280839 435495 447308 463627 479547 513436 522331 523504 524343 524821 530112 531334
522869
11462 163294 209787 318299 319527 385265 416994 421463 430736 514230
40257 149459 302298 323354 391957 468596 532365 87944
26661 50066 86257 264346 375204 398286 494807 527642
94879 105993 201582 223642 239954 272973 355461 377006 395464 406110 536260 166143 258569
78535 165352 546303 547111 547342 547343
19614 215706 267299 483438
203547 204591 470794 522328
19622 30849 34477 140014 224056 367439 419643 463507
29036 77589 108247 266452 311349 336378 392981 472012 487744
7933 15292 16714 20070 73991 77749 102398 127074 165039 190124 196165 205831 257703 341768 366000 382206 433499 472771 481690 516440 251441
4005 97674 282981 319136 371558 391665 463620 474167 493578 496977 527275
334107 378674
2223 68284 114393 139407 244679 289508 328671 424392 479184 497568 527734 530164
68757 74320 104500 160383 316504 331116 340590 364773 388560 509547 513310
11065 31591 55931 168287 216739 241646 299114 342259 379596 427444 478910 500652 530841
41885 66520 107582 228892 248812 253624 273314 343630 463360 525454 215778 207524
25301 174471 344202 344204 440423 440425
85960 100001 185031 334881
34069 93746 118346 164375 268565 293070 332827 334329 358591 406380 420513 423318 430354 520700
183356 250924 275371 299770 372953 389000 425475 440811 462792 487020 522161 525784
164133 173160 530421
94558 279360 294063 312585 336521 359340 393519 403179 407071 420951 436325 451405 500578 529376
38581 63176 74862 400813 461680 537346
134939 348821 415746 439139 457766
11773 48550 73233 133069 213093 238783 253868 281946 332097 368011 391925 501400 505764 519200 525564 273712
60937 101631 103133 153491 181126 284423 287808 303562 326990 334991 346114 462464 493507 538396
155539 267320 342293 462683 477039 491661 542743
121006 168431 175809 193599 263169 271753 301093 350839 357226 376665 422678 449137 473120 207193 324488
252628 463961 485383
174172 296511
12629 41702 67693 89528 90297 92608 96938 114916 132917 133918 157752 189521 211515 236396 315562 342020 368609 389835 466850 486160 520870
73 42018 142583 261014 261046 279516 345111 369214 386868 417573 451459 483855 511743 516766 23912 282562 324103
95647 164236 199674 264636 297091 319430 342614 358037 375289 440086 451990 467636 485361 520733
49230 360803 420228
22967 63725 260630 290530 331860 426567 454171 470571 491828 531263
175657 467601 530943
48448 112055 143671 161659 171979 277912 302342 302350 319569 351716 418605 503245 519124 346970 193333 269571 343601
32451 46703 76467 239461 286893 312811 412102 464086 509145 513654 525025 535408 541970 94931 19148
198707 244909 299522 310196 318042 454182 489774
94800 302845
149703 192027 279526 478314 480259 501820 521157 322781
7651 34204 35242 62164 112685 179116 179914 235463 235864 238654 361420 388591 395097 404319 502010
57455 144221 188534 331603 408758 429358 521201 529907
241612 507575
34594 82034 95834 246655 254624 305721 306515 309474 313113 381894 388342 397777 399259 406858 412129 423031 434737 482990 374164 209646
42714 100259 198172 216202 230862 242628 345528 356182 359466 399876 511516 515102 531753
127346 545427 545429 547254 547256 113034 44514
176 131232 201855 321841 347858 533157 132725
18946 21193 74639 133887 151531 241574 297110 382408 426827 428152 445944 450706 505600 451372 345863
299842 434493 434495 438850 535349 535350
4085 10486 60002 415440 508129
207803 411292
72095 84026 143438 151254 166536 183883 235822 239656 371709 384060 395085 418134
43606 50157 103921 134935 368947 447988 452260 517606 225654
30515 109310 177056 315518 338994 364271 393490 417413 441237 460624 161270
41073 112127 154604 155103 257317 260946 424559 424569 468139 477281 539078 540627
70863 83615 91645 95788 102898 108191 134064 158928 192759 230977 255781 292712 301086 317602 341644 377255 386664 437385 442207
4804 26284 49697 66802 84512 91726 123900 170107 266583 320914 354669 376458 417848 424287 486252 503239 518091 526735 532709 50459 416072
56685 165139 309941 484369
1758 9323 24694 57014 59710 77102 81958 86168 101776 111955 131181 137178 154620 155142 161382 177501 190275 196335 201881 209023 212260 213422 214328 236079 244865 282389 292279 335149 342299 348300 352674 401485 426918 432714 474443 481587 502756 530182 532864 533262 538656
1994 61102 73660 87268 107992 147842 169284 176914 186228 219888 246575 285201 296948 335091 389945 396216 432716 504371 520958 521909 537167 366131
38942 74213 99188 108584 167797 215664 234546 242551 266425 267735 287319 289921 337561 538964
276753 402482 455263 475285 477697 482546 56979
4998 6165 29915 49151 83619 116597 173377 211010 268035 336727 338919 350246 371949 421174 426850 475281 503036 528451
25094 30012 80153 117848 163200 184191 188313 205669 243289 255399 284366 298966 309970 315063 315407 345802 369899 441533 455520 526608 540443 13248 29563 33799 76557 92212 97018 115144 121638 129020 136963 144348 147835 150371 152841 175604 178031 194436 200642 243240 245523 247886 248030 250378 261348 267773 268353 272525 276604 284228 299402 300621 309672 313665 322472 333602 342279 378221 390333 405609 413512 419566 425548 426084 430159 434010 438643 449361 449928 458156 478024 498764 502904 506046 524866 528695 537720 21823 48542 49299 65581 84226 90055 90392 98418 115024 126184 161640 164490 200667 207311 211522 231590 232381 236502 252958 301724 318922 331673 342983 348796 365395 367123 372909 379854 399173 400256 414771 420643 421322 433362 436671 438641 444456 445274 457506 468534 481513 491430 494020 501204 514884 519197 531201 536302 3670 316153 534435
33895 42977 54168 73243 83623 150058 216431 218769 269236 334061 516184 516831 532003 544399
54074 184017 214684 316403 316430 337623 340511 344206 419377 433704 436828 498325 505254 518807 529617 530205 535124 539013 355712 203229
2246 40924 68704 74720 147766 199476 243994 260488 268943 338095 349653 408445 462002 464495 488231 517892 22826 126841 263014 287458
22753 47498 84217 136208 179179 214023 255722 262922 359500 378414 408658 512234 100084 530227
74023 140392 144252 144255 183871 206643 230601 255355 260920 322563 342042 364779 366253 442379 466634
11141 79941 104574 129272 153920 173927 289804 336133 353501 410519 424655 427212 462012 512038 541814 403263 265351
144403 491995
25950 87423 128646 357272
29195 53482 78412 90872 127731 177514 277890 302328 315424 339438 407628 523802
12517 65503 139490 229173 418046 512945
32818 32819 32821 32873 32875 32877 32879 32880 53520 62523 140298 168637 173935 183395 189279 200549 216445 216449 278141 295252 320928 345620 359912 379180 465069 470095 470598 488157 525406 137763 137766 183412 22388 31673 69451 102350 126868 152486 228695 240517 285376 436108 525422 541545
88172 283516 390746
42687 161938 201570 201574 215112 216724 252984 277248 51882 143104 257863 260603 463234 81166
75600 101909 109197 128781 153991 235216 261771 278740 299942 300327 312433 329881 348662 487512 494261 531782 535205 535798 545002 56536 523664
348108 372238 396166 415253 443821 492595 160798 233468 257621 281988 353931 522415
46196 64131 196726 241848 272582 358285 368269 391238 457335
13146 13752 22979 43798 51660 87311 122728 225783 290347 298914 301823 316752 320545 352817 371837 395752 443545 459197 467827 473456
10734 60559 68871 86908 93789 109891 110039 257779 259228 324314 324599 350514 377757 391981 411757 443042 487194
77713 315631
544663
22412 44291 230956 230957 230962 255796 255797 255800 255813 255815 255817 255821 255825 255830 255832 255833 255835 255838 288065 321548 321550 369782 369783 369784 369785 369786 369787 369789 369790 369791 369792 369793 369794 369795 369796 369797 369798 369800 369801 369862 369863 369864 369865 369867 369869 369872 400780 487291 527610 416272 494440 494444 494449
132457 191796 195043 200224 204353 204354 282391 300953 401574 415565 416429 446733 504361 538078 144502 200365
232842 259903 319367 344561 366254
67883 105792 149197 193926 205875 317160 320580 367309 504121 527109 227789
12746 122537 303521 303549 320702
8481 21046 77024 91252 95685 103400 216381 242686 246761 274946 281478 292120 423896 441658 450625 474757 480790 481279 498400 500282 506249 528442 284295 201586 344474
495392
6936 24169 104066 218474 246022 265339 344497 437263 466104 523617 526436
292085 368988 368990 369000 369002 476488 542678
81071 81128 118113 189653 189654 292331 480841
131442 233222 441855
26594 43658 91655 119305 130923 133904 138501 217696 219264 220277 238708 248185 279761 280410 283793 299828 313661 317384 350642 363273 373276 396297 414043 416134 423615 458612 463809 527812 57636 200956
49061 360239
335314 366593 436141 522668
391269 526636
61601 61938 64808 102931 111008 132915 134831 143714 144919 145293 180095 185527 211652 231184 297268 299089 313355 321860 325491 334990 341978 353132 494077 513774 520346 524353 409415 288488 86455
78497 84342 127711 207962 259116 277892 282665 327251 328525 352696 451489 2641 391377
84055 176891 201263 336715 366590 408596 455003
65060 125994 133562 144713 159868 162977 164250 168743 182116 189339 207402 231714 260596 293562 308944 313823 339172 343646 406785 422696 455986 472600 475084 515316 532383
73719 114536 128824 136590 138828 160179 170291 212243 236022 266172 299023 355594 355906 376623 388080 412785 435329 466444 488471 507142 532963 81482
217261 221400
24022 24025 150988 335852 547755
5456 17284 61148 68431 93086 143159 179106 278920 324084 325596 352091 402327 452766 500420 535668 535920
11153 49254 69843 97257 130418 134358 183837 188744 190224 242112 259203 369065 369190 428012 437448 462789 510314 515064
129718 172754 295873 506571
49098 82214 91232 127277 172194 194256 222011 233864 258976 283373 356956 439814 515581 521118
41377 53293 70108 80392 135867 153075 155151 161949 181064 185580 214046 225457 311490 342317 347739 380326 392651 426115 432920 462465 544323
4365 59908 109351 124819 148039 157047 211726 213292 231545 289611 317169 324952 335295 349450 356399 409903 410732 448053 474908 493950 516340
70432 149458 272922 324533 351983 411467
3085 22627 30644 64313 131647 250399 265247 276688 279372 282923 320460 324311 331025 334199 344070 348709 352910 368196 379064 394466 438736 443412 462049 463968 470625 512927
92465 145537 146955 161336 176985 230462 284155 284970 295130 321070 341967 345173 396551 401686 422027 430353 459353 467394 484357 529577
31195 36793 51142 64999 67111 90295 90734 92800 109808 166561 177538 198063 211751 212805 236925 248191 276010 285067 353233 378214 394175 432128 463724 488909 501909 520004
38006 62586 111985 153965 186509 275408 419797 524665 3236 62953 95142 146326 150611 197043 222379 305536 396806 436427 457678 464744 474918 505305
33528 35633 392206 409773 462036
32892 78488 81957 94166 143368 187952 215497 256479 273064 279547 331930 345142 389343 391388 393538 421881 446997 470866 470946 495786 502084 505755
181730 409204 409202
33081 42712 53054 64291 93974 103232 107269 154963 230284 263035 272971 342410 383223 397772 405594 411171 431132 437291 455392 458352 486464 494644 518739 544308 381701 140762 432165
38970 152778 462944 477570 533323
6304 127782 431507 431508
4068 11498 61167 73615 85992 94324 118909 139410 160049 168526 168572 185056 193615 211337 232136 240860 255103 261066 285438 384553 393087 514553 526511
183325 209823 260990 296623
26762 56155 184730 260549 323358 328054 399966 513863 527759
5453 78987 96792 132284 242538 501529
117539 309574 341777 372557
15270 66281 130135 144241 158407 171071 242712 362431 370106 373682 420969 447474 518949 519172 307057
118500 138301 185469 318344 321153 471730 519051
87699 112327 229193 318193 348642 398148 521054 531309 87698
41190 201569 267466 475905 407102
6790 21716 28723 31306 67055 75824 87466 107068 112067 127043 152440 158592 162427 237078 239125 239637 280601 281386 291115 338580 340504 379874 388654 391883 393559 412103 431347 434739 441859 458333 477155 480282 509640 520151 528852 530606 534007 285256 240218 13965 379695
26369 260532 341836 411791 469669 509074 461804
28416 150515 303431 521792 529784 533788
32631 77110 172050 322480 507959
40443 85270 107054 144416 146481 155513 164014 180755 185174 194103 235411 236017 281125 289496 304639 334170 336162 346319 352500 392857 452292 459124 483247 493148 522191
159503 246476 248173 394804 12898 44502 358002 358004 358006 174631
219574 293470 445812
57621 399672 399687
101861 106173 114322 148907 153636 161757 201671 207228 221661 275045 280108 283055 311040 313296 341228 364875 388652 393295 397377 466428 476504 526555 539909 475732 79503 462530
80447 500105 520891
31173 278864 342984 389547 413257 432850 515761
11442 79797 238939 250678
79489 87493 178228 178231 345470 461202 490051 490063 536783 341051 173707
771 78191 280717 491073 520122 520135 530571
4146 21483 25701 33803 35571 42149 49035 51773 51935 53222 63874 66787 102775 108580 133152 178686 195538 201227 214149 220904 248037 251959 271813 272524 276246 301600 304321 306793 331207 337486 403381 407774 421033 451183 462832 468261 468948 478839 483679 493743 497701 499925 503771 504740 519747 520679 525716 537153
132031 164604 189237 248036 298879 317366 326713 399040 433881 540293 444979
2137 31014 78589 94796 147315 335132
12860 259691 273419 445499
15018 126362 193802 397693 413041 413062
190062 274521 328123 405565 101668
2935 8546 37312 52850 57868 92451 99270 115476 121551 159870 167319 179255 183430 197590 216822 219109 242336 243758 243803 268300 314903 329234 365332 375325 376975 392090 400604 422473 472911 490032 492754 498635 502495 505175 516834 517850 532895 533033 542607
51601 51603 51607 51609 51611 51613 51617 64252 89061 121756 176391 196124 210259 322613 322660 333585 372836 393071 394297 410156 426139 518347 51615 251189 51614 51621
138889 138890 163775 499031
1841 11532 46370 49255 63495 109491 123228 125127 149492 152436 163778 171065 182875 186518 203981 211472 212191 215844 219482 245138 254741 260615 287062 304646 318724 321245 322560 335121 335452 337625 339339 365870 376846 380765 405904 409945 420862 443740 448439 457111 463472 467018 472959 484094 487028 489658 492742 507509 513947 517291 518284 520107 544796
38085 42565 93814 110650 141343 147152 165406 189829 208621 211894 216826 221436 264569 296207 313446 350413 411459 454723 488813 186613 194776
38200 98484 112070 116596 120989 159037 224453 227376 242997 286336 287610 362406 433658 441901 447429 470445 515812 516817 517161 519642 527598 531957 535727 196562 302796 386453 452842
13739 40029 133761 168584 299008 342622 421579 455425 478924 535534 541585 108184 226291
40935 89837 99659 108268 135360 147214 197439 198351 282863 293297 310645 334574 377165 413084 417223 538642 230333 411120
24235 139534 159226 258819 326541 351110 367827 396156 415544 488459 512763
63368 157272 256198 373528 427654 466283 482155 497000 517875 180578
174308 229525 312428 312429 323657 472380
42420 256011 408401 462256 361541
32115 193098 380604 428448
3120 9869 14992 101939 149432 150038 189398 203600 226912 236382 246768 276086 276847 300171 341761 362551 377304 436450 447700 460256 471688 504831 528926 80905 123297 434120 52665 64539 70232 71521 77320 78849 81392 82128 82823 91983 104504 104997 107230 112768 120326 137392 146209 153172 161157 178391 190266 218429 219484 219936 242549 253751 254204 266147 269579 281118 281961 284788 319065 321216 330541 335032 343112 343933 354348 375181 376939 399137 412242 450608 455158 457320 481242 483042 504277 518606 527391 538992 135519 29384 525219 65985 424159 95698 289784 196453 498016
331731 336391 395217
14012 164042 190637 221367 323614 528646
477532 515304 338570
88030 395816 420502
29205 82225 84104 130124 256587 320826 344925 517445
91765 131554 210783 226898 234650 242071 463803 488316 524331 524962
2959 90731 145910 208358 225665
18471 40254 40507 67672 68880 94065 96164 100833 110311 110323 118002 118660 121312 132318 147145 149965 158454 159005 194464 201370 205588 233409 246158 275335 283768 297774 303877 304953 340566 357876 362293 363607 364596 369653 369656 371021 378535 386144 399588 405799 418732 422962 462518 465830 473137 485445 504760 507999 508430 521948 526677 539010 546837
434 7100 15700 22475 32499 40152 41520 61879 86724 143401 148912 149899 150252 170956 191182 192770 198344 214614 214723 216117 219206 239063 239486 246371 247814 263674 282086 289413 334036 340967 349469 358286 360544 369105 386341 390209 392306 402463 406077 406340 409978 422178 423097 424320 427829 437613 450768 452412 460214 461666 475716 486011 514188
175831 270174 270293 471355 471370 471375 471377 471380
14073 44908 58975 58977 69337 81228 106100 113840 121514 150736 204991 211717 237111 255202 262774 276695 285798 289285 313954 326988 339225 352552 371573 396697 428546 430767 463576 465629 511063 519126 525489 525490
29759 39537 39538 39539 39540 39542 151456 151748 151751 176604 257397 536741 536742 542826 543731 543762 133617 542871 218281
5238 25749 121270 168715 168720 182430 193790 205319 228831 229510 254263 261558 317603 320128 406305 406909 412670 445716 471009 494860 539125 3833 6579 23465 26373 28053 33812 49761 56052 71736 73400 74439 76881 98269 99373 101019 105619 107972 122915 127345 131182 131211 188073 189959 195210 215955 217230 223061 311872 333916 335763 343242 349055 396649 403255 420427 432937 434966 452884 472722 494481 504305 519013 536830 19341 23890 23916 47744 55043 61178 65008 66096 67395 91592 103544 114473 120380 131093 135702 139089 141711 142427 156691 162652 163920 181953 189013 200271 210992 212553 215914 220330 234271 235970 250182 279216 327890 358034 363926 367285 368176 373188 389871 397590 421557 423859 426269 433843 444750 445441 475581 515659 522750 544898 38444 306781 382724 517224 184458 228537 381003 511237 451671 53117 203903 328468
75183 155666 272830 335473 530008 79348 300830 313309 314477 366327 541715
1639 94267 96981 142820 199217 224937 260638 512204 544934 547527 548255
169845 189478 212992 322928 369074
17651 27941 223909 223912 338888 395199
281058 447090 461414 370840
924 2154 7717 10821 28941 30018 35504 46696 48189 54375 58441 66628 67982 99219 102502 117907 156784 158013 198477 201146 219381 223290 272414 277374 278958 286679 298089 309230 310994 311140 330712 331516 344648 355273 369723 369741 376306 379961 397001 398638 414973 473965 474764 489111 496449 498378 509500 238220 331020 181932 320334 185616
24458 24462 261193 336745
202056 273441 339154
221362 336486
92185 111312 185837 188895 200591 208936 247407 265543 271882 331338 379522 517885 531049 166893 222530 85720 135953
13343 350390
13213 33791 37913 60524 69216 82240 94105 109753 113186 146452 152557 161090 175043 180019 182423 182511 185280 201932 203634 205422 208178 208909 209957 221231 275549 280138 284163 292492 294202 317187 320215 326003 344288 345722 370717 379377 388409 399642 416934 424297 427256 428388 440746 465019 476330 479455 480064 497024 513425 526402 535864 125335 253586 516116 448160 426533 393821 338234 436758 362460
1820 10687 26443 61891 70027 79895 85518 94903 96907 102507 102971 115002 118233 118378 119092 160700 163082 164600 167642 171437 183511 185834 187854 190337 206265 207329 228086 233088 237249 238138 261977 268581 269505 286373 287049 293591 297126 303589 310096 327126 333429 354429 363933 384350 387578 394137 411367 423187 425681 426033 429147 434725 436429 472084 489399 491494 498596 508581 508904 512048 514212 516947 520280 527136 530406 533808 537745 390225 213264 135942 178061 50313 279570 60965 341392
4109 216089 338212 350856 426263
14948 32065 42826 63151 68116 73128 87891 93317 129997 134663 156457 159988 193110 194944 197841 199507 206283 233996 247651 260469 276007 284796 299112 321831 326225 353013 371067 380776 399039 410759 416423 422155 446503 452082 465402 495357 497384 501277 510562 512468 518125 518984 540659 540861 7219 204899
70878 169175 194234 206785 221525 239740 241200 433880 464218 476921 501773 526687
136446 288831 346486 397143 444825 474594 498843 527558
95353 140199 194007 201631 210570 276645 306456 351661 351673 351676 423522
97561 114732 150327 185709 332264 446008 446010 446011 453018
62919 111580 212352 248013 335458 396966
6899 37829 70409 244754 336593
109437 320622 443826
2694 74217 149937 271996 469316 498928 172017
51718 71714 471616 496530 505616
25678 57217 121740 123267 205744 300085 371495 483016
263317 2486 30398 33251 43379 52500 59285 64879 67572 70522 75780 77701 84839 92472 93356 95427 104553 120615 127199 141618 149809 151849 152407 154509 182201 182923 186022 202986 204966 205838 208714 217871 221281 225233 229209 230262 246180 252719 261562 263093 272957 273775 275237 276567 277024 277617 287582 289953 298254 301761 309411 313307 314250 314719 318212 318538 329078 330328 335183 345901 377247 383087 390680 401268 401798 409356 416162 419862 423864 429708 433190 434830 443332 458993 496201 502212 504199 512729 522378 527792 535477 541122 541690 543516 80756 278 4328 12959 18041 21786 29354 30093 30688 30962 35067 35308 38671 42473 45362 45561 46508 49424 51902 52511 52785 59532 59613 59912 60211 60627 71187 74895 79870 83510 83906 84285 84693 85871 96125 98199 99026 104481 108259 108892 109222 110453 112056 115533 116096 119359 122517 123159 123681 123953 137050 138024 141635 145797 153979 154202 166566 172218 176184 179698 181025 181492 182435 185822 186386 186575 186827 190765 193240 196008 197919 198973 199759 203272 204126 205676 209480 211967 216422 217346 219603 222414 226541 230788 231620 236947 244578 250046 252125 258382 265066 268123 272735 273209 277713 279830 280255 285669 293587 294393 295177 296111 304727 310236 310851 313006 317146 317367 321619 325052 326211 326849 326874 334788 340331 346322 361524 365309 365354 366654 370416 370979 371029 373756 373799 374874 379102 383731 384330 385399 392463 393031 394703 394886 396502 399572 401449 402379 403034 404948 414657 417198 423306 426835 427507 428993 430314 432229 435398 440745 440989 446298 447224 448214 449985 451488 451931 460073 462210 470004 470620 473001 475666 476448 478676 482986 484561 485080 489905 491667 495476 497867 500473 503684 504412 504784 511278 511689 518306 519686 521655 523046 530647 536482 539292
5465 317640
21262 53638 57369 66395 76927 77064 81327 112595 140717 171830 175149 177452 195822 216818 293214 297837 316428 334722 369567 391404 439992 452553 467578 500843 514134
210464 235705 271023 276501 336961 471385 234839
30600 279287 339180 342724 415141 425574 481907 515124 496284
314443 479970
13436 205388
8817 18452 32976 58799 80142 85349 88269 94813 129068 137008 137236 142514 156498 160681 163919 190308 229488 232600 242690 253239 262148 264005 265353 283767 288374 294006 296571 316764 326089 371997 376997 379324 383362 385015 395891 400011 407273 414629 427216 427791 439202 459331 482859 518227 518648 518695 523737 531205 531641 487135
37960 50803 245498 257303 487957
74012 163140 329735 359073 395421 87659
63572 249599 270238 436830
27853 62296 156772 171503 227263 255159 269256 381317 485474 518689 535468
96430 285988 396980 401172 441099 491737 497585 498957 8203
49502 79444 156874 156876 173793 244533 269011 430740
82245 256513 256515
208154 208741 210255 524274
66081 79786 89597 107736 198484 273096 282498 353324 353333 355197 406398 444215 520291
73912 73929 73933 73934 73938 152543 153391 220460 274305 283470 394046 428193 428498 445204 469094 469095 469135 469140 478116 489415 489424 493980 536410 13905 439554 322297 446022 32446 73927 74795 162362 376511 453478 485510
50957 253794 286274 376122 496093 142680 325101 351669 459635 465905 476197 505195
211006 452195
39840 45922 395427
118203 206513 212121 365285 381652 201878
149339 233610 330933 334880 373181 376748 460712 522043 42046
66078 131037 240998 241019 299583 413492
241707 351881 357744 386269 480500 490791
60606 60607 60643 101201 205643 480375 517741 328528
487582 513582
22116 269590 343987
11074 105139 201095 221647 347908 381506 388324
381352 456223
94213 110062 178554 220205 250261 269199 322607 353310 370860 448868 472803 383361
140510 295308 374862
3687 28710 44808 53023 61099 61731 65322 70588 86570 90138 110478 114768 123064 124215 135174 139398 149454 166072 191118 236828 240484 256888 262758 281266 341923 348763 357623 358052 425157 431000 433199 440397 493626 517372 521815 533797 537458 485042 50083 507862 416895
32975 38714 175966 257175 267496 326382 336242 346393 405645 477297 522364 18722
24556 72977 160597 342426 343259 524098
47117 71691 94320 96612 99883 145706 187493 199701 209501 234500 312334 360517 362851 373067 400235 438664
521 70004 127332 148870 169697 173687 174097 210373 233313 235362 292843 330506 356349 401127 404185 513756
60085 73898 100724 124498 138799 139160 184310 191337 191817 210828 213761 238807 244836 261169 270535 313616 326840 339854 377346 408250 416373 456402 471242 484992 507158 525995 528449 532279 543268
12062 265611 29584
315279 339336 363574
111722 122613 122622 138325 147105 181666 223046 249702 362176
90938 214452 244240 246173 336770 391524 537816
125167 202927 125175
34895 38265 116969 343306 347716 355378 366824 443731
75731 262777 490580 33310
51246 161307 476208 107722
202340 349477 412310 453575 477575
78953 106273 281753 307781 336059 352153 404955 439778 511367 540587
166202 382445 386562 406338 457915 467177
196132 196135 491949 47403
36956 354618 377661
354352 387855 402261 402264 402267 426231 434494 510899 84727 121208 143359 168278 168280 379539 379541 379547 379549 540100
50774 62962 102093 112326 293362 391145 396595 414633 521099
3883 30039 134175 141436 197127 201731 319970 340397 510393 541139
11818 96868 425125 45243
207944 207946 234920 303698 383708 399461 530882 210166
14305 409927
43424 130445 199656 354269 1200 51113 80433 87071 89970 142400 152589 164387 167882 189124 226140 256580 279755 317090 330293 342871 354088 354565 423673 463745 474381 531792 409881 224252 197137
50739 82953 148423 369409 369455 451280 453071 477597 502452 514143 534712
22545 49608 117583 141177 311003 436233 479546
253126 286521
457372 126810
54847 492247 82457
8469 16793 83901 97023 150274 264024 287686 339985 373941 445520 450013 468775 529047 533897 170809 283610
443 19197 65886 70513 86888 104176 105204 128705 139840 161232 165430 185636 195461 200228 216567 219107 227700 278001 302507 312166 318376 355253 360679 410980 457300 475488 487943 489751 508801 520753 521872 523591 524008 533027 7099
105664 199086 199088 281568 394449
18479 52787 102292 126974 298838 387411 389114
6351 168646 228092 390836 477206
227369 286151
16710 20571 90704 116757 191382 238369 407908
78242 389396
92025 168180 484280 511844
320365 365096 345483
102864 224684 300185 312794 462180
224420 320163 338515
6988 11264 78474 209331 354506 396743 476077 476092 500905 500917
102760 152006
54222 106194 136774 155598 225247 229584 254345 356240 408029
10711 70709 73196 143147 168084 200962 201617 210144 215148 248505 276648 293920 313563 339079 371116 373238 418827 428857 452678 465744 487986 497754 523753 527849 320805 280988 81205 399339
72226 175144 185626 233084 246160 268827 295134 337917 411027 440817
117614 139711 161457 368364 368371 442550 462227 465116 480472 509896
140937 288030 329387 364737 486322
2894 3679 8026 24580 89055 94083 97717 107131 108363 110775 110777 122664 122666 137527 137545 148848 195564 208201 212045 230357 237858 241235 282393 328417 328419 328430 330850 348754 364623 364634 381719 395197 404010 432293 450297 454413 478362 523811 526185 541417 541419 541801 517201 332872 403965 46711 524208
19370 50246 192052 305365 492792 465934
131944
52939 279190 426017 498679
406965 537922
93256 93274 93403 155211 356429 356430 356435 366722 380434 384210 428268 529126
3841 353325 377372 377380 97893 148445
491421
172062 227921 285524 330175 468293
73466 73477 419978
156820 327382 381820 424741 429668 453462 482450 531036 542246 479676
1164 7775 10872 12275 18396 21859 22108 22750 33972 40150 40368 41947 44417 46734 49011 49251 49404 52705 53201 58209 62816 75422 76174 78548 83365 84360 95124 96246 98598 100800 102786 103920 107337 116893 118972 123137 126263 126867 128604 135305 143180 147613 151478 153222 154922 154972 167320 169941 176655 181589 188168 193701 193968 199136 210491 210965 212190 215982 221015 232111 240177 240649 241902 245981 250555 251857 269278 286552 288210 290254 298981 312191 318316 337899 344787 355126 362412 364079 364368 386317 389994 395337 403712 407916 407983 408514 415696 415813 426901 432507 432520 439603 443438 462564 464824 466954 475193 480112 480777 489123 493163 493231 493702 493977 501189 505072 507622 511805 513605 515541 517097 522764 524164 531157 531766 531905 537583 538291 544328 544343 547472 505586
5747 7083 26901 87846 104062 143271 146623 181922 239992 278593 390656 503505 492497 156757
457072 457085
89972 163303 165121 223142 272427 314957 316782 441755 482876 530563 89971
85046 119819 172824 201863 248716 263268 345974 538606 538610
532011
50647 338877 357762
28328 52693 151422
227999 416394 252738
31020 49744 133331 533555
436832 436873 509314 509537
6557 11352 67614 67617 67618 67619 134561 392622 437058 471348 474245
289084
74666 450482 88974
133283 221229 284087 294372 437004 437009 437010 60508 279806
44628 84532 96511 169922 181142 224444 236237 273391 285348 339497 363723 394650 408706 439165 467157 483628 491454 230093
6092 109233 109234 171972 207285
31305 60344 99127 252569 269909 312454 393892 437003 438455
490377 535855 288072
245030 334490 318229
18326 27384 70301 126054 128420 142745 154741 198600 236452 284448 294605 421796 421837 421843 421853 421854 421856 484442 534825
31838 83592 100652 109663 166158 166162 166225 321740 352955 400798 424637 532258
25829 55491 226536 435660 435700 435716 459853 496805 504979
35237 51400 67936 92834 349561 496149 471280
8285 80361 336577 346464 430590 520037 336579
31061 275568 416985 433420 459621 485312
191369 314745 337585 337592
62960 120296 122211 163023 404494
33492 65243 65513 141157 258162 292574 346811 406477 430451 495620 521772 33345 316409 541076 124351
79070 121919 142230 165141 286636 294783 316850 340933 448617 516510 532925 537035 443972 341120
6224 6664 22968 54773 63856 100755 102969 120984 154218 155754 160996 244526 287618 316855 339744 339755 349850 350200 353156 382934 402866 483719 489148 495858 508515 519067 521609 526783
218100 292127 301237 333442 450744 522957 533302
73891 110743 128583 188720 300598 324597 335299 370973 442446 444336
1806 4389 49243 49268 164686 376498 393054 405956 528993 121188 160502 216817
34799 34802 58848 345624 516523 520546
64869 100932 200920 210859 267416 495066
27890 48131 52064 55386 55388 57383 165463 219781 238491 389895 405178 483076 538129 41336 99182
62211 99302 123836 154277 154282 209163 236304 344610 359862 372706 407647 431741 522205
473502 495814
303927 98075
84309 148221 414685 193837 448427 509142
113592 127960 377832 456621
53560 64572 65000 68257 71640 81499 84239 102941 137824 145911 145932 150243 166867 194836 200952 233632 237442 276649 310305 319620 324456 325553 326762 357095 372675 384360 390782 421764 423381 427308 459129 487636 491070 509448 519807 533527 541584
101 12525 41105 81019 124786 136798 149285 152118 161590 186707 270951 368140 384513 466129 489538 538851
179558 258340 258343 421693 421694 421692
398328 422104 426714 430272 454223 536575
14599 32239 73054 101295 113773 171491 200196 227747 243469 337503 387972 404752 443897 459971 492349 497338 361091
28895 61602 168536 179355 179356 231008 333040 357301 466713 533777 365890
133087 296346
3954 106506 206340 250469 264361 274975 279552 290541 299296 345253 369293 485231 498869 510212 283824 288817
99435 150183 392423
136918 458137 59102
29866 192608 232195 468680 478760 239582
206842 541656
43657 62080 80682 163046 224484 267959 377023 473474 473755 530348 534978 344889 73333 86144 136793 155031 173539 178628 209292 246858 271319 295861 301702 316385 352393 377293 484405
149139 149143 149144 149145 171543 211436
77823 232310 334840 334845 334846 340946 381994 393657 394247 394281 394286 394287 394851 406835
34532 57289 83996 124086 157352 223296 239501 239502 239504 269138 277283 294717 311956 353763 353767 353768 358579 368291 393680 429215 434163 448930 467710
117069 223212
67537 352253 392495 394236 394241 532448
218871 454021
33371 69413 290786 433897 444567 393076
52589 134194 137503 303171 137498
124476 511862 511816
230731 255527 278776 303218 405971
139413 146125 155108 177753 298861 503551
8334 12983 12985 45252 78005 90567 120449 149759 168585 185541 197411 207306 213313 264630 293343 388934 462233 535978 544121
394597 402636 470197
16644 21173 196875 243839 315660 323571 383820 455142
84016 164427 244635 258534 296540 418557
18761 55464 68576 70820 72560 93483 142708 177643 188145 218956 243937 326811 396350 398611 409245 413997 420131 422366 462174 483799 488493 512409 42023 80532 410027 171252 459666 20716 508717 246045
278731 317254 341322 341344 341352 128544
41783 66432 115952 217106 279875 296850 354293 404506 503711 541044 131344 520360
36169 48825 188821 213609 260559 402729 424292 493529 128999 221577 345163 456085 522815 523198 13169 221585
32514 107918 131925 178224 326818 392394 415761
48933 98546 134759 142299 143575 164231 189331 215588 305173 306231 370940 420948 432354 465092 208995 324827
187112 267237 344635
18588 302362 325088 367797 411305 415466 424871
214558 280574 370607 428574 496793 496834
461279
68582 337833 360107
60593 209590 503639
199497 287016
87769 118077 122815 167100 210348 214773 274196 340409 412316 445673 478705
62812 124033 134231 156993 159159 160934 184126 184173 245826 292384 294762 334969 370049 378854 412901 488583 543459
64191 222382 464708 517861
20888 20903 123508 298519 301487
12886 250240 362762 367182 373837 418510 418514
195027 233306 246031 362905
242613 357172 381138 405013 128214
73067 77947 389999
141160 166105 213112 484517 509475
141379 160702 166344 236473 327998 332673
48445 62000 90315 139540 158287 168553 168555 174935 186990 203274 214187 232163 283031 290071 297405 302333 306688 312934 328685 351686 364541 384433 408237 463162 470264 496096 499025 515701 518975 521507 526889 531261 531276 249936
2183 49996 128994 160063 187482 196867 294552 361358 422433 464378
27896 72864 127182 272921 286203 310578 347332 472806 522858
283859 404474 424093 457110 463706
12086 112046
89572 452209 464555
85206 177301 432414 538158 54424
57444 67586 68955 269644 296579 303297 303361 321472 336267 337201 348167 398838 409526 409527 409529 409534 409535 409540 466141 481062 494459 509802 520403 524067 539656 271979
27545 98669 122050 206352 233151 233154 233198 243505 267607 304476 312464 322390 346525 346528 346529 354098 397745
241485 255943 269112 282855 516988 85664
20879 194100 322414 346530 372634 372637 521731 218527
223157 373568 397512 421220 448241
26567 138036 162823 169502 209923 530596 199799
140741 273675 305809 336994
226605 468003 529460
18696 31264 119100 181783 211881 234948 375352 534454
155697 199787 493941
122814 170619 249819 426274 515081 9477 17400 49986 61025 66324 74491 82276 91487 97983 106873 120511 120721 143750 165323 166089 169637 177767 182173 185964 195109 209840 216658 232429 242337 243136 249536 257304 257520 257906 262051 264490 266865 270721 275325 276496 278127 280033 298491 313625 315789 322361 340503 342923 347869 352727 356114 367135 367905 376753 383714 387589 395015 398530 414963 415603 438812 443480 446885 450302 481362 485236 511033 511383 520757 522605 529014 533768 542594 82113 133754 265293
9210 49314 54316 62738 67777 85948 101383 116877 137265 147649 209209 221671 230077 245109 300093 330655 367155 379579 419374 438432 459223 467413 479594 507327 507451 535943
123128 447338
54336 86735 95225 352183 513572
19300 75929 124481 147122 170064 184512 241333 255452 329073 358512 358873 478696 506181 355396 249375
89452 187217 247072 290671 353824 378983 386403 470382 472716
182679 215409 109175 275648
262492
69805 81384
21513 100892 101480 112124 115260 158820 170067 183831 189612 251493 254994 288575 300208 316849 350318 351378 361649 389115 407247 423524 426088 432613 511534 536075 241647 433300 509910
24076 38185 69456 89973 91601 95977 105027 108628 116177 120959 154244 168624 193691 208626 233933 297278 336083 454029 514297 528522 535600 543534 517019 446826 272795 104372
56270 110150 110152 110166 150023 270055 361613 361619 361626 385426 385436 385494 385496 385427 29849
47347 53681 230120 282318
14445 18504 86503 127075 127341 127388 129787 231715 278417 291894 309263 309414 328428 343680 364895 367850 369811 392363 411761 452947 458122 470372 486582 498224 501516 526689 533905 537097 471071
149474 436264 467909 487083 506541
212909 237561 242766 496699 326460
162739 179026 424078 429428 510004 510005 510016
194702 445930 517962
38545 39526 101573 116460 131416 157852 161271 165194 169330 247343 247358 259168 260602 288273 290420 301152 368865 384854 420916 432610 480822 481044 495935 501622 502939 522641 523585 523792 540957
30322 161427
67330 357761 493703 497490
259399 349244 421963
11663 352260 356500 542038 418139
73952 147969 147982 272558 317005 325609 504965 3079
107781 529629 337195
267555 283197 338508 357811 381653 381657 445251 471740 506446 373727
111650 224387 264562 290301 331618 355806 380405 444646 531144
36734 59130 293701 325434 530707
14979 170045 245730 496722 519269
7667 199697 226854 341839 144876
274146 422043 457203
208408 320944 369146 489640 537841 169642
4464 190377 193030 229447 379369 403309 422198 494068 511456 522935 7923 47375 50651 68214 72090 75316 93106 105321 142439 145710 145912 167436 196138 222381 224414 237499 249165 262203 271676 296406 297160 329897 335880 351614 353214 395631 399100 406877 423205 430505 446578 447126 454489 459882 467567 488489 490905 499869 534791
14038 82894 124281 124283 130050 245958 245961 245966 325421 336426 364774 429855 325416 196422
144151 208740 239067 243438 276109 328728 367291 486875
229556 342774 407638
159867 416387 301119
151862 242226 399318 435179
8365 42999 47207 51254 56713 77936 86000 88312 108788 159455 162365 188898 200810 216507 240914 241228 261544 265730 271540 286224 307482 339081 377099 381983 391315 391924 425149 431123 434532 442929 443611 457527 458250 471993 536082 540508 20904 115966
42128 134868 158917 190509 212517 364015 380892 435607 471818 66766
61988 161587 173589 186785 201513 201515 282755 328420 445524 469573
85039 142163 247773 272462 356263 358351 410235 515489 541930
100920 170945 266632 311601 361337 367186 389896 405823 413692 461863 509960 210439 313239 361444 521270 317591 433118 487032 492193 537553 79592
77445 190019 300785
169423 528417
35213 42560 521750
8466 180100 336130
34813 132051 241624 292183 329439 330260 388653 414719
62352 111230 421254
299766 308296 308374 313436 313438 313448 351353 361731 373951 374147 484282 313445 106045
335486 338843 359673 363073 483701 486195 508622 144629 489209
8162 100088 121306 203098 259466 283868 368180 409882 446391 497820 547604
284931 364317 364353 388131 388132 388133 388134 397878
11312 94655 119215 139700 168868 169911 194584 230711 278973 285717 369456 375306 381571 393415 397353 517172 517456 527594 42482
8287 13998 16240 18134 38783 59151 147916 182078 222180 244192 247042 343725 434815 466190 468048 508080
45548 215266 249771 360314 468231 532208 147931
41743 49344 66396 115914 232402 315408 495573
101218 236362 302431
2991 8183 18668 121944 271884 347926 370447 488148
95025 96570 145667 145796 173982 190037 220940 241881 245861 251270 323234 323839 343273 388820 439926 491704 514938 520043 544881 17709 29420 31816 54426 54592 62052 68266 77207 89482 99737 110845 113814 148667 153667 154531 155547 183335 192753 237412 255998 266875 267488 282030 291353 302934 323681 327230 332625 334949 362794 385452 387927 399472 406316 421055 430917 447132 449271 470241 471504 478239 490663 492019 493688 513584 518779 522052 523122 526279 534183 543383
13679 14299 30348 31488 34250 34937 47550 65296 72727 78028 83362 96479 97661 119495 122267 139317 141005 163486 164157 170387 177466 187476 199961 209080 213786 241304 290337 292080 321742 360322 362275 371991 378689 396135 413248 435810 443747 475188 478514 503446 510530 521184 521217 530270 539784 544322 38822
7354 14088 34701 48881 67485 95456 116168 117507 123033 158156 165937 171152 198470 244847 269951 274645 284716 335564 342933 352223 359712 396939 420729 421169 424495 442249 476202 486744 497038 509718 544993 311323 331778 381847 28152 450417
5197 22780 35814 37101 56342 57060 75588 100623 129143 142229 176500 176695 181785 196910 245851 246767 284216 290968 308167 352799 352885 393110 398631 407895 415981 418918 455942 485935 486884 490231 509535 515422 541552 158208
5457 15489 27651 31953 60667 203359 270273 310937 316207 344438 354742 369475 373680 444683 496329 323165 24669 26602 69077 75123 224389 309081 311683 335655 377116 389413 450091
12904 18493 49830 67416 68152 161796 182190 221490 233927 246279 248522 260643 265479 400566 401575 418739 422194 450464 457079 540769 287304
97682 168784 180137 262713 431971 407994
202170 270508 287742 541707 4015 48899 133720 223513 318905 342041 357018 478326 541015 314370 349893
33094 52657 74972 244920 261409 327959 344354 367949 406869 430869 471115 483451 503043
15147 61160 62574 114369 213775 263425 334441 335860 430087 433898 436388 444595 460609 472790 482336 484081 35815
35446 37555 109756 165812 290573 328028 331903 518053 519887 537844 542138
196547 208712 414323 465309 508745
22085 64287 67454 120388 155770 170756 189109 195156 203633 222584 253870 271928 277405 291669 301867 312146 363363 389962 419009 437660 442876 483882 485105 491554 512147 528715
52588 74313 206374 395623 425893 426065 541515 541516
55591 121097 169552 395215 428101 76293
175864 251123 275566 275571 275574 317208 351650 396430 459875
10180 103534 121764 150312 241811 323254 343878 382935 456320 469585 519455 406805 461234
7606 17667 32290 113434 132461 135104 286421 466969 467080 530618
68954 280691 365863 365867 375612 400343 407103 424491 449703
6372 182335 316666 450071
32902 264870 428205 428212 428214 428215 435477 435500 465815 500878 500880 500881 500896 512037 54912
118252 346420 355427 537376 299546
155316 441286
11030 19506 85288 87391 168776 198051 224018 227783 271354 317630 443486 490961 494959 524973
