137 507 639 1074 1343 2167 2341 2368 2445 3674 3877 3878 4129 4130 4131
146 837 2071 2077 2085 2410 3598 3779 3780 4018 4019
433 1031 1515 2434 3127 3128
173 547 1142
209 865 1687 1823
182 349 2312
1063 2096 2281 3129
155 2654 3643 3832 4087
478 1714 2404 2462 2685 4027
451 939 1102 1427 1886 2244 2775 2888 2989 3765 4001 4002 4003
110 729 2373 2817 3015 3265 3899 3900 4139 4140
119 1451 2067 2856 3592
216 779 1097 1441 1487 1745 2188 2552 2633 3282 3284 3927 3928 3929 4159 4160 4161
1052 1354 1578 3153 3376 3600 3601
487 604 675 791 1145 1204 1798 3949 3950
93 1658 2612 3135 3355 4236
95 1010 1404 2260 2455 2804 2940 3442 3443 3661 3662 4110 4112
445 620 859 950 2261 2701 2843
1109 1272 1306 1410 2339 2580
391 607 705 734 1208 1304 2610 3210 4313 4314
61 1298 1729 1785 1897
409 919 2228 2468 2637 2851 4152 4153
418 1093 2353 3193 3817
628 839 1437 1445 1804 2032 2590 2777
499 1240 1849 3912 4145
50 260 632 1713 2463 2995 3502 3503 4150 4151
400 717 1020 1474 1616
1552 2110 2831 3714
32 906 1108 1128 1328 1471 1538 2311 2588 2673 2956 3117 3118 3119 3348 3349 3567 3568 3569 3570
68 2127 3799 4281
454 1001 1721 2133 2678 3632
140 1158 1679 2135 2232 3560 3988 3989
113 1733 2007 2795 2866 3310 4177 4178
149 713 1493 1716 2776 2815 4106 4107
273 355 1019 1039 1622 2369 2507 2662 3027 3275 3699 3700
53 633 786 812 1740 2390 3357
367 1444 2025 2920 3296
1931 2343 3754
608 1027 1067 1161 2987 3301 3944 3945
26 1986 3004
304 1339 1719 1734
1442 2698 2801 2952 3489 4144
340 593 2062 2421 2886 2909 3174 3175 3801 3802 4041 4042
421 1110 1372 1384 3582
89 651 719 1815 2510 2563 2895 3815 4064 4065
1082 2351 2519 3339 3340 3558 3559
295 2760 3467 3678 4132
601 621 1241 1466 1867 2881 2899 3121 3122 3572 3573
116 690 1233 2344 2618 2660 3479 3480 3901 3902
412 1652 1717 1767 2625 4240
313 953 1472 2990
385 740 1499 1951 3220 3426 3651
11 503 782 908 986 1296 1831 2742 3686 3687 3903 3904
307 1210 1943 2419 3180 3628 3807 3808 4286 4287
66 659 1225 2743
397 970 1130 1866 2245
965 1536 2873 3101 3557 3753
262 1718 2257 3011 3682
1579 2415 2615
370 844 869 948 1284 1890 2290 2442 2928 2999
710 1143 1763 1921 2036 2103 2478 2517 3918 3919
38 1144 2221 2229 2285 2287 3328 3329 4205 4206
213 379 1612 2008 2288 3291 3514 3515 3934 3935
226 545 927 976 2143 2976
253 521 891 1112 1244 1314 3352 3353
361 739 1488 1570 2667 2728 3396
20 2414 2471 3738 3963
289 1173 1482 1519 1967 2709 2717 2845 3895 4136 4137
65 866 1013 1126 1462 1632 1982
319 982 1600 1816 1820 2661 2875 3035
597 1426 1981 2236 2460 2558
193 1529 2539 2859 3556
480 2258 2493 2716 3995
211 834 916 2211
62 283 2537 2973 3826
498 917 2383 2887
166 1862 2457 2720 3157 3604
247 561 1085 2634 3763
1079 1308 1522 2668 3501 3920
14 1062 1089 1269 4050
202 1775 2262 2638
915 1186 2934 3158 3789
772 1153 2518 2587 3133 3134 4234 4235
72 474 556 1029 1975 2060 2166 2191 4054 4055
223 987 997 1041 1340 1699 2411 2452 3257 3258 3888 3889
259 3024 3490 3911
124 638 2542 3743 3966
447 684 743 796 1018 1137 1175 2605 2677 3233 3234
133 810 2840
1681 2204 2567 3002
214 758 1038 1190 2190 2725 3155 3156 4265 4266
420 875 2592 3726 3958 4187
1227 1480 1545 1876 2791 2964
178 637 854 897 2081 2816 3229 3230 3669 3670 4351 4352
456 1177 1323 1423 1864 2101
115 2047 2125 3003 3250
686 1100 1292 1659 1832 1879 3315
241 867 881 1271 1336 1992 2345 2789 2830 3269 3270
614 962 1149 1279 1352 1420 1747 4038 4039
176 369 2185
901 1068 1174 1188 1449 1662 3865 3866
459 1648 1854 3397
664 1053 1392 1555 1863 2308 2340 2941 3330
127 807 1155 1364 1528 1691
136 983 1023 1518 2030 2194 2400 2446 2598 2639 2894
208 615 4193
286 414 512 1217 1502 1885 2255 2492 3810 3811
82 923 2350 3249 4133
199 495 829 1827 2213 2334 2420 2596 3796 3797
91 996 1768 2102 3061 3062 3318 3960 3961
190 669 1479 1955 4115 4343
64 1086 1376
378 417 2000 2298 2364 2377 2409 2834
872 951 992 2051 2113 3000 3001
58 467 539 888 1999 2520 3304
67 863 1129 1572 1660 2170 3380 3381 3790 3791 4032 4270 4271 4272
751 2491 3735 4192
139 338 763 2146 2223 2545 3851 3852 4108 4109
300 3185 3812 4063
381 1463 1525 2251 3543 4199
40 1395 1754 2155 2531 2597 2908 2914 3241 3242 3874 3875
354 1741 2923 2971
1047 1165 1248 1677 2280 2479 2835
49 1154 1770 2305 3685
130 1048 1457 3071
974 1238 1309 1424 1738 1761 1826 2433
1367 2040 2367 2890 3672 3873
557 995 2273
189 363 1590 2441 2796 3737 4197 4198
444 1347 2274 2683 2838 2972 3053 3305 3306 3718 3719
348 403 578 631 724 1184 1686 1894 1962 1963 2163 2405 2406 2503 2676 2686 2780
402 1500
411 558 1151 1242 1540 1702 1794 1802 2061 2490 3321 3729 3731
70 323 666 1189 1313 1664 2088 2549 2820 3227 3228 3447 3448 3449 3665 3666 3667
384 590 789 1287 1559 1843 2086 2206 2724 2744 3139 3140 3141 3358 3360 3589 4245 4246 4247 4248
180 249 3152
1045 1377 2111 4102 4328
1625 2006 2867 3378
25 2389 2589
973 2524 2627 4167
366 616 815 1138 1583 2429 3237 3238 3459 3460 4123 4124
240 432 765 1371 1680 1926 2217 2504 4173 4174
749 1222 1256 1972 1998 2224 2226 2521 2918 3165 3612 3613 3614
688 1735 2695 3781 4263
333 609 728 800 922 998 1755 2031 2233 2569 2715 3522 3523 3524 3946 3947 3948
342 523 577 904 1655 2418 3123 3124 3756
517 750 1007 1417 1446 1811 1987 2054 2210 3663
297 1043 1274 1455 1511 2336 2749 3245 4127 4128 4357 4358
252 258 2917 3653
184 1359 2359 2962 4194
19 554 588 835 1399 1460 1712 2171 2839 4116 4117 4344 4345 4346
234 843 2097 2267 2512 4172
1431
315 1122 1197 1858 2237 2848 3721 3722 4175 4176
174 243 1633 2687 3581 3767 4237 4238
488 674 845 2156 2528 3532 4180 4181
497 1070 3146 3364 4014
156 2164 3419 4315
2536 2584 2733
1033 1131 1213 1258 1968 3427 3846 3847
170 1727 3226
129 543 1160 1737 1906 2586 3144 3145 3362 3363 3775 4251 4252 4253
479 1510 1562 2769 4163
219 386 1601 1726 2128 2300 2430
1002 1564 1645 1996 2825 3351 3760 3761 4231 4232
1081 1148 1385 2157
246 326 1698 2187 2882 3038 3705 3706
192 1237 1275 1330 1374 1628 2109 2314 2762 3196 3197 3198 4071 4072 4073
60 563 2335 3216 3423 3841 4323 4324
186 742 2723 3577 3762
535 2078 2376 2763 3281 3507 3923 3924
96 1980 2945 3417 3831 4086
580 1069 1286 2672 3375 4026
13 177 874 2511 3424 3648
464 3658 3850
473 657 755 975 1203 1430 1656 2844 3508 3509 4155 4156
132 567 629 3346
1432 2010 3579
428 2361 3777 4013 4254
123 510 4309
195 500 693 892 1817 1989 2360 2514 3332 3333 3970 3971
231 643 1302 1345 3504
404 3302 3717
99 2947 3496 3701
511 913 1117 1140 2099 3621
45 508 1496 2041 2484 2704 3584 3585 4011 4012 4242 4243
395 1120 2489 3045
54 989 1307 1319 1594 1657 1893 2161 2355 2671 2674 2752 3190 3191 3192 4066 4067 4068
422 745 2624 3299 3943
171 1015 1889 2234 2922 3420 3834
513 530 700 893 1026 1181 1769 2959
144 559 568 634 842 1059 1730 2072 2362 2644
706 1509 1853 1956 2020 3105 3106 4223 4224
153 227 1634 2778
1904 1977 2753 3398 4061 4294
368 1467 1875 3279
36 848 1194 1534 3107 3345
770 957 1115 2174 2657 3013 3014 3683 3684 3896 3897
449 4105
135 1993 2606 3120 3571
18 3263 3898 4138
695 1156 1674 1976 2342
57 678 1000 1581 1689 1693 2402 2483 2726 3077 3078
263 268 712 1490 2266 4164
272 573 2324 3821
12 764 1639 2585 3910 4143
434 937 942 1199 2529 2620 2846 2849 3925 3926 4157 4158
640 853 2074 2162
380 879 2002
330 416 636 1202 1332 1389 1477 1641 3325 3544
679 1044 1125 1232 2540 2646 3041 3042 3936 3937
4 281 572 1305 1985 2009 2476 2788 2821 3207 3827 3828 4081 4082 4083 4310 4311 4312
30 2318 2747 3881
142 371 871 1042 1419 1643 1654 1902 2106 2951 4033 4034
1508 2579 3766 4004
398 1971 2399 3392 3627
15 23 1531 1844 1887 1901 2076 2271 3211 3212 3414 3415
356 746 1690 3981 4220
42 1231 3160 4279
51 759 1008 1098 1116 1546 1653 1789 1810 2142 2486 2871 3130 3131 3132
257 1219 1621 2248 2372 3029 3497 3498
24 415 884 1071 1239 1413 2682 2773 2879 3393 3394 4288 4289 4290
938 1278 1884 2083 2459 3744 3967 3968
518 1914 1978 2136 2403
6 419 1300 3012
351 423 2265
2505 3082 3969
203 850 2309 3870
164 794 2021 3202
1344 1899 1907 1957 2286 2965 3005 3006 3253 3254 4134 4135
365 673 887 1205 1310 1759 2277 3016 3017 3482 4141 4142
254 266 823 1805 2499 3623 3803 3804 4052 4053 4284 4285
239 802 1273 1398
566 2075 2691 3456
152 1453 1620 1627 2291 3008 3255 3886 3887
645 883 959 3957 4186
475 971 1576 1596 1692 2904 3389 3390 4045 4046
484 2472 3540
653 1270 1329 3755 3991
466 1259 1436
161 3070
925 1075 1218 1254 1959 1979 1994 2022 2186 2451 2765 2902 3399
1946 2057 2116 3072 4196
504 1088 2100 3453 3668 3863 4119 4120 4349 4350
206 667 683 911 1878 2095 2165 2863 2943 3638 3639
233 1948 2294
0 465
21 224 331 2818 4051 4283
509 899 903 961 1172 1379 1723 2278 3161 3162 3163 3610 3611
301 1299 1383 1416 3609
