164985 225214 232761
200103 220085 311307 359487
231953 523128
112814 112821 112823
55727 78359 335007
12147 73388 178783 269070 439998
301834 353399 497007
266568 340791 412272 453272 526727
96239 351364 473115
58989 219743 219746 219748 219755 398509 529963 543367
15463 62494 85494 167886 193021 284926 345133 482079 517035 526381
12526 33054 346440 501788 538991
169543 219957 284749 346229
104761 166117 193805 245190 262219 484283 521532
11799 11804 147132 449388 452567 533929
14859 27964 159043 223851 358132
8157 404155
135652 152314 172487 220229 249463 340532 389009
138475 149247 149250
25705 176603 288881 343798 402905 464872
66912 219322 261575
261804 334721 358944 469808
136220 136222 267333 543483 406400 438775 540298 53080 175072 177231 306263 402571
116154 291163 521598 531640
48386 157449 181471 197675 229780 294731 335993 355487 509571 537966
8558 315381 449093
10861 500504
23338 53654 74163 424802 450237 535531
93003 163816 212108 347287 387941 422973 536483
28346 122368 382295 493122
90508 136916 241677
54 135014 159866 178505 202793 242523 334058 370632 394570 442252 522777
68164 90017 164035 209103 221076 234757 344437 386267 395500
1602 316508 365982 382058 417272 425507 495172 523055
26093 291832 383968 445218
10481 274969 331646 437618 514322
39024 340358 346686 348122 382265 406622 461663
120942 146227 213167 267988 278186 394142 452083 508006
57001 121673 165419 387878 433912 458054 534457
138094 164230 290174 528463
81011 88567 208899 317988 510762
13837 15316 293389 382801 392824 430704
56630 142980 205060 287196 356294 380243 448373 454314 500534
211607 331090
4891 154368 240949 346810 391006 434525 482090
74497 243985 456156 494652 509251 519498 535871
42761 58894 102756 108405 172687 173342 329503 387236 426707 455994
21397 147833 193216 202424 285022 416667 421706 533455
18936
132950 176263 176270 202686 222274 274441 305768 415354 482125 505282
100394 173813 186430 320672 396870 536290
193203 228571 253308 460939
137144 189330 199812 220034 382482 526388
241113 246708 330294 354519 512703 531771
13507 52414 73606 77307 101960 114258 136805 162278 182520 326114 350260 362817 363913 365166 392538 411500 445249 472275
69474 378519 426387
130722 203259 234035 341428 452316 463827 488085
13083 50229 74914 138186 161631 301328 384358 438144 511464
190422 542889 542891 542893 543618 543619 543620
12742 242504 352232 372442 425543 428381 470671 485488
136296 222855 226168 453193
64751 214829 250005 253000 308617 331600 392902
241283 309494 478888
12681 112668 120631 280772 280779
3069 81664 197416 203243 333710 468467 492665 540757
32531 434086 458489 523392 535215 535702
113905 188421 205459 210414 258181 338280 339151 411938 432420 456517 499824 528406
80144 171238 205236 212864 212867 212869 223206 434083 495397
33116 95736 200577 220425 237846 252872 338819 518003
35096 68020 100656 144036 166163 174757 191283 191284 239725 250018 308709 310642 315965 348335 364316 413326 424623 424628 430746 446669 450131 485307 520489
35284 59771 109204 124094 149985 153287 222178 308746 329470 504430
63076 67221 182616 249104 274294 354326 438866 463165 465766 484041
20676 60967 70797 114872 222386 228567 269750 350356 388751 509194
53833 88999 112315 136935 287017 352856 387637 415698
68113 248483 324474 528802
15708 44578 60897 85733 110288 114293 114561 182337 184866 346617 372891 508820
86967 107110 129663 264650 289094 486317 521391
230959 282607 363928 493355
62212 283926 311238 335193 480585 521499
192260 201171 230723 400924
13867 21789 43967 108325 219714 367717 410401 448789 456740 492018 496038 526750 533680
20761 37316 47014 76302 123563 234014 337603 463377 494258 512373 532301
2625 5338 6971 10997 14567 15554 27137 29201 38476 40318 47559 48359 52895 60779 63483 71292 73966 79227 85570 92920 98354 99335 105394 121262 123533 126713 129562 130619 147977 150430 153173 157915 162584 168608 173221 180642 184010 184707 188991 191745 217000 220148 245970 246810 248193 248492 254441 271345 272733 281663 315743 316031 319052 324898 327740 332123 351358 362223 371893 376352 377393 385756 392256 394033 395771 405648 412972 419830 423124 425261 433665 439553 444736 454538 467711 471591 476031 491586 492176 492399 493039 493381 497880 497950 504364 505559 522223 526588 531007 533484 533970 535723 433145 434007 21532 147760 186253 244947 258433 293867 355265 534192 344237 19877 42921 45769 525304 537524
59813 104569 164456 245585 311064 430982
10904 91931 435284 436218 522544
366629 522869
11462 163294 209787 318299 319527 385265 416994 421463 430736 514230
40257 149459 302298 323354 391957 468596 532365
239451
94879 105993 201582 223642 239954 272973 355461 377006 395464 406110 536260
78535 165352 546303 547111 547342 547343
203547 204591 470794 522328
19622 30849 34477 140014 224056 287978 367439 419643 463507
61337 129710 154384 253676 261266 285631 370763 402042 519227
80308 112477 121302 139178 189107 190820 418406
227683
44426 47494 75576 204016 248069 279223 310859 433392 532459 536535
334107 378674
2223 68284 114393 139407 244679 289508 328671 424392 479184 497568 527734 530164
68757 74320 104500 160383 316504 331116 340590 364773 388560 509547 513310
14245 54528 144069 259746 418053 436121 446311 523611 527637
85960 100001 185031 334881
42155 258784 354458 396741 414237 486636
183356 250924 275371 299770 372953 389000 425475 440811 462792 487020 522161 525784
164133 173160 530421
134939 348821 415746 439139 457766 517963
60937 101631 103133 153491 181126 284423 287808 303562 326990 334991 346114 462464 493507 538396
224059 340825 77973 104619 138098 157451 200073 215235 272992 341906 374113 396912 451406 475476 520641 540456
12608 33227 107111 157724 252074 252075 276515 437875 437879 437883 437936 486359
78909 215320 224554 369575 405822 530108 539677
252628 463961 485383
195496 311567 381599 432389 500036
46977 118922
89139 105230 129923 145106 200053 213860 266813 299825 300708 340706 461995 475011 521116 534520 539128
73 42018 142583 261014 261046 279516 345111 369214 386868 417573 451459 483855 511743 516766 23912 282562 324103
12629 41702 67693 89528 90297 92608 96938 114916 132917 133918 157752 189521 211515 236396 315562 342020 368609 389835 466850 486160 520870
49230 360803 420228
175657 467601
16750 37384 60074 504753 530151
46382 130396 132836 162294 202288 242229 256928 396952 423180 433045 436957 479163 480264 505209 529090
9169 110248 172923 235924 287140 420467 475607 488004 497146 502040 510389 530238
2348 14698 32781 189174 227652 252559 263372 314412 372301 445171 533394 536415
544135
149703 192027 279526 478314 480259 501820 521157
7651 34204 35242 62164 112685 179116 179914 235463 235864 238654 361420 388591 395097 404319 502010
57455 144221 188534 331603 408758 429358 521201 529907
49952 150470 199121 244765 247554 269072 357917
241612 507575
127346 545427 545429 547254 547256 113034 44514
176 131232 201855 321841 347858 533157
67554 67555 130970 162263 171940 199941 204174 204177 215668 540481 542439 542860 542948 543633 543634
18946 21193 74639 133887 151531 241574 297110 382408 426827 428152 445944 450706 505600
299842 434493 434495 438850 535349 535350
41073 112127 154604 155103 257317 260946 424559 424569 468139 477281 539078
70863 83615 91645 95788 102898 108191 134064 158928 192759 230977 255781 292712 301086 317602 341644 377255 386664 437385 442207
56685 165139 309941 484369
322302 405631 463403
30582 47276 61182 98764 137182 163495 228881 342258 364790 376494 421426 502459
1758 9323 24694 57014 59710 77102 81958 86168 101776 111955 131181 137178 154620 155142 161382 177501 190275 196335 201881 209023 212260 213422 214328 236079 244865 282389 292279 335149 342299 348300 352674 401485 426918 432714 474443 481587 502756 530182 532864 533262 538656
276753 402482 455263 475285 477697 482546 56979
4998 6165 29915 49151 83619 116597 173377 211010 268035 336727 338919 350246 371949 421174 426850 475281 503036 528451
25094 30012 80153 117848 163200 184191 188313 205669 243289 255399 284366 298966 309970 315063 315407 345802 369899 441533 455520 526608 540443 13248 29563 33799 76557 92212 97018 115144 121638 129020 136963 144348 147835 150371 152841 175604 178031 194436 200642 243240 245523 247886 248030 250378 261348 267773 268353 272525 276604 284228 299402 300621 309672 313665 322472 325599 333602 342279 378221 390333 405609 413512 419566 425548 426084 430159 434010 438643 449361 449928 458156 478024 498764 502904 506046 524866 528695 537720 21823 48542 49299 65581 84226 90055 90392 98418 115024 126184 161640 164490 200667 207311 211522 231590 232381 236502 252958 301724 318922 331673 342983 348796 365395 367123 372909 379854 399173 400256 414771 420643 421322 433362 436671 438641 444456 445274 457506 468534 481513 491430 494020 501204 514884 519197 531201 536302 3670 316153 504221 534435
54074 184017 214684 316403 316430 337623 340511 344206 419377 433704 436828 498325 505254 518807 529617 530205 535124 539013
2246 40924 68704 74720 147766 199476 243994 260488 268943 338095 349653 408445 462002 464495 488231 517892 22826 126841 263014 287458
22753 47498 84217 100084 136208 179179 214023 255722 262922 359500 378414 408658 512234 530227
33771 271638 523952
11141 79941 104574 129272 153920 173927 289804 336133 353501 410519 424655 427212 462012 512038 541814
29195 53482 78412 90872 127731 177514 277890 302328 315424 339438 407628 523802
12517 65503 139490 229173 418046 512945
32818 32819 32821 32873 32875 32877 32879 32880 53520 62523 140298 168637 173935 183395 189279 200549 216445 216449 278141 295252 320928 345620 351527 359912 379180 465069 470095 470598 488157 525406 137763 137766 183412 22388 31673 69451 102350 126868 152486 228695 240517 285376 436108 525422 541545 214959 534744
88172 283516 390746
42687 161938 201570 201574 215112 216724 252984 277248 44355 51882 143104 257863 260603 463234
75600 101909 109197 128781 153991 235216 261771 278740 299942 300327 312433 329881 348662 487512 494261 531782 535205 535798 545002
348108 372238 396166 415253 443821 492595 160798 164828 233468 257621 281988 353931 522415
49148 145180 376640 411004 462064 531521
13146 13752 22979 43798 51660 87311 122728 225783 290347 298914 301823 316752 320545 352817 371837 395752 443545 459197 467827 473456 483004
263151 263163 263165 263166 527914 527915
10734 60559 68871 86908 93789 109891 110039 257779 259228 309868 324314 324599 350514 377757 391981 411757 443042 474028 487194
3456 77482 221669 223614 238357 241282 274265 274270 288359 311109 317098 353933 378470 383468 394067 396413 404545 504241
414 31823 265606 363232 410079
241722 544663 544666
22412 44291 230956 230957 230962 255796 255797 255800 255813 255815 255817 255821 255825 255830 255832 255833 255835 255838 288065 321548 321550 369782 369783 369784 369785 369786 369787 369789 369790 369791 369792 369793 369794 369795 369796 369797 369798 369800 369801 369862 369863 369864 369865 369867 369869 369872 400780 487291 527610 416272 494440 494444 494449
1585 148532 159036 220705 300116 300117 300120 310216 335158 335159 335171 341594 351682 425066 425067 429655 488537 513170 532991 254399
17999 60502 82648 139614 186839 273870 288281 331220 331221 331222 476590 530974 543502
132457 191796 195043 200224 204353 204354 282391 300953 401574 415565 416429 446733 504361 538078
3980 27394 56590 111167 111170 203993 514527 42216 49638 49701 49712 74289 74300 116418 126979 194691 213232 220897 427050 462565
148017 148080 173303 239036 247263
67883 105792 149197 193926 205875 317160 320580 367309 504121 527109
79772 158573 174206 285723 366456 401351 401355 401357 401386 456694 483898 487550 548526
113748 138273 163163 210212 456487 466352
12746 122537 303521 303549 320702
8481 21046 77024 91252 95685 103400 216381 242686 246761 274946 281478 292120 423896 441658 450625 474757 480790 481279 498400 500282 506249 528442
495392
6936 24169 104066 218474 246022 265339 344497 437263 466104 523617 526436
107991 264452 313628 334579 361837
81071 81128 118113 189653 189654 292331 480841
91773 237173 346293 462501
131442 233222 441855
16942 178407 213266 498562 512100
335314 366593 436141 522668
244648 391269 526636
61601 61938 64808 102931 111008 132915 134831 143714 144919 145293 180095 185527 211652 231184 297268 299089 313355 321860 325491 334990 341978 353132 494077 513774 520346 524353
84055 176891 201263 336715 366590 408596 455003
73719 114536 128824 136590 138828 160179 170291 212243 236022 266172 299023 355594 355906 376623 388080 412785 435329 466444 488471 507142 532963 81482
14372 51145 53416 57683 91784 110102 133777 176731 224731 236879 249279 257745 298612 314700 315898 316167 431428 434104 461258 463515 477993 498667 511619 524663
5829 13732 48968 98588 118943 143608 145927 168570 174928 187370 193654 255303 255775 327145 334757 366418 377884 410943 419483 444875 498286 507155 539820 541959
158129 464340
5456 17284 61148 68431 93086 143159 179106 278920 324084 325596 352091 402327 452766 500420 535668 535920
11153 49254 69843 97257 130418 134358 183837 188744 190224 242112 259203 369065 369190 428012 437448 462789 510314 515064
367144 410601 429007 448166
70432 149458 272922 324533 351983 411467
15076 127991 128608 159862 160253 175090 180506 226152 250941 258812 275230 309623 309717 313922 335413 337884 345744 359616 383515 401020 414140 429766 457840
2503 31195 36793 51142 64999 67111 90295 90734 92800 109808 166561 177538 198063 211751 212805 236925 248191 276010 285067 353233 360141 378214 394175 432128 463724 480132 488909 501909 520004
33528 35633 392206 409773 462036
32892 78488 81957 94166 143368 187952 215497 256479 273064 279547 331930 345142 389343 391388 393538 421881 446997 470866 470946 495786 502084 505755
3425 24448 69540 91196 105548 119813 124599 162613 163205 216984 219315 223119 228430 246595 270332 285086 303290 319839 400164 449317 481574 490424 503578 526696 528146 540299
148918 287142 503858
3210 51116 69404 70500 120294 149495 151410 167246 187198 189904 192313 217748 239249 252800 254100 266891 283003 289126 300968 303345 310366 339968 340855 376771 383250 408158 416793 451947 453446 455248 455869 491365 542493
4068 11498 61167 73615 85992 94324 118909 139410 160049 168526 168572 185056 193615 211337 232136 240860 255103 261066 285438 384553 393087 514553 526511
183325 209823 260990 296623
446665 447929
5453 78987 96792 132284 242538 501529
425504 448700
15270 66281 130135 144241 158407 171071 242712 362431 370106 373682 420969 447474 518949 519172 307057
118500 138301 185469 318344 321153 471730 505190 519051
95586 95587 123842 123844 123845 139010 197816 197817 197821 312064
18190 38480 71354 81552 94855 128249 152868 182310 184264 220163 225031 227406 232303 254623 274298 290897 298738 308918 309857 311002 320438 343071 345638 368673 373165 440277 484545 517668 524359 528984
41190 201569 267466 475905
152001 197818 207963
126397 268312 336038 376244 461964
32631 77110 172050 322480 507959
40443 85270 107054 144416 146480 146481 155513 155845 164014 180755 185174 194103 235411 236017 281125 289496 304639 334170 336162 346319 352500 392857 440539 452292 459124 483247 493148 522191
159503 246476 248173 394804 12898 44502 358002 358004 358006
219574 293470 445812
57621 399672 399687
310063 360181 394975
76908 97659 146773 170304 172383 224705 249269 262393 276506 544141 544719 544726 544727 544729 544730 544731 544732 544734 545209 545210 545730 545972 546017 546322 547009 547392 547393 547394 547411 547574 547600 547836 548188 548418 548445
17611 21518 26459 27966 30510 67500 70124 73723 80512 104658 105707 123975 147416 183542 209188 218045 222499 223527 285633 298784 299108 315995 326014 327094 354094 368934 373465 382755 396422 405980 416314 474564 476367 508858 521365
31477 89137 99819 124384 206440 235296 316259 340403 341356 354668 368619 395288 450336 474308 497868
188409 288952 446726
128209 146619
429715
147571 151976 190064 191928 237311 311629 311631 522287
771 78191 280717 491073 520122 520135 530571
63247 158073 248473 276724 351520 442759 487395
4146 21483 25701 33803 35571 42149 49035 51773 51935 53222 63874 66787 102775 108580 133152 178686 195538 201227 214149 220904 248037 251959 271813 272524 276246 301600 304321 306793 331207 337486 403381 407774 421033 451183 462832 468261 468948 478839 483679 493743 497701 499925 503771 504740 519747 520679 525716 537153
132 2753 10492 26999 67768 91930 107687 123451 136947 143715 150450 178427 187128 206097 224509 283685 287924 298937 308657 317267 317693 325902 331669 332167 333849 335782 340592 341742 344923 355913 356166 358800 380726 407613 426678 450384 452522 489563 494670 505753 536330 540235 17208 246912
248053 252184 264966
236462 318313 392318
2137 31014 78589 94796 147315 335132
12860 259691 273419 445499
190062 274521 328123 405565
2935 8546 37312 52850 57868 92451 99270 115476 121551 159870 167319 175417 179255 183430 185930 196891 197590 216822 219109 242336 243758 243803 268300 314903 328483 329234 365332 375325 376672 376975 392090 400604 422473 472911 490032 492754 498635 502495 505175 516834 517850 532895 533033 542607
177204 237989 304250 437722 462984
38085 42565 93814 110650 141343 147152 165406 189829 208621 211894 216826 221436 264569 296207 313446 350413 411459 454723 488813
3375 19319 40008 98725 105719 161231 185464 186328 208349 218069 348448 349314 373450 419909 468369 475012
153688 189151 199179 231860 231862 231865 238339 256663 260324 288738 347684 368721 398297 405970 407932 506485 191076
40935 89837 99659 108268 135360 147214 197439 198351 282863 293297 310645 334574 377165 413084 417223 538642
63368 157272 256198 373528 427654 466283 482155 497000 517875
204468 412241
174308 229525 312428 312429 323657 472380
42420 256011 408401 462256
32115 193098 380604 428448
114319 198684 386738 392437 470404
3120 9869 14992 101939 149432 150038 189398 203600 226912 236382 246768 276086 276847 300171 341761 362551 377304 436450 447700 460256 471688 504831 528926 80905 123297 434120 29384 36530 52665 64539 70232 71521 77320 78849 81392 82128 82823 91983 104504 104997 107230 112768 120326 137392 146209 153172 161157 178391 189580 190266 218429 219484 219936 242549 253751 254204 266147 269579 271766 281118 281961 284788 319065 321216 330541 335032 343112 343933 354348 375181 376939 399137 412242 424159 450608 455158 457320 468540 481242 483042 498016 504277 518606 525485 527391 538992 135519 160330
331731 336391 395217
14012 164042 190637 221367 323614
88030 395816 420502
29205 82225 84104 130124 256587 320826 344925 517445
91765 131554 210783 226898 234650 242071 463803 488316 524331 524962
38037 409524 458245 507317
53535 154372 257881 301541 347443 427063 501488
2959 90731 145910 208358 225665
14073 44908 58975 58977 69337 81228 106100 113840 121514 150736 204991 211717 237111 255202 262774 276695 285798 289285 313954 326988 339225 352552 371573 396697 428546 430767 463576 465629 511063 519126 525489 525490
6866 41056 45028 72777 74029 76615 83469 85939 98963 102118 142413 144541 163711 184227 184237 191141 214648 261938 335966 363689 400024 438202 453943 476929 523226 537684 540421 546859 546860 546926 548103
12645 12646 12647 12648 15449 83324 83334 107093 108776 110902 115116 151266 151269 194845 231917 265276 321908 326932 371827 372232 424839 520666 534919 534920 538450
9762 16457 126438 196682 214555 542319 542780 51175 136210 159972 189286 204831 221801 301886 301889 313801 379184 542026 544939
359086 401165 401170
1639 94267 96981 142820 199217 224937 260638 479301 512204 537270 544934 547527 548255
68139 128205 307436 334903 426857 450061 517043 535832
12969 17440 17442 177782 193609 210707 210944 360223 414010 429334 477237
169845 189478 212992 322928 369074 243904 369072
924 2154 7717 10821 28941 30018 35504 46696 48189 54375 58441 66628 67982 99219 102502 117907 156784 158013 198477 201146 219381 223290 272414 277374 278958 286679 298089 309230 310994 311140 330712 331516 344648 355273 369723 369741 376306 379961 397001 398638 414973 473965 474764 489111 496449 498378 509500
49682 72215 93385 93948 133599 190467 281726 289681 329143 356159 380217 407037 463063 480482 526575 531405
202056 273441 339154
221362 336486
4 6035 15547 16050 75286 87858 170796 186092 196622 268004 286286 316471 332453 408108 408434 432891 448284 452235 456977
131606 194419 267520 345790
10597 240442 327664 399829 464899 496047 531694
13316 43038 48207 63557 72771 83887 140434 265608 304374 329339 346289 358439 370367 418122 454959 477225 529494 354442
45879 125304 345903
13213 33791 37913 60524 69216 82240 94105 109753 113186 146452 152557 161090 175043 180019 182423 182511 185280 201932 203634 205422 208178 208909 209957 221231 275549 280138 284163 292492 294202 317187 320215 326003 344288 345722 370717 379377 388409 399642 416934 424297 427256 428388 440746 465019 476330 479455 480064 497024 513425 526402 535864 125335 253586 516116
1820 10687 26443 61891 70027 79895 85518 94903 96907 102507 102971 115002 118233 118378 119092 160700 163082 164600 167642 171437 183511 185834 187854 190337 206265 207329 228086 233088 237249 238138 261977 268581 269505 286373 287049 293591 297126 303589 310096 327126 333429 354429 363933 384350 387578 394137 411367 423187 425681 426033 429147 434725 436429 472084 489399 491494 498596 508581 508904 512048 514212 516947 520280 527136 530406 533808 537745 390225
4109 70601 216089 338212 350856 426263
8050 166768 179327 193507 412931 533900
97561 114732 150327 185709 332264 446008 446010 446011
62919 111580 212352 248013 335458 396966
116690 247247 328962 433697 482834
37848 107400 215330 323988 539229
2694 74217 149937 271996 469316 498928
51718 71714 471616 496530 505616
12217 46365 282787 361395 422700 448660
40110 89049 111754 218900 239826 373969 446572 461015
263317 2486 30398 33251 43379 52500 59285 64879 67572 70522 75780 77701 84839 92472 93356 95427 104553 120615 127199 141618 149809 151849 152407 154509 182201 182923 186022 202986 204966 205838 208714 217871 221281 225233 229209 230262 246180 252719 261562 263093 272957 273775 275237 276567 277024 277617 287582 289953 298254 301761 309411 313307 314250 314719 318212 318538 329078 330328 335183 345901 377247 383087 390680 401268 401798 409356 416162 419862 423864 429708 433190 434830 443332 458993 496201 502212 504199 512729 522378 527792 535477 541122 541690 543516 80756 278 4328 12959 18041 21786 29354 30093 30688 30962 35067 35308 38671 42473 45362 45561 46508 49424 51902 52511 52785 59532 59613 59912 60211 60627 71187 74895 79870 83510 83906 84285 84693 85871 96125 98199 99026 104481 108259 108892 109222 110453 112056 115533 116096 119359 122517 123159 123681 123953 137050 138024 141635 145797 153979 154202 166566 172218 176184 179698 181025 181492 182435 185822 186386 186575 186827 190765 193240 196008 197919 198973 199759 203272 204126 205676 209480 211967 216422 217346 219603 222414 226541 230788 231620 236947 244578 250046 252125 258382 265066 268123 272735 273209 277713 279830 280255 285669 293587 294393 295177 296111 304727 310236 310851 313006 317146 317367 321619 325052 326211 326849 326874 334788 340331 346322 361524 365309 365354 366654 370416 370979 371029 373756 373799 374874 379102 383731 384330 385399 392463 393031 394703 394886 396502 399572 401449 402379 403034 404948 414657 417198 423306 426835 427507 428993 430314 432229 435398 440745 440989 446298 447224 448214 449985 451488 451931 460073 462210 470004 470620 473001 475666 476448 478676 482986 484561 485080 489905 491667 495476 497867 500473 503684 504412 504784 511278 511689 518306 519686 521655 523046 530647 536482 539292
210464 235705 271023 276501 336961 471385 234839
61530 83599 148944 174182 210875 439731 444804 464000
17137 26087 62648 62649 87403 266342 337386 521520 531451
314443 353272 479970
8817 18452 32976 51616 58799 80142 85349 88269 94813 111787 129068 137008 137236 142514 156498 160681 163919 190308 193438 229488 232600 238416 242690 246460 253239 262148 264005 265353 283767 288374 294006 296571 310989 316764 326089 335785 346932 349761 371997 376997 379324 383362 385015 395891 400011 407273 414629 423625 427026 427216 427791 432857 439202 459331 482859 518227 518648 518695 523737 531205 531641 539228 487135
1500 12177 19625 21516 31980 50856 54519 72700 76261 81303 90431 100464 121344 121441 121768 124220 125000 138211 144800 145300 152770 168056 180569 182085 186400 193153 196827 200566 205402 227121 229039 251964 282212 302509 303834 304553 305601 319406 331200 356893 368669 395622 398443 407436 410747 412282 424386 442010 442541 452941 458185 463477 467195 468085 471456 488943 490490 490861 493324 498708 500747 515331 520608 526560 529227 539662
68136 110648 168437 274280 350351 388282 471342
37960 50803 245498 257303 426205 487957
63572 249599 270238 436830
73329 98270 118840 235847 284992 372995
88809 182037
110413 213681 463766
13922 48340 405403 430146 452788 493034
118476 184590 185177
27853 62296 156772 171503 227263 255159 269256 367257 381317 485474 518689
139308 225913 225917 225920 270531 394455 402113 402118 424025 426077 450891 473881 185975 430324 453584
208154 208741 210255 524274
73912 73929 73933 73934 73938 152543 153391 220460 274305 283470 394046 428193 428498 445204 469094 469095 469135 469140 478116 489415 489424 493980 536410 13905 439554 322297 446022 32446 73927 74795 162362 376511 453478 485510
55017 158534 339500 469396 66413 155096 300910 318079 318090 407868 425656 518217
211006 452195
118203 206513 212121 365285 381652
149339 233610 330933 334880 373181 376748 460712 522043 42046
268964 283114 520163
60606 60607 60643 101201 205643 480375 517741 328528
487582 513582
136748 178971 370178 386623 495490
22116 269590 343987
72994 173411 288816
112925 137052 255701 342541 437244
24556 72977 160597 342426 343259 524098
521 70004 127332 148870 169697 173687 174097 210373 233313 235362 292843 330506 356349 401127 404185 513756
951 200511 414227 414228 445494
72949 133416 146317 338396 415656 462883
90938 214452 244240 246173 336770 391524 537816
75731 262777 490580
51246 161307 476208
2517 13948 58522 118905 143603 149744 224211 226965 279708 282410 301181 328021 328447 419721 430559
4465 124908 202570 229395 230023 434832 452470 497934 503387 523812 451346 478089 502966
166202 382445 386562 406338 457915 467177
35725 43137 133308 239463 307276 312046 423981
28914 435234 442226 463375
3114 36638 40035 45625 56335 70193 73922 136344 148444 148725 150549 161142 169366 194423 203424 216586 272052 319737 364241 435749 436280 479189 484103 484636 489771 516044
11818 96868 425125
38926 161318 172595 308654 315446 376908 430858 517813 531212
44613 73937 98804 98855 99173 235901 301581 320317 445195 543522
14305 409927
308767 308768 308769 380019
43424 130445 199656 354269 1200 51113 80433 87071 89970 142400 152589 164387 167882 189124 226140 256580 279755 317090 330293 342871 354088 354565 423673 463745 474381 531792
187025 214465 427532 6394 37672 133679 297412 430427 434433 442152 443776 451022 523676
100582 129861 144441 250015 294760 316076 330976 366337
411 25558 111832 172588 207834 536254
84836 519897
54847 492247
12346 98663 180078 373724 429812 538597
29103 55457 65312 84639 85900 109242 110457 114761 122965 140945 150359 154377 164602 232317 272804 275458 317034 319392 371964 383679 395887 407219 422634 488010 508669 537703 543414
18479 52787 102292 126974 298838 387411 389114
68641 140683 350932
1163 15433 36150 134714 184634 247771 263773 280696 345468 406080 482044
6351 168646 228092 390836 477206
19323 86563 292001 517847 517859
227369 286151
176776 293948 446392 508971
16710 20571 90704 116757 191382 238369 407908
5138 75941 275015 505734
78242 389396
320365 345483 365096
385314 410603
117816 296327 457642
48394 537472
6988 11264 78474 209331 354506 396743 476077 476092 500905 500917
162905 182183 253596 268719 449139 487654 487656
6231 112285 182145 301684 463938
31894 31895 103798 298986 341236 371692 375274 419250 419253 419254 467419 472622 497706 519348
72226 175144 185626 233084 246160 268827 295134 337917 411027 440817
140937 288030 329387 364737 486322
2894 3679 8026 24580 89055 94083 97717 107131 108363 110775 110777 122664 122666 137527 137545 148848 195564 208201 212045 230357 237858 241235 282393 328417 328419 328430 330850 348754 364623 364634 381719 395197 404010 432293 450297 454413 478362 523811 526185 541417 541419 541801
19370 50246 192052 305365 492792
60243 131944
406965 537922
93256 93274 93403 155211 356429 356430 356435 366722 380434 384210 428268 529126
62554 144469 445322 507060 507063 429844
1105 2511 48716 48720 48721 87932 88789 102636 111172 132270 132274 136209 136211 165101 165389 168752 213186 239736 265323 270233 274159 304562 342327 359267 368855 452077 467217 502037 502827 512492 532594 532597 533977 539584 543788
517791
18129 32753 53014 59093 93642 102545 114137 127218 133133 147857 158005 158869 183057 196192 218136 235570 251516 270219 292178 318094 330924 409083 431773 476415 510869 543434
172062 227921 285524 330175 468293
73466 73477 419978
156820 327382 381820 424741 429668 453462 482450 531036 542246
1164 7775 10872 12275 18396 21859 22108 22750 33972 40150 40368 41947 44417 46734 49011 49251 49404 52705 53201 58209 62816 75422 76174 78548 83365 84360 95124 96246 98598 100800 102786 103920 107337 116893 118972 123137 126263 126867 128604 135305 143180 147613 151478 153222 154922 154972 167320 169941 176655 181589 188168 193701 193968 199136 210491 210965 212190 215982 221015 232111 240177 240649 241902 245981 250555 251857 269278 286552 288210 290254 298981 312191 318316 337899 344787 355126 362412 364079 364368 386317 389994 395337 403712 407916 407983 408514 415696 415813 426901 432507 432520 439603 443438 462564 464824 466954 475193 480112 480777 489123 493163 493231 493702 493977 501189 505072 507622 511805 513605 515541 517097 522764 524164 531157 531766 531905 537583 538291 544328 544343 547472 505586
5747 7083 26901 87846 104062 143271 146623 181922 239992 278593 390656 503505
51369 56285 85822 112416 119568 151659 177145 178246 260312 274433 274440 290612 290613 302808 310160 377022 401230 450130
57365 274517 293647 293659 293662
496855 496857
89972 163303 165121 223142 272427 314957 316782 441755 482876 530563
207523 383169 399151 399156 399158 509512 28873 332530 365064 451370
85046 119819 168972 172824 201863 248716 263268 345974 538606 538610
2721 172871 189129 211198 211918 236093 260883 387809 452472
195526 413461
58392 387080 408944
22153 22154 243593 544099 544101 546671 547406
29335 29345 29348 250725 312657 312658 312660 312722 371821 395795 396983 409386 423649 487499 542733
55312 132823 199467 237209 343491 526816
436832 436873 509314
320204 541172 541175
99360 253776 272131 365606 393022 393326 438945 459852 487879 515854 519117 537610
74666 450482 88974 309070
31305 60344 99127 252569 269909 312454 393892 437003 438455
490377 535855
245030 318229 334490
5912 10634 154396 171724 184624 187693 192194 256469 316824 341397 346359 375557 432330 474939 474942 474945 474946
4216 91450 108411 226228 245639 400169 473302 478692 526764
25829 55491 226536 435660 435700 435716 459853 496805 504979
35237 51400 67936 92834 349561 496149
62960 120296 122211 163023 404494
688 15749 17934 19252 81909 116912 122874 127128 135006 144083 145886 162598 166494 169466 170410 201679 203632 217427 232501 241305 247096 265874 290331 294162 302782 305636 306218 355903 388799 408181 414051 416089 443830 464056 506695 512458 517843 527583 534307 548285 46650 84370 173625 119385
31061 275568 416985 433420 459621 485312
33492 65243 65513 141157 258162 292574 346811 406477 430451 495620 521772 33345 316409
218100 292127 301237 333442 450744 522957 533302
35867 345246 369336 484428
1547 45292 45295 60658 103118 104712 141007 263181 326464 334974 351390 484333 504033 528285 536934 174485 195684 199616 448031 494565
61308 113764 203895 216380 286961 295903 408435 523449
34799 34802 58848 345624 516523 520546
27890 48131 52064 55386 55388 57383 165463 219781 238491 389895 405178 483076 538129
62211 99302 123836 154277 154282 209163 236304 287800 344610 359862 372706 407647 431741 522205
17239 101389 276154 387833 417412 424750 501768
122115 139994 473502 495814
279387 303927
84309 148221 414685 193837 448427 509142
113592 127960 377832 456621
198903 204686 445938 511792 526129
53560 64572 65000 68257 71640 81499 84239 102941 137824 145911 145932 150243 166867 194836 200952 233632 237442 271422 276649 310305 319620 324456 325553 326762 348418 357095 372675 384360 390782 421764 423381 427308 459129 476115 487636 491070 509448 519807 533527 541584 96130 445362
14599 32239 73054 101295 113773 171491 200196 227747 243469 337503 387972 404752 443897 459971 492349 497338 361091
28895 61602 168536 179355 179356 231008 333040 357301 466713 533777
26714 36062 103651 465335 478810 507789
3954 106506 206340 250469 264361 274975 279552 290541 299296 345253 369293 485231 498869 510212
136918 458137
315316
21270 84409 262923 412703
29866 192608 232195 468680 478760
206842 541656
149139 149143 149144 149145 171543 211436
77823 232310 334840 334845 334846 340946 381994 393657 394247 394281 394286 394287 394851 406835
24554 209225 256705 322648 348165 538888
6596 47694 124093 134888 154240 300585 324665 371886 399682 428784 456290
218871 454021 478037
57920 148142 253872 265064 409766
33371 69413 290786 433897 444567 393076
124476 511816 511862
84915 143456 184555 223247 248775 279503 281920 321284 344146 360020 371631 379022 437822 444728 34883 92489 137114 175887 179969 262611 285265 294613 337785 344252 348401 360478 439377 447303 462377 466951 473834 513880 519390 518522
230731 255527 278776 303218 405971
7557 33603 75311 85219 92811 96207 117368 142827 162776 206674 280523 290394 308901 343097 366745 414409 422934 426267 515051 518671
139413 146125 155108 177753 298861 407389 503551
325045 325048 328245 369720 373310 421283 502726
8334 12983 12985 45252 78005 90567 120449 149759 168585 185541 197411 207306 213313 264630 293343 388934 462233 535978 544121
178203 230382 349175 459127 464720 478862
260781 364650 478744 505924
278308 423664 427876
32514 107918 131925 178224 326818 392394 415761 456160
18588 302362 325088 367797 411305 415466 424871
80429 86199 87073 138399 191707 262286 364200 387987 404725 489673
12382 150444 216938 290148 324252 325240 384227 526724
77453 205276
34464 53577 115788 443467
37922 199497 287016
4406 19471 157089 178108 220801 226561 234224 277277 386376 430041 453999 455469 535391 194407 408420 409317 494662 32702 54892 186535 202203 230643 249831 317331 335112 403188 464736 484963 522622
162879 356980 417575 514967 540054
48712 472423 500803
20888 20903 123508 298519
113217 351760
12886 250240 362762 367182 373837 418510 418514
97106 491342
257413 413700 528782
128214 242613 357172 381138 405013
73067 77947 389999
7834 29820 119727 163070 300747 532451
363229 463386 487583
6688 18059 36712 73833 80778 104911 112494 132794 133831 145503 158753 174472 201407 219575 255586 259625 276958 281468 285560 292405 331825 336749 376852 411592 416431 424508 425287 430888 432003 452257 466842 467133 511848 538944 56222 111606 307520 539854 49082 292797 316846 517285
19097 74921 121995 142454 164009 222671 244035 255990 296533 427927 479281
141160 166105 213112 484517
141379 160702 166344 236473 327998 332673
48445 62000 90315 139540 158287 168553 168555 174935 186990 203274 214187 232163 283031 290071 297405 302333 306688 312934 328685 351686 364541 384433 408237 463162 470264 496096 499025 515701 518975 521507 526889 531261 531276 249936
21053 78534 95177 109927 155380 237103 263493 284695 348315 420886 466235 490239 509466
12086 112046
27896 72864 127182 272921 286203 310578 347332 472806 522858
363039 473674
124773 222735 365448 489152
85206 177301 432414 538158
12902 25476 25478 81346 103249 221601 221609 223808 247642 258835 261988 319151 335964 344218 383707 408412 441718 458212 468887 496832 526824 536622 538751 538752 138993 172808 442764
57444 67586 68955 269644 296579 303297 303361 321472 336267 337201 348167 398838 409526 409527 409529 409534 409535 409540 466141 477860 481062 494459 509802 520403 524067 539656
19752 36397 103633 113052 237888 516643 458085 538880
35590 223414 265210 273232 347999 357619 400151 420455 521061 522339
26567 138036 162823 169502 209923 530596
140741 273675 305809 336994
116407 438364
15010 35072 341185 348996 394023
226605 468003 529460
155697 199787 493941
122814 170619 249819 426274 515081 9477 11501 17400 22905 49986 54159 61025 66324 74491 82276 91487 97983 106873 119952 120511 120721 132521 143750 148545 165323 166089 169637 177767 182173 185964 195109 197935 209840 216658 224110 224870 232429 242337 243136 249536 257304 257520 257906 262051 264490 266865 270337 270721 275325 276496 278127 280033 298491 313625 315789 322361 340503 342923 347869 352727 356114 364400 367135 367905 376753 382672 383714 387589 395015 398530 403457 414963 415603 438812 442743 443480 446885 450302 481362 485236 511033 511383 520757 522605 529014 533768 540572 541063 542594 82113 133754 135693 265293 382057 517108
852 2556 2613 2917 49336 70350 90820 103626 150211 160859 170622 196298 218600 222789 224305 292251 329483 330153 358490 367698 407147 409740 420580 424145 444965 448512 513011 517958 524313
52159 63198 91552 104469 105844 188510 221011 232218 241413 248243 254714 298405 378932 395878 412947 417079 440889 462537
19300 75929 124481 147122 170064 184512 241333 255452 329073 358512 358873 478696 506181 355396
282543 356426 356431 356447 382035 405911
39366 160441 168827 209002 505531
182679 215409 275648
69805 81384 250579
24076 38185 44867 69456 89973 91601 95977 105027 108628 116177 120959 151259 154244 168624 193691 203972 208626 233933 297278 336083 454029 514297 528522 535600 543534 517019
72969 327736 49820 111022 124602 128633 165511 186703 203827 217231 236861 361112 371295 376053 415235 427438 486082 518426 528254
65047 240416 546586
47657 73184 96500 99560 99850 114402 134160 141110 156060 171857 242719 277604 278354 318129 335767 337936 339577 347815 378463 379535 396772 397643 474410 498346
18103 34108 51103 93112 154817 183514 202852 240693 274819 289263 382571 418808 438438 457208 481287 506211 514958
108179 276167 515083
132912 204315 394557
124469 522664
38545 39526 101573 116460 131416 157852 161271 165194 169330 247343 247358 259168 260602 288273 290420 301152 368865 384854 420916 432610 480822 481044 495935 501622 502939 522641 523585 523792 540957
67330 357761 493703 497490
259399 349244 421963 499637
11663 352260 356500 542038
10732 14315 50147 67649 142383 147778 165469 199231 230958 262023 280689 288316 394334 405948 429163 529054
75155 87113 87126 87127 87129 243105 276395 330371 362229
22295 183949 322370 450136 460518 481511 529748 541480
111650 224387 264562 290301 331618 355806 380405 444646 531144
264317 335958 424654 505880 529947 538821
144025 260220 290798 290869 335744
14979 170045 245730 496722 519269
274146 422043 457203
188202 208523 456247 522092
141471 269532
4464 190377 193030 229447 379369 403309 422198 494068 511456 522935 7923 47375 50651 68214 72090 75316 93106 105321 142439 145710 145912 167436 196138 222381 224414 237499 249165 262203 271676 296406 297160 329897 335880 351614 353214 395631 399100 406877 423205 430505 446578 447126 454489 459882 467567 488489 490905 499869 534791
21544 48549 135434 172825 172827 192962 331740 331741 331743 336383
73661 85308 204652 349757 451174
26564 78311 216368 267768
151862 242226 399318 435179
8365 42999 47207 51254 56713 77936 86000 88312 102542 108788 159455 162365 188898 200810 216507 240914 241228 261544 265730 271540 286224 307482 339081 377099 381983 391315 391924 425149 431123 434532 442929 443611 457527 458250 471993 479406 536082 540508 20904 115966
42128 134868 158917 190509 212517 364015 380892 435607 471818
31054 277519 482225 527073 538805
61988 161587 173589 186785 201513 201515 282755 328420 445524 469573
85039 142163 247773 272462 356263 358351 410235 515489 541930
66334 66338 136733 287486 423025
77445 190019 300785
32082 35642 163587 286958 437349
38867 137968 320166
198496 339508 422982
14896 21659 21695 24397 42346 62867 67051 71036 87626 132671 145089 158674 162709 163015 166077 182587 205505 210462 233838 240678 254423 258501 278725 282906 303160 305716 350288 370812 408836 411795 422063 436124 438354 445259 486888 534790 538222 2797 31200 47626 72238 129002 129819 140476 165128 196566 198304 202609 203397 216625 264309 266187 270593 278146 283440 315577 320858 323371 323378 348877 384795 389473 412353 417383 429082 438003 439622 463702 472962 480884 497828 499649 501124 514909 516992 96812 96824 121482 243863 1015 231400 466135 96828 260329
54182 112408 135747 265240 340335 372431 446676 507743 530864
71069 476657 494030
124945 124948 537905 542915 542955
32026 101413 170001 185169 231450 265216 386984 441937 523179 93020 156266 180908 387160 390045 395309 425633 437619 445783 460244 484370 491208 526859 533815 539236 172006 473103 11413 48464 76087 223117 268517 361208 425999
11312 94655 119215 139700 168868 169911 194584 230711 278973 285717 369456 375306 381571 393415 397353 517172 517456 527594 42482
45548 215266 249771 360314 468231 532208
45393 59578 288004 290031 436871 476189
8323 149680 198204
61195 81858 150077 183631 226183 306986 352756 366700 419305 508809
53049 96237 185560 187127 209375 374105 468184
101218 236362 302431
2991 8183 18668 121944 271884 347926 370447 488148
448 2117 28123 52713 56684 75848 80796 114138 121361 130042 131874 154321 158327 170021 203546 260305 271148 333085 334420 338709 362528 366149 389968 392186 396362 410087 449691 455467 467401 471848 485055 491851 519832 520877 525658 529820 544416 547506 11915 15922 36802 40326 66017 70230 79419 79705 81790 89918 95258 98343 104350 106397 110425 111550 131043 135409 146401 149579 154146 155663 162974 175213 183231 189882 209915 216697 228082 254963 259788 286536 301483 310488 325745 327922 344483 349627 354715 389791 397448 397575 403346 403540 413490 416018 416364 421373 433792 463529 477664 485524 498651 499716 524779 535908 41015 152512 375133 394515 482169 504629
13679 14299 30348 31488 34250 34937 47550 65296 72727 78028 83362 96479 97661 119495 122267 139317 141005 163486 164157 170387 177466 187476 199961 209080 213786 241304 290337 292080 297644 321742 360322 362275 371991 378689 396135 413248 435810 443747 475188 478514 503446 510530 521184 521217 530270 539784 544322 38822
5197 22780 35814 37101 56342 57060 75588 100623 129143 142229 176500 176695 181785 196910 245851 246767 284216 290968 308167 352799 352885 393110 398631 407895 415981 418918 455942 485935 486884 490231 509535 515422 541552 158208
8720 22915 47521 49211 78517 118030 286824 339296 480628 488277 496847 518489 21160 24168 45559 87059 150755 177644 180594 256695 260944 407999 414652 429148 447363 482118 486548 503978 508458 508576 515797 308545
55107 168754 380082
46515 47075 116731 299453 332834 375255 457735 478539 529871
5457 15489 27651 31953 60667 203359 270273 310937 316207 344438 354742 369475 373680 444683 496329 323165 24669 26602 69077 75123 224389 309081 311683 335655 377116 389413 450091
16383 201221 403163
97682 168784 180137 262713 431971
202170 270508 287742 541707 4015 48899 133720 223513 318905 342041 357018 478326 541015 314370 349893
33094 52657 74972 144067 244920 261409 327959 344354 367949 406869 430869 471115 483451 503043 12562
15147 61160 62574 114369 213775 263425 334441 335860 430087 433898 436388 444595 460609 472790 482336 484081 35815
35446 37555 109756 165812 290573 328028 331903 518053 519887 537844 542138
21106 49504 225450 228363 320295 355676 512502 513547 529251
196547 208712 414323 465309 508745
22085 64287 67454 120388 155770 170756 189109 195156 203633 222584 253870 271928 277405 291669 301867 312146 363363 389962 419009 437660 442876 483882 485105 491554 512147 528715 464666
60316 62937 246646 544163 545245 547205 547944 548137 546176 546178 547107 548142 57136 103090 545044
66653 82400 113380 223285 321616 331718 370317 535681
52588 74313 206374 395623 425893 426065 541515 541516
3373 13472 13475 50948 54958 339002 393765 520150
55591 121097 169552 395215 428101
130442 356449 502349 502359 502398
141498 162722 287495
22700 175581 198253 488040 512853
6372 182335 316666 450071
32902 264870 428205 428212 428214 428215 435477 435500 465815 500878 500880 500881 500896 512037 54912
69001 146269 292617 358440 468203 539633 539640
118252 346420 355427 537376
155316 441286
128316 337448 445147
29702 46220 54207 79265 79273 79274 81591 155786 197391 202367 249355 251263 251991 259996 279902 348631 353346 379495 395041 485641 523107
11030 19506 85288 87391 168776 198051 224018 227783 271354 317630 443486 490961 494959 524973 330044
13590 36516 91330 145294 159178 173902 304965 316081 346343 394010 398934 405832 422567 430891 445445
69314 94208 107729 463487
