137 639 1074 1343 1761 1861 2167 2341 2445 2616 2641 4385
146 837 2071 2077 2085 2410 3718
218 630 941 1215 3325 4331 4687
771 981 1035 1771 1799 2015 2381 3377 3630 4719
433 1031 1515 2434 2669 2983 3189 3855 4278
818 1494 2319 3328 3661 3887
209 865 926 1433 1687 2613 3159 3516 3635 4052 4682
182 349 2312
1063 2096 2281 3113
83 681 699 1277 1671 1784 2311 2480 2921 3087 4130 4224 4387 4871
155 2654 3081 3104 3123 3402 4190 4809 4944 4963
478 2544 2685 2808 2817 3043 3722 4991
245 4448
451 939 1427 1484 2244 2888 2989 3265 3470 3924 3927
216 779 1097 1441 1487 1745 2552 2633 3016 3074 3147 3162 3507 3958 4198 4299 4413 4584 4778 4959
1052 1354 1362 1578 4766
93 1658 2612 3283 3296 3874 4110
436 490 569 598 2385 2656 2741 4560
95 552 1010 1404 2260 2455 2804 2940 3213 3688 3767
445 620 859 950 2261 2843 3285 3420 4023 4246 4609
1109 1272 1306 1410 1792 2339 2349 2580 2911 3432 3878 3971 4022 4199 4350 4391 4656 4697 4739 4831 4912
410 427 2370 2576 2787 2906 3028 3040 3583 3989 4055 4451 4695
194 723 1325 1537 1772 1868 4201
77 1819 2467 4879
628 762 839 1445 2032 2590 2777 2958 3535
167 229 2464 3262 4829
50 260 632 1713 2463 2995 3007 3109 4327 4365
59 1552 2110 2842 3673 3700
32 906 1108 1128 1328 1471 1538 2588 2673 2956 3886 3981 4147 4360
41 364 476 1214 3261
68 2127 2262 3657 3659 3959 4748
212 481 1750 4038 4675
1733 2795 2866 4097
713 1493 1716 2776 2815 4148 4274 4645 4787 4995
273 1019 1037 1851 2369 2420 2507 2596 3022 3391 3405 3737 3942 4335 4393 4417 4531 4860
394 747 849 2067 2175 3376 3677 4237 4428 4994
608 1027 1067 1512 2987 4704
606 1393 1414 1925 3292 4085 4265
8 741 1169 2622 3633
44 128 1891 1915 1954 2070 4111 4330 4344 4436
125 949 2847 3815 4045
304 1339 1719 2348 2484 2629 2784 3856 4583 4659 4700
340 1380 2062 2788 2886 3433 3442 3618 3954 4185 4283
80 1187 1521 1667 2158 2812 3223 3525 4067 4169 4294 4377 4507 4542
651 719 821 1815 2563 4937
1082 1092 1618 2104 2351 2519 2672 3286 3810 3896 3976 4026 4179 4271 4453 4957
295 360 2760 2781 3331
117 448 856 1055 3566 3861
412 1652 1767 2625 2967 3448 4669
385 740 1499 1727 1951 2903 3290 4592 4667
307 1210 3655 4715 4775 4918
1243 2792 2955 3194 3281 4040
29 710 1143 1921 1974 2478 2517 4341
550 1167 1544 2059 2254 2824 2975 3279 3807 3913 4214 4466
213 379 1274 2008 4655
352 437
1251 2997 4208
244 1250 1503 1778 1779 1870 2437 3329 3371 3982 4336
226 545 927 1936 2143 2145 2976 4317 4892
325 1032 1567 1668 1857 1874 2957 2968 3513 3679 3962 4155 4805
361 489 739 929 1570 2667 2728
20 897 1054 2081 2299 2471 4556 4717
798 1030 4670 4853
2 803 944 1483 1734 2001 2201 2263 2380 2630 2722 3315 3449 3725 4229 4747 4989
235 2413 3343
289 725 754 1173 1742 1967 2845 3457 3466 3496 3686
65 1013 1126 1260 1462 1632 2045 2117 3490 3596 3908 4725 4890
597 1426 2236 2460 2558 3259 4332
193 618 2859 3134 3689 4735
265 836 934 1091 1159 2664 3026 3477 3957 4909
301 509 899 903 961 1172 1299 1416 1723 2157 2566 4362 4731
748 847 990 1103 1739 1987 2533 2548 3761 4047 4830
256 520 610 1532 4018
211 834 916 1518 3612 3696
388 498 917 2887 4137
166 2457 4380
14 1062 1089 1269 2344 3392 4239 4690 4782
1003 1303 2050 2168 2241 4288
220 1207 1880 2969
501 1114 1382 1610 1650 2247 2986 3208 3502 3644 4672
202 1775 2293 3412 4946
310 772 811 1830 2034 2518 2587 2992 3014 3083 3103 3422 4744
72 474 556 613 1029
151 1678 2323 4900
124 638 2542
447 684 743 796 1137 2605 2677 3031 3970 4742
133 810 1127 2578 3105 3681 4600
106 943 1470 1651 2239 2738 3254 4386 4437 4582
214 737 758 1038 1190 2190 2219 2417 2782 3042 3152 3350 3719 3915 4438 4626 4718
420 875 2245 2592 3851 4462 4705
1227 1545 1876 1935 2791 2964 3552 3875 4153 4396 4683 4794 4833 4868
115 3263 4196 4692
686 1100 1292 1659 1832 1879 2064 3179 3295 4087 4145
241 867 881 1271 1336 1804 1992 2789 2820 2830 3444 3474 3992
176 369 2185 3353 4078 4425 4869
901 1068 1174 1188 1449 1662 2036 3388 3949 4463
163 788 817 1695 2024 2907
172 429 661 898 1335 1903 2414 2560 3359 3394 4114 4493
459 1648 1854 2456 3357 3704 3961 4410
664 1053 1392 1555 1863 2308 2340 2941 4151 4345
1933 4202 4821
127 807 991 1155 1364 1528 1691 2378
208 615 3082 3289 3639 4002
217 1438 3889 3922 4132 4595 4986
286 414 512 1217 1502 1885 1966 2492 3106 3122 3557 3825 4194 4269
709 806 1602 1941 2306 2522 3064 3745 4790
671 914 1584 2240 2265
109 824 1124 1850
923 2350 3423 4929
199 495 1730 1813 1827 3018 3568 3602 4743
190 920 1479 1955 3360 3879 4193
396 3048 3196 3415 4459
405 1495 1706 2214 2930 3046 3351 4318
378 417 830 2000 2364 2834 4086 4211
73 872 951 992
160 338 486 763 1381 1456 1884 3345 3693 3968 4388 4519
426 1168 1253 1388 1840 2119 2337 2447 3054 3089 3417 3503 4323 4573
399 2153 2275 3039 3691
85 680 1230 3545
139 2545 3174 3584 4485 4540 4662
300 3561 4834
381 1463 1525 2049 2151 2649 3038 3314
390 1047 1165 1248 1677 2148 2280 2479 2835 2936 3226 3744 3806 4231 4548 4613 4649
130 1048 1457
560 625 2107 2182 3276 3787 4920
974 1238 1738 1826 2009 2037 2426 2433 2582 2619 2915 3695 4886 4922
372 557 797 995 1575 2026 3271 3386
75 148 1363 1400 1611 1774 2012 2538 3144 3294 3813
462 2858 4567
157 855 1060 1347 2222 3613 3669 3964 3979 4001 4788
22 736 882 918 1107 1573 2665 2980 3080 3440 3937 4100 4230 4337
444 2274 2838 2972
86 1517 4013 4080 4209
112 647 930 1255 1289 1357 2494 2689 4072
94 318 857 1355 3591
312 1004 1245 2448 3741
393 531 2135
402 1500 3931 4455 4870
294 2164 4076 4095
43 309 889 1099 2126 3339 3779 3781 3795 4434
180 249 4508
1045 1377 2111 2699 3652 4509
267 1465 1855 1918 2718 2874 3604 4795 4800 4908
838 1134 1378 2139 2386 2731
749 1222 1256 1897 1972 1998 2226 3035 4333 4653 4714
10 864 2270 3675
1171 1223 1613 1795 2727 3075 3640 4248 4561
306 707 1577 1821 2352 4171 4807
688 1735 2695 3755 4251
333 609 728 800 922 998 1755 1769 2031 2233 3063 3902 3925 4395
1 3025 3866 4525
47 207 274 4998
1417 1446 1811 2054 3177 3932
264 425 624 1910 2264 4035 4289
198 1247 1615 3533 3540 4511 4702 4835
270 551 2029 2675 3130 3482
252 258 2917 4976
28 2325 4538 4815
315 1122 1197 1557 2848 3572 4953
174 243 1633 2090 4175
92 147 947 968 2868 3715 3735
183 701 1290 2357 3085 3788
156 1585 2658 3841 3941 4243
1131 1213 1258 1968 2184 2809 3056 3218 3222 3369 3712 3730 4044 4218
461 1083 1133 1324 2235
833 980 1235 1644 1669 1869 2154 2909 2937 3844 4192 4753 4785
452 822 1101 1121 1146 1220 1626 1797 2013 2025 2203 2920 3356 3617 3714 4966
275 334 2870 2970 3521 4926
219 386 1601 1607 1726 2128 2300 2430 4537
1081 1148 1249 1301 1385 1757 1791 2160 2326 2982 3066 3110 3257 3699 4028 4397 4442 4848
237 596 1104 1150 1212 1480 1636 2272 2338 3246
192 1237 1275 1330 1374 1603 1628 1943 2314 2468 2726 3936
201 602 778 877 1014 1403 1647 1715 2124 2189 2832 3396 3772 3832 3935 4292
222 1034 2979 3057 3154 3380 3828
87 524 582 2346 4187 4777
535 587 2376 2763 2935
580 1069 1286 4082
168 1125 1391 2178 3183 3187 3192 3586 4060 4262 4691 4930
13 177 453 874 2176 2511
150 761 933 2973 3098
473 657 755 975 1203 1656 1917 2072 2844 3291 4143
159 1507 3342 3538 3701 4285
132 567 629 1397 2603 3625
1432 2010 3594 3904
105 1016 1809 2438 2634 2732 4244 4588
455 492 767 890 1566 2806 3166 3914 3978 4295
114 852 1407 1447 1839 2449 2599 3685 4820 4904
123 510 3060 3447 3515 3848 4610
401 1587 2361 3219 3553 3642
78 120 648 1777 2550 2745 3526 3541 4057
231 643 1302 1345 3150 3214 4838
332 1119 1320 1408 1464 1732 1842 1965 3368 4159 4219 4585 4755
404 2051 2516 4551
90 1348 1848 2118
63 533 2028 2063 2767 3268 3373 3790 4383 4855
99 2435 2947
395 1120 3304 3549 4407 4916 4956
341 1722 1829 2631 3491 4562
422 745 2624 3243 3245 3472 3473 3697 3791 4197 4405 4574
377 1191 1221 1265 4247 4552
413 793 928 972 1040 1263 1520 1782 1947 2331 2391 2513 2570 2991 3084 3153 3274 3510 4117 4443 4762
144 559 568 634 1059 1666 1748 2192 2644 2826 3049 3058 3235 3333 3816 4979
81 196 900 1161 2159 2382 2602 2604 3119 3363 3519 3727 3999 4003 4906
153 227 2080 2778 3907 4180
126 1368 1762 2793 3416 3863 4158 4215 4528
27 907 909 1676 2195 2653 3426
36 848 1194 1337 1534 2313 4250 4364
770 957 1115 1923 2174 4374 4631
449 2232 3588 3909
135 1993 2606 3367
1475 1476 2694 3991 4149 4643 4732 4837
350 1847 1896 3838 4793
346 389 457 697 2113 2855 3001
362 783 1139 1529 2404 2925 3833
272 573 2324
317 967 1640 1860 3569 4312 4390 4398 4571 4842
12 764 1639 4227 4792
718 722 1281 2797 3076
84 2129 3404 3428 4275
434 605 937 942 1199 2211 2333 2388 2529 2846 2849 2929 3387 3987 4315 4565
102 516 858 969 2027 2301 2488 2802 3013 3590 4181
299 564 1818 4020 4999
308 1366 1970 2047 2125 4640
679 1044 1232 1556 2316 2366 2540 3337 4938
572 1305 1985 2476 2790 3592 3803 4019 4654
142 871 1042 1419 1643 1654 1902 2951 3117 3637
39 1508 4409 4488
398 407 1971 2399 2515 4033 4856
15 23 1531 1887 3347
746 3555 4226 4733
230 291 585 622 2650 3717 3837
51 1008 1098 1116 1546 1653 1789 1810 2142 2220 2486 2617 2871 3421 3465 4012 4016
24 415 884 1071 1239 1413 2392 2682 2879 3354 3571 4165
221 502 2393 3738 4698
203 850 2309 3133
164 794 912 1881 2021
311 586 1095 1824 1895 2131 2547 2779 2794 2878 2927 3500 3546 4684
365 673 1205 1310 1759 2076 2277 2394 2684 3201 3883
179 1934 2079 2249 2898 3216
188 571 599 1950 2828 3280 4875
645 883 959 1916 2114 2700 3186 3256 3443 3771 3819 3988
475 971 1576 1591 1692 1808 2083 2904 3269 4124 4768 4789 4874 4898 4943
484 4947
143 528 1076 1178 1360 1969 2557 4276 4674 4881
466 1259 1358 1436 4136 4473 4526
287 2946
242 278 801 814 1036 1193 1670 1909 2208 2431 3413 3610
925 1075 1218 1959 1979 1994 2022 2451 2765 3753 3894 4032 4356
197 2057 2116 2711 2829 3034 4030 4351 4587
1080 1940 2014 2132 2259 2500 2905 4866
