5119, 7960
2456, 5721, 7298
1050, 5601, 5602, 5605, 6173, 6181, 6186, 7730, 7731, 8996, 10103, 11829, 9010, 6175, 8992, 6185
1355, 1850, 2648, 3397, 3721, 5639, 6571, 9061, 9321, 9604, 12363, 13396, 11851, 2685
3761, 4938, 4963, 11434, 12766
4269, 6073, 6642, 6644, 6645, 7630, 8517, 9618, 11171
2029, 5488, 6967, 9163, 10916, 11015, 12687
5107, 11008
1088, 1518, 1561, 4763, 5849, 6566, 6843, 8074, 8699, 8945, 9476, 11120
1722, 2108
1778, 2378, 2873, 4284, 5705, 6867, 9087
641, 642, 1707, 1903, 1904, 2753, 3669, 4547, 4729, 10806, 11151, 12260, 11152, 12756, 2951, 10805
912, 1228, 5932, 6219, 10357, 11848
627, 1202, 1747, 1823, 2411, 2560, 2611, 2973, 3078, 8032, 8305, 10577, 1370, 91, 2377, 4558
5489
4759, 5045, 10057, 11314, 12365
1701, 4169, 4822, 5669, 8940, 12268, 9484
204, 1564, 2431, 2612, 2616, 4425, 5478, 7866, 8741, 9143, 9301, 10093, 9983, 8824, 11045, 12226
599, 1984, 2748, 3320, 4240, 4955, 5426, 7417, 8276, 9265, 10016, 10580, 8158, 1378, 3932, 8983
2286, 2671, 4333, 5345, 6057, 6481, 7760, 8566, 9035, 9316, 10931, 11493
787, 1707, 2751, 2950, 2951, 11727, 11728, 4547
5598, 6166, 6708, 7314, 9837
349, 1586, 1759, 1917, 2026, 2334, 2957, 3364, 3399, 4550, 10029, 13002, 12234
1813, 3388, 3472, 4454, 5006, 5594, 6163, 6294, 7759, 8857, 8888, 10768
726, 1116, 1497, 2393, 3316, 3949, 5560, 8270, 8858, 9154, 10217, 12209
258, 1220, 1955, 2082, 2350, 3981, 5167, 6923, 10624, 11477, 11886, 12496, 6729, 10566, 3938, 10269
2297, 7309
2336, 3225, 4172, 7655, 8202, 9631, 6698
1677, 1846, 4184, 4185, 6016, 7055, 7494, 8109, 10585, 10872, 10925, 13158, 10446, 9642, 5337, 638
3150, 4928, 5676, 8249, 11016, 11271, 11855
4239, 5575, 7499, 7500, 7784, 8360, 11482
127, 616, 2927, 4090, 4091, 4422, 4975, 5574, 6309, 7644, 9843, 9860, 12024, 4697, 11440, 10846
1813, 3472, 5594, 6163, 8857, 8888, 10046, 10768, 11325, 11340, 6294
140, 169, 644, 2134, 2519, 3444, 3527, 4401, 6702, 9468, 11963, 12235, 5807, 3773
2232, 2709, 4038, 4855, 5055, 5408, 5987, 6403, 6548, 7995, 9228, 12592, 3276
45, 1787, 2614, 4513, 5334, 6872, 8065, 8885, 9450, 10513, 12255, 12716, 4105, 2120, 5963, 1492
31, 3573, 3831, 7236, 8071, 8072, 8252, 8522, 10318, 10435, 12471, 13090, 3574, 8070
1389, 3202, 4382, 6950, 7346, 7996, 8647, 8834, 9251
5174, 5175, 5177, 5178, 5179, 6025
3587, 3589, 3590, 3591, 4165, 5114
6043, 6088, 10105, 10609
102, 5240, 8162, 10360
621, 1222, 3348, 4807, 6542, 11460, 11557, 12063, 12462, 12789, 12827, 13052, 12957, 9283, 5451, 5558
11208
2844, 7427, 8258, 9074
624, 2119, 6075, 8738
5833, 7426
1972, 10247, 10960, 11568
1272, 2295, 3151, 4753, 7703
1636, 2239, 3414, 3612, 5046, 7560, 13402, 3072
10437, 12683
5154, 5749, 5877, 12069
1374, 3659, 9018
58, 1292, 3057, 3635, 4085, 4211, 5343, 6539, 7879, 9600, 11367, 11956, 10533, 10177, 9059, 2991
654, 4999, 5652, 6443, 7342, 7503, 7754, 8401, 8402, 8403, 8593, 9347, 2390, 9657
2059, 4124, 4389, 5464, 5585, 6878, 9568, 9917, 11938, 5717, 8823, 8199
477, 2521, 2551, 3878, 4007, 11846, 12750, 12825
162, 2396, 3480, 4464, 4632, 8096, 8821, 10671, 11593, 12801, 13496, 13498, 3424, 3951, 13495, 11232
8362, 11278
626, 6279, 8260, 9993, 11200, 11411, 12374
162, 2396, 3480, 4464, 4632, 8096, 8821, 10671, 11593, 12801, 13495, 13498, 3951
285, 8535, 8662, 13349
3889, 12693
790, 792, 793, 795, 1523, 5249, 7720, 8732, 9219, 11430, 11858, 12860, 797, 3326, 3327
753, 1461, 2400, 6103, 7502, 9542, 10637, 10677, 6503
302, 544, 549, 1285, 1302, 1930, 3735, 6087, 7203, 8842, 11230, 12565, 3697, 3260, 4125, 26
1499, 2098, 3792, 4334, 4948, 5065, 5974, 6538, 7138, 7600, 8356, 8539, 11763, 3739, 7140, 1514
1255, 1563, 2158, 2941, 4278, 5084, 9558, 9951, 10356, 12610, 1254
575, 9241, 10491
4, 4362, 5892, 7302, 7665, 7696, 8906, 4032
2505, 3084, 3285, 3286, 4253, 6435, 13400, 1299
205, 1734, 4638, 4881, 5051, 7393, 7558, 10950, 11676, 12230, 12322, 12512, 9571, 12940, 5936, 6709
7566, 8195, 8818
573, 2975, 8794, 11141
3550, 4515, 7092, 8622, 13127, 5927, 8335
5025
45, 1492, 2120, 4513, 5334, 5963, 6872, 12255, 12716, 13209, 9609, 7159, 3555, 2614
1379, 1862, 3710, 7229, 7935, 12006, 12814, 12859, 13060, 13151, 13171, 13467, 5692, 7241, 7501, 11834
1634, 1635, 3909, 4838, 4956, 4957, 13300, 13359, 13373, 13381, 13410, 13411, 3153, 5229
1273, 1545, 2213, 5635, 6150, 7185, 9603, 10019, 10732, 11228, 10121, 5837, 4567
5484, 6054, 9903, 9795, 7284
3289, 5510, 5752, 6970, 8399, 8590, 9644, 11532, 12121, 12131, 12249, 12915, 8591
58, 1292, 2991, 3057, 4085, 4211, 5343, 6539, 7879, 9600, 10177, 11956, 2245
404, 647, 1940, 2381, 4457, 4579, 5973, 6019, 10325, 11975, 12097, 12102, 3148, 3127, 10694, 1831
5034, 5048, 5083, 12837
389, 1838, 2760, 8492, 8674, 8795, 8926, 9441, 9484, 12268, 12850, 4169, 5285
855, 2439, 4247, 5801, 6049, 7453, 8443, 10032, 10307, 10873, 10958, 12697, 5964, 11782, 8838, 7409
8655, 8658, 8660, 9290, 9831
2401, 4543, 5640, 5999, 7880, 8354, 9875, 12804, 12965, 13118, 11179, 12300, 3682, 1439
301, 1091, 8760, 10256
886, 1436, 7091, 7828, 13019
4463
1492, 3555, 4288, 7159, 9609, 12751, 13209, 5963, 12716, 45
5091, 5689, 5702, 6535, 6662, 8130, 11455, 13431
1517, 2408, 2995, 3716, 3717, 5061, 5719, 8349, 8731, 9078, 9881, 10488, 12762
3023, 5413, 8874, 11295, 11881
586, 920, 2178, 2327, 2545, 2632, 2819, 2914, 3715, 8101, 12950, 13162, 7166, 11055, 5672, 2215
577, 1313, 1815, 10313, 10962, 13160
4036, 4356, 6155, 10018, 13115
188, 9792
991, 3253, 3294, 4415, 4644, 6081, 6378, 6718, 7548, 7549, 7719, 7727, 8986, 3320, 8164, 11920
2924, 3860, 5261
2676, 4204, 5582, 6925, 11562, 11850, 12197, 13000
1331, 2309, 12480
837, 1062, 1232, 10196, 11594, 11595
1862, 2471, 2643, 3113, 5692, 6312, 6706, 7241, 7501, 11834, 13151, 13171, 8449, 12006, 3710, 5515
226, 2099, 2722, 3728, 8544, 12212, 13098, 13248
9940
1686, 2292, 4775, 10812
21, 181, 716, 863, 1332, 1613, 2406, 4868, 6558, 6914, 7421, 10069, 1417, 5763, 7958, 4498
2239, 3072, 3612, 5046, 7560, 8073, 13402
1706, 2485, 2861, 2864, 5543, 6490, 7086, 7163, 7330, 8603, 8830, 9332, 4162, 5020, 2350, 4555
1244, 2088, 2737, 2894, 4323, 6274, 6614, 7025, 7026, 7308, 7441, 9731, 4291, 7794, 10957
1822, 3114, 8369, 9146, 10482, 10508, 11766, 4871
20, 57, 1715, 3869, 5414, 7928, 7940, 8704, 10194, 10292, 12468, 12593, 8929
1011, 11554
13451, 13452, 13453, 13456, 13458, 13511, 13512, 13525, 2363, 13478, 13510, 13454
5917, 9477, 12893
6018, 7800
3138, 3850, 4726, 6650, 7739, 9041, 9683, 10868, 12603, 12637, 13308, 4825, 7845, 1773, 172
91, 578, 627, 825, 1202, 1370, 1747, 1781, 1823, 2411, 2560, 2973, 3078, 3158, 11490, 8461
531, 4873, 5195, 6006, 6563, 6656, 7272, 7340, 9884, 10989, 11738, 12140, 1303, 864, 7966, 12868
3709, 4182, 4929, 4953, 5324, 5509, 5915, 7110, 7142, 9522, 10886, 12256, 4988, 12740, 6051, 8763
2993, 11692
5442, 7437, 8737, 9576
3411, 3412, 6492
1209, 3012, 3192, 3796, 7136, 7452, 7505, 9142, 12749, 8007, 7939
929, 1021, 2464, 3163, 3880, 5986, 7021, 8959, 12048, 12222, 12779, 12818, 6955, 13316, 12151
2225, 2821, 10674
4207, 6463, 6863
5718
279, 1953, 5778, 6066
3396, 6947, 7923, 8852, 11807
806, 1407, 1753, 6469, 6742, 10137, 10745, 11843, 11906, 12540
10899, 12660
628, 1507, 1706, 2302, 2350, 2485, 2496, 2861, 2864, 7163, 8603, 10566, 4162, 4618, 1220, 3938
387, 5636, 7918, 8573, 11519
1654, 3766, 9367, 12261
689, 1481, 6625, 9246, 11805
3930, 8668, 10134, 12511, 13287
1691, 2285, 2605, 11255
902, 4804, 7131, 7523, 11456
2534, 3336, 3794, 4842, 5221, 6579, 8263, 9635, 10997, 11558, 12702, 13299, 8232, 1915, 1133
1293, 6717, 10348, 12118
5725, 7661, 9501
316, 2743, 2910, 6759, 6760
205, 1734, 4638, 4881, 5051, 7557, 7558, 9054, 11676, 12230, 12322, 12940
615, 4281, 5617, 6973, 8318, 9768, 11301
6555, 7913, 9269, 10555, 11708, 11831, 12451, 12489
404, 647, 1940, 2381, 4457, 4579, 5973, 6019, 9546, 10325, 12097, 12102, 9499, 3148, 2555
3481, 8082, 8178, 8726, 8809, 11740, 11803, 12362, 11882
1482, 5856, 6521, 6670, 9305, 11194, 11196, 11198, 11796
2167, 2606, 6799, 8567, 8569, 12685
128, 268, 926, 1550, 2381, 3148, 3917, 5945, 6142, 9149, 9499, 12097, 8508, 13029, 7580, 10266
1583, 13491
1553, 6037, 6513, 10631
192, 1964, 8121, 8122, 8397, 10462, 12673
1221, 3673, 4330, 6053
5463, 7698, 8173
367, 3963, 4627, 5371, 7782
1767, 4216, 6969
1364, 1365, 4534, 7821, 8410, 11436, 11437
914, 9930, 11139, 12067, 12330
1910, 2065, 2909, 4969, 5481, 8383, 13321, 4922, 5369, 7423, 13336
1919, 2281, 4554, 5686, 7278, 7338, 9160, 10939, 11503, 12103, 9721, 3839
1600, 6582, 8620, 9848, 10808
701, 1443, 2089, 2981, 3333, 4423, 4518, 9037, 9113, 9621, 12426, 12740, 9770, 6569, 10064, 2376
563, 4262, 4794, 9262, 11852
9937
67, 84, 1378, 1714, 1748, 5220, 7372, 7650, 7817, 8798, 9080, 11122, 8239, 1414, 3253, 7522
6949, 11913
3845, 7262, 10109
930, 1544, 1839, 9724, 11199, 13212
1734, 4638, 5663, 5936, 7393, 9571, 10950, 12512, 5051
5827, 5969, 7945, 8608, 13059
389, 1838, 2760, 8795, 8926, 9441, 9484, 12850, 12268
2272, 5270, 5516, 5783, 6364, 6585, 11446, 11870, 12483, 12566
18, 409, 478, 2000, 2054, 2834, 2890, 3251, 4138, 4941, 5281, 7373, 444, 7105, 6410
479, 3019, 3537, 4130, 5836, 6165, 7914, 8705, 8711, 11631, 12306, 1870, 8627, 6033
8601, 9401, 9753, 9755, 10358, 10560, 12420, 9754
3157, 6795, 10512, 11530, 13086, 13248, 2722
1029, 4050, 4998, 6593, 6861, 10546, 11041, 11057, 11872, 12170, 12178, 13235, 7178
1284, 1713, 2016, 2230, 2544, 2593, 3695, 4327, 5298, 9130, 9686, 10004
6904, 8317, 8338, 10737, 620
765, 766, 2513, 7204, 8242, 9052, 9132, 10166, 11361, 11486, 12091, 10165
3810, 7049, 11291
2851, 3447, 7830, 9202
4293, 6826, 7376, 9761, 13293, 9849
1188, 1948, 3777, 3778, 4225, 5914, 6476, 10465
176, 1275, 2576, 2598, 4089, 4190, 6084, 6241, 7269, 7829, 8010, 11069, 12334, 5709, 9769, 6304
428, 4328, 5168, 12112, 12446
1136, 3928, 13257
779, 2857, 7776, 8924, 9992
11, 4147, 10987, 13148
3296, 4338, 9023, 9380, 12036
214, 2676, 2786, 4204, 6925, 10190, 11562, 11850, 12083, 12197, 12410, 13000, 5582, 5708
304, 2389, 4371, 9109, 10441, 13244
6291, 8850, 8851, 11633, 12301
1658, 4074, 6609, 8486, 9416, 10395, 11447
282, 9238, 9473
4732, 8077, 10610, 12781
4680, 5556, 6119, 11183
154, 2927, 4422, 4697, 4975, 5559, 5574, 10012, 10518, 10846, 11001, 12570, 13265, 6138, 7644
761, 1895, 3379, 3984, 4995, 6194, 6371, 9875, 10594, 11018, 11717, 12397, 9989, 1439, 7848, 7942
2363, 3530, 4188, 6030, 13436, 13450, 13457, 13458, 13470, 13474, 13482, 13510, 13489, 5396, 13452, 13485
2166, 10562, 11009, 11294
620, 6904, 8317, 8338, 10737
5322, 7083, 10849
790, 791, 793, 794, 796, 797, 1307, 3326, 3327, 4087, 4228, 4445, 6692, 9219, 8732, 8375
303, 655, 1315, 2097, 5041, 8506, 8625, 9320
591, 3838, 6249, 7855, 8932, 10080, 11863, 12464, 3370
1080, 1711, 3579, 8836, 10601, 11752, 12538, 5255
830, 1223, 4183, 4472, 5037, 5490, 7519, 9518, 9788, 10697, 10723, 11300, 12186
1209, 1338, 1439, 1832, 3012, 3192, 4995, 5640, 5999, 9142, 9698, 12749, 11717
3666, 4782, 4785, 5032
4991, 6601, 6684, 7184
7967, 7968, 7969, 13401
657, 3389, 4415, 4644, 7102, 10906, 11920, 7549, 7817, 6046
2282, 5563, 9402, 11514
1421, 8212
3679, 3700, 6829, 10832, 11397, 11398, 11399, 11400, 11617, 12000, 13192, 1799, 11889, 6215
628, 1507, 1706, 2302, 2350, 2485, 2496, 2799, 2861, 5762, 6490, 7163, 4448, 6462, 1220, 2864
1959, 4159, 4973, 5151, 5152, 5153, 5428, 10547, 12035
1075, 1444, 6946, 7009, 11575
2702, 3459, 4494, 5121, 7165, 7741, 12841
3584, 6926, 12242
858, 1248, 1649, 8469, 11445, 12055
756, 2159, 3016, 5001, 5695, 8218, 8246, 8612, 8953, 9589, 10966, 11527, 7596, 12096
555, 4456, 7753, 10959, 11178, 11684, 12980, 13328
1982, 1983, 2859, 4599, 4600, 7058, 11674
1068, 1069, 7343
2971, 3183, 3762, 4391, 11591, 12143, 12549
114, 5197, 12547
8578, 8579
813, 8476
1359, 2920, 4114, 9586, 10399
672, 3655
5766, 8447, 13163
987, 1096, 2274, 3593, 3738, 9514
957, 1086
1542, 1624, 4430, 6026, 6143, 6610, 8599, 10686, 11244, 11320, 11749
3920, 8634, 9235
1209, 1338, 1832, 3012, 3192, 3796, 7136, 7452, 7505, 9142, 9698, 12749, 3586, 11179, 12764, 8007
3473, 11695
2151, 4404, 11105
4655, 4869, 5597, 9725
2856, 2970, 4040, 5086, 5210, 6606, 8219, 10008, 10844, 11632, 13306
1701, 4169, 4822, 5669, 8940, 9484, 12268
621, 1222, 3348, 4807, 6542, 9283, 11460, 11557, 12063, 12462, 12789, 13052, 5558
6344, 6419, 8574, 10251, 10396
3201, 7146, 8664
2769, 3339, 3940, 5082, 11102, 11334
1700, 1990, 6065
2618, 6655
73, 730, 1567, 6059, 6671, 7707, 8451, 10682, 11276, 12466, 9563
4962, 8665, 10003
7862, 12095
4640, 7561, 8143, 8144
170, 4847, 6690, 8748, 9972, 11118, 11897, 12367, 12811, 12825, 13091, 477, 5254
87, 177, 564, 2922, 3112, 4314, 4573, 6794, 6803, 6937, 8549, 13273
4906, 8468, 10007, 11049, 11608
103, 6604, 10237, 11116
581, 1131, 1601, 1627, 3156, 3270, 3356, 4848, 5106, 5234, 10538, 11561, 6052, 10220, 3772, 8919
2573, 3703, 3897, 5016, 5383, 6739, 6820, 9528, 9647, 11335, 11585, 13284, 2470, 4891, 6628
811, 1694, 7029, 9525, 10541, 10813
1734, 4638, 5051, 5663, 5936, 7393, 9571, 10950, 12512
52, 976, 1833, 3062, 3551, 5905, 6278, 6349, 6472, 6933, 8471, 11859, 11293, 9912, 1673, 8160
12996
533, 1987, 2191, 2933, 3011, 3029, 4853, 4977, 10006, 10297, 11983, 12889, 11457
812, 2486, 5512, 6747, 8862
1501, 2019, 2031, 3585, 4235, 5102, 10702, 10822, 11277
1604, 1605, 3295, 3501, 10262
2110, 2588, 6385, 6979, 11806, 12731
2893, 6590, 13240
7234, 7235, 7444, 11867
2469, 3744, 4616, 4898, 8441, 2002
1289, 1919, 2281, 3529, 7172, 7278, 7338, 9160, 10749, 10939, 11503, 12103, 7157, 3839, 8049, 5686
124, 1376, 1393, 1861, 1871, 3419, 4768, 8553, 9527, 9889, 13149, 13332, 10160, 8550, 892, 9674
1636, 2239, 3414, 3612, 7560, 13402
1787, 2614, 4105, 8065, 8885, 9450, 10513
2002, 2469, 3744, 4616, 4898, 8441, 36, 5142
1351, 1932, 2506, 4572, 6617, 6915, 7095, 7096, 9833, 10720, 1577
658, 1015, 4443, 4743, 5326, 10722
620, 6904, 8317, 8338, 10737
1088, 1561, 4763, 5849, 6566, 8699, 8945, 9476, 11120, 8074
1962, 3267, 3616, 4119, 4931, 5678, 6080, 7639, 8250, 11624, 11793, 12417, 4648
2195, 3058, 3692, 8439, 8721, 9069, 11473
1465, 3207, 5367, 6734, 6844, 7109, 10638, 10639, 10640
739, 2624, 3415, 4628, 5599, 6239, 7132, 7517, 7733, 9111, 10450, 11563, 2645, 8871, 4789, 853
949, 4097, 5057, 12289
205, 4881, 5051, 7557, 7558, 9054, 11676, 12322, 12230
7554, 7555, 11655
477, 2521, 2551, 3878, 4007, 4847, 5254, 11118, 11846, 12750, 12825, 6690, 13, 3111
4293, 7376, 9761, 9849, 10683, 13293, 6826
3679, 3700, 6829, 10832, 11397, 11399, 11617, 12000, 13192, 1799
1768, 8775, 11217, 11378, 11809, 12277
628, 1507, 1706, 2302, 2350, 2485, 2496, 2864, 5742, 7163, 7330, 10566, 4448, 2884, 2915, 1485
1215, 2064, 12669
4043, 5051, 6709, 7735, 12230, 12231, 12940, 12322
1441, 1666, 2055, 2255, 4178, 7103, 7446, 12248, 13223
6742, 10137, 10745, 11843, 11906, 12540, 1407, 1753, 6469, 806
3168
523, 5014, 9832, 13050, 13290
6106, 10110
61, 1817, 3615, 4177, 6552, 11402, 12123
291, 1386, 7127, 8328, 11771, 12100, 12182, 12392, 12692
1061, 1595, 2638, 11547
91, 578, 825, 1202, 1747, 1781, 1823, 2411, 2611, 2973, 8032, 8086, 2377, 8305, 154
2881, 4396, 4695, 4817, 6484, 6952, 7014, 7203, 8152, 11347, 12565, 13035, 1302, 1285, 2332, 549
129, 4601, 6697, 8832, 8833, 9771, 12084, 12127, 12598
1948, 3777, 3778, 4225, 5914, 6476, 10465, 1188
744, 6682, 11703, 12910, 13252
3679, 3700, 6215, 10832, 11398, 11399, 11400, 11617, 12000, 13192, 11397
2140, 6831, 9470
1147, 1771, 8576, 10710, 12270, 13131, 9588
6771, 10509
1818, 3066, 5165, 5357
5089, 7524, 8762, 12727
2410, 6127, 6556, 8876, 9521, 9530, 10688, 11169, 11845, 12536, 12644, 13219
2093, 2423, 4482, 8055
628, 1507, 1706, 2302, 2350, 2485, 2496, 2861, 2864, 7163, 10566, 12684, 5742, 4448, 6316, 258
128, 268, 926, 1550, 2381, 3148, 3917, 5945, 6142, 7589, 9149, 12097, 8508, 12891, 695, 2245
7097, 10866, 12373
6808, 10926
3705, 11986
928, 1581, 3956, 4580, 6499, 8361, 10614
673, 2959, 9296, 11978
478, 1735, 2890, 3251, 4138, 4892, 4941, 5281, 9427, 10099, 12918, 13128, 4221, 3466, 4111, 2054
10721, 11389
158, 885, 1796, 1976, 2543, 2740, 3193, 4242, 4879, 5323, 7060, 9166, 6884, 11012, 7989, 12440
1719, 3603, 6575, 7802, 8529, 9986
482, 2214, 2903, 3270, 3425, 6719, 9652, 12531, 1627, 1601, 1131
1952, 4236, 9734, 9735, 9736, 9737, 11107, 13536, 11836
6015, 6647, 9212
430, 622, 1527, 1528, 2124, 6421, 8138, 12736
3061, 11121
1518, 6843, 7470, 8074, 8699, 11667, 12733, 4763, 1088, 1561, 11120
466, 5302, 7155, 7244, 8806, 8908, 9388, 11524, 12543
1379, 3710, 7229, 7935, 11834, 12006, 12814, 12859, 13060, 13151, 13171, 13467, 3113, 2643
7984, 9587
967, 2138, 3604, 7291, 7772, 9491, 13076
701, 1443, 2089, 4423, 4518, 4527, 6569, 9331, 9522, 9621, 9770, 12740, 10862, 10272, 7110, 13018
39, 3275, 3864, 4049, 4505, 4994, 5650, 9549, 12113, 12559, 13224, 11477
325, 447, 931, 1017, 1458, 2527, 4394, 9039, 9574, 10374, 11719, 11946, 11629
4076, 8035, 9208
864, 1264, 1559, 5358, 6656, 7272, 8140, 11636, 11738, 12264, 12868, 13208, 12241, 6563
419, 5018
280, 3944, 5073, 7660, 7688, 9351, 10120, 10218, 10464, 12497
853, 1267, 2624, 2636, 4360, 5132, 5279, 5599, 6455, 6735, 7517, 7637, 6098, 7132, 11563, 10496
2425, 3281, 4344, 4485, 6346, 9203, 9916, 12450
1813, 3388, 3472, 4454, 5006, 5594, 6163, 6294, 8857, 8888, 10768, 11340, 11325
1093, 3143, 4905, 5859, 6214, 10268, 11658, 12281, 12963, 3911, 10519, 10636
1741, 3304, 8340
1054, 1120, 1860, 4952, 6008, 6720, 7457, 10527, 13080, 13196
951, 952, 953, 954, 955, 3212, 3660, 3661, 6223, 4282
786, 1897, 4179, 7757, 12347
305, 3636, 5266, 7012, 7795, 7825, 9330, 12898
805, 2322, 4854, 5349, 5755, 6110, 8177, 12596
5523, 6965, 8602, 10520
4075, 13207
5647, 6267, 7682, 8348, 8889
5604, 6802, 8829, 11984
342
158, 885, 1796, 1976, 2543, 2740, 3193, 4242, 4879, 5323, 6675, 11012, 10468, 9166, 11351, 10326
491, 528, 862, 2745, 5009, 5145, 6985, 7352, 8750, 8970, 9267, 10324, 12129, 10760, 7335, 11303
820, 6544, 11873, 12824
4043, 6709, 7735, 12230, 12231, 12940, 5051
591, 3838, 7855, 8932, 10080, 11863, 12464
628, 1507, 1706, 2302, 2350, 2485, 2496, 2799, 2861, 4448, 7163, 7868, 5543, 2884, 1485, 3938
7642, 8757, 8917, 9449, 9826, 10521, 11823, 11958, 12402, 6427, 10043, 7477, 2450
757, 934, 1568, 2892, 4137, 4297, 4839, 5059, 7737, 8782, 9606, 11551, 1586, 12412, 10075, 10796
5576, 8288, 9880
3060, 3740, 5115, 13097
4811, 9738
582, 1001, 3429, 6298, 6725, 7791, 8363, 8973, 9385, 10998, 12436, 12554, 11744, 2, 10133, 6800
1327, 3360, 3899, 5232, 6120, 6502, 9404, 10875, 12340, 12341, 12342, 12344
446, 1464, 2014, 3372, 4535, 6602, 6956, 11587
6626, 7980, 10653, 12499
1739, 1991, 3875, 6137, 6495, 7724, 10977, 9169
1452, 2038, 3000, 7626, 8900, 9217, 9354, 9696, 10064, 10910, 11416, 13018, 4748
606, 4241, 8330, 8331, 10718, 10719
47, 94, 609, 1749, 8359, 9093, 10011, 10201, 10595, 10700, 11037, 13170, 5697, 8616, 11944, 4459
3351, 3352, 3952, 6958, 12126
497, 1032, 1082, 12858, 13216
1088, 1561, 4763, 5849, 6566, 8074, 8699, 8945, 9476, 11120, 7470, 1518, 11667
4769, 5647, 6267, 8348
2722, 3157, 6795, 10512, 11530, 13086, 13248
1949, 2127, 4320, 4321, 4322, 8371, 11902, 11903, 13202
757, 1957, 2892, 5059, 5185, 7737, 8782, 9606, 11551, 10075, 934, 4839, 1568
1282, 3227, 3322, 3323, 7313
420, 524, 2192, 4767, 5898, 7579, 7781, 11073
774, 1027, 1543, 3239, 3768, 4825, 5674, 7209, 9966, 10241, 12033, 12416, 4788, 172, 1773, 6277
1659, 3094, 7394, 8056, 10376, 10954, 12564, 13173
73, 730, 6059, 6671, 8451, 9563, 10682, 12466
261, 1680, 2670, 9492
1356, 1728, 1757, 3432, 4559, 5308, 5903, 7859, 9925, 11166, 11743, 12474, 10246, 10048, 469, 4160
776, 4676, 9258, 10410
483, 1218, 4652, 7363, 11324, 11972
172, 1027, 1773, 2136, 4788, 4825, 4968, 6277, 7209, 7845, 10111, 13308
761, 1895, 3379, 4995, 6194, 6371, 7848, 8503, 9812, 10594, 11018, 11717, 4378, 9875, 1439, 9989
3018, 12438, 12441
3747, 10740
3434, 9198
657, 3389, 7102, 10906, 11920, 4644, 4415
5278, 5372, 6389
3250, 8456, 10090, 11129
3998, 11761
272, 1956, 2533, 3126, 4227, 8106, 8575, 9957, 10310, 10382, 12443, 13340, 3707, 7006
5928, 7658, 8041
488, 6433, 11734
3647, 10184, 12870
3403, 4019, 5159, 11767, 12385
1319, 10271, 12504
1634, 1635, 3153, 3909, 4173, 4838, 13300, 13359, 13411, 13410, 13373
3331, 7699
27, 1235, 1967, 2112, 2175, 3974, 4060, 6732, 7944, 8589, 8609, 11529, 7624, 13063, 3681, 3423
1106, 2877
321, 6056, 8799, 8916, 9114, 10149, 10150
5988, 7031, 7681, 9796, 12303, 13048
67, 84, 1378, 1714, 1748, 5220, 7372, 7650, 7817, 8798, 9080, 12934, 4644, 6975, 11122, 1414
1808, 3558, 3560, 6565, 7622, 7834, 12273
2401, 4543, 7880, 8354, 9875, 12804, 12965, 13118, 8007, 13064, 9259, 5999
79, 2197, 2367, 11976
1731, 4103, 4708, 5008, 5376, 5828, 10539, 11288, 11592, 12188, 12895
477, 3878, 4847, 5254, 6690, 11118, 12825, 13091, 13, 8748
1463, 6054, 7284, 9795, 11860, 5484
1172, 8749, 10183
948, 8215, 8407, 8435, 9295, 9852, 11195
3518, 8703, 11381, 13277
1266, 1887, 1907, 1946, 2701, 3042, 3235, 4919, 5127, 7922, 8778, 11511, 8475, 4268, 5291, 10945
13, 477, 3111, 3878, 4500, 4847, 5254, 7664, 11118, 12825, 5310, 11846, 7300, 2521
473, 506, 878, 3147, 3543, 3986, 4479, 6424, 6449, 7431, 8688, 11219, 13465, 11247
706, 5541, 5628, 5633, 6631, 6772, 7061, 9975, 12932
598, 2368, 2696, 2697, 3324, 5133, 5589, 5830, 7954, 8848, 8849, 12877, 2278, 9584, 9789, 2967
229, 1245, 1246, 5180, 10497
1737, 4417, 4465, 5534, 6148, 7706, 8956, 10714, 11768, 6611, 9089
7065, 11381, 13276, 13277, 3518
2111, 2693, 4303, 6295, 7405, 9895, 10063, 10892, 11699, 12243, 12356, 12534, 588, 12360, 4379, 1114
1770, 1914, 9455
1885, 5550, 5551, 9859, 12881, 13304
172, 1773, 3138, 3850, 4726, 4825, 6650, 7845, 10111, 10868, 12603, 13308, 4788, 1027, 4968, 6277
3999
2847, 4222, 7359, 7378, 7878, 10267, 10670, 11904
2261, 11512
1658, 4074, 6609, 9416, 10395, 11447, 8486
578, 825, 1781, 2377, 2453, 3078, 4558, 4734, 5276, 9625, 10188, 13203, 7899, 7484, 3158, 1889
6344, 8574, 10251, 10396, 6419
647, 1940, 2555, 4457, 4579, 5973, 6019, 9546, 10325, 11975, 12102, 12763, 11068
9982, 10167, 10589
757, 934, 1568, 2892, 4839, 5059, 5185, 7737, 8782, 9606, 10075, 11551, 13002, 4137, 12412, 1957
1050, 6180, 6948, 7731, 8991, 8995, 8997, 9006, 9007, 9015, 9016, 10102, 9010, 9722, 6184, 9000
1009, 6247, 8605, 9629, 10056, 11815
482, 2214, 2903, 3425, 6719, 9652, 12531, 3270
2450, 4149, 6427, 7477, 8757, 8917, 9449, 9826, 10043, 11201, 11958, 12402
951, 952, 953, 954, 955, 3212, 3660, 3661, 4282, 6223, 13372, 13419
11111, 11113
613, 1396, 2940, 2985, 4989, 7231, 9048, 11723
1787, 2614, 4105, 5334, 8065, 8885, 9450, 10513, 12255, 45, 6872, 12716
1147, 1771, 7144, 7999, 8576, 9105, 9588, 10710, 12270, 13131
11390
1682, 2714, 6755, 8879, 8880, 9717, 9867, 10299, 10947, 9141
306, 1049, 3108, 5170, 5530, 7392, 12398, 12774, 7921, 12954
11191
4309, 6978
1415, 9921
398, 423, 499, 3990, 4613, 4754, 6228, 8257, 8884, 9294, 10529, 11688, 3068, 2483, 12546, 4990
1209, 1832, 3012, 3192, 3796, 7136, 7505, 8455, 12640, 12695, 12749, 12764, 9142, 8007, 7452, 1765
3525, 13374, 13414
166, 3502, 3690, 8016, 8927, 13036
3017, 11802, 12780
1518, 6843, 7470, 8074, 11667, 12733, 8699
821, 836, 1653, 2251, 2388, 2660, 2718, 3236, 3491, 3621, 4503, 9772, 456, 1367, 5054, 4660
7777, 7778, 7779, 11184
3555, 4288, 7159, 9609, 12751, 13209, 1492
3530, 4134, 4188, 6329, 6663, 13470, 13476, 13489, 13515, 13520, 13531, 13535, 13482, 13485, 13505, 13450
806, 1407, 1753, 6469, 10137, 11843
3818, 6890, 8894, 9735, 11746, 11836, 9734, 9737, 4236
1390, 6673, 9760, 11077, 11556, 11611, 11710, 13057
7448
3518, 7065, 11381, 13276, 13277, 8703
3096, 5869, 8673, 9270, 9809
853, 1267, 2624, 2636, 4360, 5132, 5599, 6455, 6735, 7517, 8869, 11563, 2645, 12256, 4831, 7456
386, 5992, 11317, 12456
853, 2636, 2645, 4628, 5599, 6239, 6735, 7456, 7844, 9111, 9807, 11563
1568, 1957, 2892, 4839, 5185, 7737, 9606, 10075, 11551, 934, 8782, 757
1542, 1624, 4430, 6026, 6610, 8599, 10686, 11244, 11320, 11749, 6143
307, 1591, 3369, 5567, 10140
857, 1019, 12743
1309, 3720, 4925, 6231, 7270, 8418, 10381, 12180
24, 55, 1155, 2150, 2707, 3284, 6512, 7318, 8277, 12196, 12457, 13420, 1157, 3282, 7598, 10088
5689, 5702, 6535, 6662, 8130, 11455, 13431, 5091
13, 477, 2521, 2551, 3111, 3878, 4847, 5254, 6690, 11118, 11846, 12825, 8748, 13091, 7664
817, 833, 4475, 5313, 7076, 7245, 7247, 11002, 12643
3055, 5155, 5275, 8641, 9429, 10264
790, 791, 793, 794, 796, 797, 1307, 3326, 3327, 4087, 4228, 4444, 11307, 7133, 6879, 9219
2636, 3709, 5324, 5509, 5734, 6239, 7110, 7132, 9037, 10886, 12149, 12426, 2028, 4831, 6735, 3415
3686, 3876, 4157, 9274, 12280
1586, 1759, 1917, 2026, 2334, 3364, 3967, 8743, 10029, 11626, 12415, 12724, 5834, 3399, 852, 7050
31, 3831, 7236, 8070, 8071, 8072, 8252, 8522, 10318, 10319, 10435, 12471, 3574, 7233, 3573
1782, 1783, 10181
95, 2581, 4997, 6061, 6627, 6728, 6839, 7023, 7211, 8368, 8974, 12408, 11779
6840, 9798, 10291, 11114, 11266
8213
4069, 11755, 12439
477, 3878, 4847, 5254, 6690, 8748, 11118, 12367, 12825, 13091, 11846, 12811, 11897, 9972
693, 4570, 7066, 9981, 11282, 11588
1975, 2256, 3663, 4436, 4509, 6098, 6665, 7657, 7946, 9746, 9927, 13157, 11153, 2624, 1865
67, 84, 1378, 1414, 1748, 5776, 7372, 7522, 7817, 8537, 8798, 11467, 8239, 3320, 1714, 5220
1697, 9206
1535, 2712, 5143, 6003, 8080, 9638
1524, 3478, 10838, 12320, 12321
1457, 2435, 3135, 3477, 6048, 7122, 7590, 7957, 8891
775, 868, 3950, 6918, 10645, 10646
5513, 11372, 12971
7411, 7412, 7413, 9248
830, 1223, 4183, 4472, 5037, 7519, 9101, 9518, 9788, 10697, 10723, 11300, 12186, 11042, 5490
828, 2899, 10804
3573, 3831, 7233, 7236, 8070, 8071, 8072, 8252, 8522, 10319, 10435, 12471, 3574, 13090, 10318, 31
67, 84, 119, 1378, 1414, 1714, 1748, 3547, 3613, 7817, 8798, 9080, 5220, 7650, 5776, 6081
1739, 1991, 6137, 6495, 7724, 9169, 10977, 3875
87, 177, 564, 2922, 3112, 4573, 6794, 6803, 6937, 7045, 8549, 13273, 4314, 3699, 3407, 10898
911, 4824, 6920
1739, 1991, 6137, 6495, 7724, 9169
1209, 1338, 1832, 3012, 3192, 3796, 7136, 7505, 8007, 8120, 9142, 9698, 12640, 1439, 7452
708, 3656, 3660, 3661, 4282, 13200, 13201, 13372, 13418, 13419, 953, 6223
1739, 6137, 6495, 7724, 9169, 10977, 1991
612, 814, 901, 956, 1107, 5126, 5933, 6289, 7847, 8042, 9364, 11649, 6623, 6753, 7042, 3532
2709, 4506, 4576, 4855, 5055, 5987, 6403, 6548, 7971, 9228, 12592, 13032, 7995, 3276, 3867, 4038
2114
787, 1707, 1903, 1904, 2751, 2950, 2951, 4547, 11151, 11727, 11728, 12260, 11152, 641
2098, 2731, 3299, 3739, 5974, 6538, 7138, 8539, 11763, 7600, 3792, 4334, 8356
1391, 2939, 4006, 9403, 10543, 11133, 13130
130, 2688, 2689, 2695, 4673, 9071
514, 4706, 5300, 7755, 8404, 9076, 12742, 9075
555, 7753, 10959, 11178, 11684, 12980, 13328, 4456
671, 6425, 8231, 10005, 11038, 12899
4292, 5761, 7339, 10656, 11239
1966, 2100, 2113, 3342, 4643, 6327, 8835, 9409, 9803, 11895
3850, 4726, 6650, 7739, 9041, 9683, 10868, 12603, 12637, 13308
3947, 7219, 7974, 9392, 12276, 13313
558, 6178, 6179, 6180, 8990, 8992, 8998, 9005, 9009, 9010, 9012, 9014, 8996, 6182, 9003, 9722
1030, 1423, 5280
1659, 3094, 7394, 8056, 10376, 10954, 13173
1022, 1265, 1985, 3440, 5218, 5258, 6113, 6230, 6284, 6676, 11245, 3904, 4885, 4886
4293, 6826, 7376, 9761, 13293
26, 455, 565, 963, 971, 1175, 1186, 2053, 2387, 2980, 3548, 5092, 4560, 2445, 4045, 3697
3487, 9431
171, 407, 559, 1506, 2107, 4796, 5207, 5781, 5960, 6363, 9500, 11564
26, 565, 963, 1165, 1175, 1285, 1858, 1930, 2980, 5629, 7495, 12565, 971, 2881, 3045, 1102
109, 923, 2845, 3519, 7667, 8286, 12878, 13037, 4821, 8571, 7961
815, 1585, 1592, 3402, 7064, 8409, 9851, 10456, 12039, 12746, 2375, 13320
2613, 6377, 7540, 8044, 8773, 9929
3836, 11221, 11525
1472, 2668, 2901, 3247, 4273, 5393, 5959, 7113, 8980, 9493, 11167, 11653, 2311, 1538, 12873, 6090
535, 3550, 6240, 8335, 4515, 5927
7144, 7999, 9105, 9588, 13131, 12270, 1147
126, 3206, 7746, 10716, 10717, 12599
780, 7749, 10859
1822, 3114, 4871, 8369, 9146, 10482, 10508, 11766
810, 7602
535, 3550, 4515, 5927, 6240, 7092, 8335, 13127, 8622
6695, 10282, 10393
816, 867, 9498, 9939, 11207
1148, 2725, 3458, 3895, 4175, 6689, 7294, 7295, 7689, 8524, 10153, 12228, 6494, 12645, 5186, 8311
6352, 6353, 6354, 6355, 12935, 12936
5, 630, 9123, 10735, 10927, 11312, 13005, 13027
1080, 1711, 3579, 5255, 8836, 10601, 11752, 12538, 3642
356, 7082, 9306, 9516, 10463