2430, 4613, 5061, 5138, 5730, 5878, 9094, 11335, 12751, 12954, 13269
3346, 3496, 3726, 4272, 7130, 9775, 12118
3966, 5436, 5603
629, 1504, 1700, 2294, 2342, 2473, 2487, 2778, 2838, 2842, 7101, 10311
723, 3865
435, 1114, 1552, 7251, 7443, 8430, 8502, 8675
6828, 10863, 11414
6293, 6368, 8494, 10139, 10281, 11947
1608, 2005, 2744, 5387, 7656, 7900, 8932, 9268
164, 4611, 6512, 6720, 7730, 9271, 10718, 11829, 11848, 13051
15, 47, 670, 1861, 2756, 3117, 3700, 3795, 4100, 6219, 11360, 12861
3037, 5113, 5234, 8559, 9335, 10152
2390, 4929, 6031, 8238, 8670
65, 1812, 3598, 6498, 11294, 12006
3515, 5344, 5952, 7753, 7754, 11469, 12382, 12854, 13223
1358, 2055, 2631, 3375, 3703, 5594, 6515, 8971, 9226, 11739, 12244, 13274
5068, 10900
2811, 11367, 11657
1330, 3114, 6055, 12108, 12130, 12344
3904, 4304, 10177, 10319, 12283, 12284, 12286
822, 838, 4438, 5271, 7015, 7178, 7180, 10708, 10893, 12523
308, 1047, 3087, 4301, 5126, 5481, 7321, 12278, 12653
5802, 8447, 8601, 9276, 11555, 11808
372, 914, 2039, 3561, 4196, 5309, 6178, 8818, 9873, 10401
1038, 1039, 1862, 2366, 2625, 2943, 5154, 5155, 6707, 6761, 9001, 9677
1891, 2010, 2220, 2726, 6079, 8520, 9901, 10964, 11569, 11614, 12793, 13144
78, 390, 3583, 3603, 4897, 5473, 5927, 6595, 7171, 9093, 12153, 12835
3374, 6888, 7839, 8767, 11695
10062, 12575, 12860
70, 186, 2947, 2948, 3303, 3304, 3562, 5092, 7810, 7811, 7814, 13208
93, 1502, 2096, 2993, 3584, 5687, 8372, 8598, 8615, 10363, 10414, 12627
3794, 4053, 4054, 4888, 5151, 6758, 6949, 7444, 8762, 11132, 12615, 12922
322, 6210, 6535, 10740
1569, 2438, 4825, 5062, 6385, 11910
101, 1164, 5392, 11507, 13198
2455, 4577, 6563, 7806, 9719
72, 900, 3827, 4742, 5221, 5269, 5852, 7488, 7833, 9043, 11997, 12968
178, 839, 863, 1513, 2724, 4307, 4329, 5657, 5664, 5727, 9327, 12077
3353, 4529, 10386, 12292, 12293, 12351
1086, 1195, 4545, 5373, 7191, 7534, 8638, 8975, 12201
1543, 3773, 6142, 9011, 10274, 11224, 11590, 11960, 12472
1777, 1778, 10070
810, 1410, 1746, 6416, 6688, 8297, 9447, 10029, 10642, 11731, 11794, 12419
546, 1184, 3956, 5079, 5684, 8373, 8992, 10086, 10104, 10709, 13009, 13073
737, 853, 3277, 3676, 4093, 4690, 5479, 5805, 8760, 9219, 11420, 12348
2236, 3932, 5093, 8331, 9313, 10148, 13079
357, 399, 7021, 9212, 9421, 10350
32, 3811, 7170, 7989, 7990, 7991, 8170, 8441, 10205, 10206, 10320, 12350
1611, 1909, 5316, 6286
106, 615, 830, 1169, 1267, 2480, 6046, 6493, 7315, 10096, 11287, 11879
2482, 5425, 7172, 7441, 11103
1208, 3621, 4781, 5876, 5945, 6424, 8609
1176, 8667, 10072
11081, 12896, 12919
318, 2723, 2890, 6704, 6705
151, 3344, 4380, 7535, 10186, 10849, 12806
629, 1504, 1700, 2294, 2342, 2473, 2487, 2778, 4410, 4522, 7101, 10456
160, 542, 683, 1859, 2118, 2708, 5740, 9150, 11548, 12276, 12833, 13003
5160, 6696, 8937, 10300, 11951, 11954
1592, 3132, 5780, 5781, 7153
9177, 10984
760, 2152, 2999, 4963, 5653, 8136, 8164, 8532, 8862, 9495, 10859, 11413
71, 1188, 3610, 4112, 6995, 9769
2132, 9509, 10080
1514, 2399, 2978, 3698, 3699, 5022, 5676, 8266, 8987, 9783, 10379, 12641
943, 3668, 11128, 11492, 12981
1733, 1984, 6090, 6439, 9078
632, 1914, 5201, 6395
3268, 5372, 5455
613, 819, 905, 1108, 1344, 3019, 3514, 3517, 5889, 6235, 8497, 11536
389, 1695, 1832, 2740, 4137, 4787, 5627, 8591, 8714, 8837, 9391, 12152
768, 769, 2504, 7139, 8160, 8962, 9040, 10055, 11252, 11374, 11972
530, 3535, 4647, 4869, 6804, 10007, 10115, 12983
11023, 13138
3868, 12572
3102, 4699, 5167, 7615, 10404
103, 247, 1452, 9973, 12233
1646, 3750, 9274, 12145
613, 819, 905, 958, 1108, 5085, 5889, 6235, 7765, 7960, 11536, 12247
1562, 8211
1061, 1588, 2622, 11432
702, 887, 1563, 2520, 2882, 3301, 5277, 6363, 6492, 6710, 6726, 12135
1762, 4182, 6908
8826, 9855, 10308, 10804
48, 97, 485, 681, 8275, 9002, 9372, 10090, 10565, 10928, 12994, 13075
3283, 11025
3223, 3415, 3716, 5407
104, 2512, 8169, 9349, 9930
2403, 3609, 9410
3330, 3331, 3930, 12009
685, 1501, 4052, 4320, 4321, 5562, 7933, 8594, 11234, 12989
1566, 5168, 6003, 6067, 7334, 7892, 9424
32, 3555, 7989, 7990, 7991, 8170, 8441, 10205, 10206, 10320, 12350, 12971
2213, 3144, 5060, 5472, 5642, 5810, 11160, 11750, 12718, 12729
1733, 6090, 6439, 7649, 9078, 10869
7478, 8394
629, 1504, 1700, 2294, 2342, 2473, 2487, 2778, 4410, 6842, 7101, 10456
20, 6702, 11818, 12557, 12558, 12889
747, 6628, 11592, 12789, 13135
7159, 7330, 7458, 7459, 7461, 8424, 8692, 9023, 9027, 11644
1342, 2006, 11846
1496, 2089, 2749, 4297, 4905, 5027, 5929, 6482, 7076, 7524, 8272, 8460
527, 1605, 12200
484, 1218, 4618, 7292, 11856
4704, 9934
906, 4769, 7069, 7451, 11346
4767, 8119, 10149
593, 3818, 6196, 7772, 8843, 9975, 11751, 12343
39, 111, 1177, 1182, 3962, 9064, 9428, 9737, 12838
1108, 5085, 5889, 6271, 6361, 6568, 6971, 8497, 8678, 10369, 11512, 11578
6709, 8942, 10782, 11082
3340, 5449, 6469, 9468, 9654, 9656, 10175, 10874, 11405
5279, 7022, 10748
3259, 4262, 6278, 8733, 8734, 12015
1671, 1843, 2139, 2395, 4156, 5996, 8378, 10255, 12238
2536, 3109, 3488, 4200, 4700, 5838, 7708, 7846, 10145, 10753, 12206, 12640
5710, 7409, 8743, 12927, 13273
933, 1540, 1833, 9628, 11088, 13096
227, 2090, 2703, 3711, 6996, 8465, 12095, 13131
1107, 2856
1148, 1766, 2558, 7081, 7916, 8496, 9014, 9493, 10604, 12154, 13012
433, 2447, 6597, 9306, 10022, 10200, 12069
185, 500, 1805, 1901, 2471, 3050, 3968, 4719, 4952, 8175, 9198, 10419
4173, 6411, 6799
1415, 1526, 2515, 2710, 4695, 5231, 6280, 6452, 8376, 9538, 12199
1665, 3370, 8418
3, 985, 1973, 3007, 3280, 3581, 3651, 3870, 4494, 6476, 11219, 11779
582, 775, 9125
385, 1012, 1725, 1749, 2338, 2915, 5856, 6751, 10566, 13020
144, 2629, 2630, 4142, 4978
1747, 4590, 6721, 9156, 9766, 11130, 12925
6301, 6302, 6303, 6304, 12813, 12814
832, 1030, 1323, 1772, 2030, 3606, 5205, 5262, 6428, 7952, 12420, 12438
340, 829, 3099, 3536, 6013, 6406, 10061, 10221, 10335, 10436, 11026, 12188
217, 1185, 1331, 1527, 1639, 2083, 3531, 5342, 5885, 9142, 10568, 11049
1515, 6778, 7398, 7993, 11556, 12613
71, 1188, 3610, 6995, 9769
2089, 3279, 3722, 5929, 6482, 7076, 8460, 11650
1093, 3121, 3889, 4865, 6159, 9541, 10156, 10409, 10529, 11547, 12164, 12842
1586, 2181, 2779, 3872, 3956, 5079, 5573, 9594
1680, 2284, 4740, 10710
2840, 5127, 12098, 13205
61, 4721, 9833
1408, 9605, 9607
2570, 3734, 3938, 4345, 4449, 5656, 5669, 6711, 6927, 7954, 8461, 12639
702, 887, 1563, 2882, 3301, 5277, 6363, 6710, 6726, 11282, 12135
2136, 5013, 7574, 12297
702, 887, 1563, 2520, 2882, 3301, 4582, 5277, 6363, 6710, 6726, 12135
4866, 8388, 9904, 10940, 11493
2828, 3424, 7748, 9110
3791, 11182
4360, 9820
1505, 6254, 12073
385, 540, 1012, 1725, 2121, 3471, 3801, 3901, 6650, 7297, 10732, 13120
7163, 10449, 10451, 10578, 13035, 13036
1284, 1706, 1999, 2220, 2534, 2578, 3677, 9037, 9590, 10180, 11008, 12835
3570, 3572, 3573, 3574, 4133, 5075
6850, 7063, 7894
32, 3555, 3811, 7170, 7990, 7991, 8170, 8441, 10205, 10320, 12350, 12971
3010, 3011, 13113, 13259, 13261
774, 910, 1844, 2336, 2556, 4633, 6157, 7371, 9434, 9925, 11771, 12339
361, 1144, 9716, 10334, 10919, 11858
2791, 4300, 6170, 7044, 7456, 8823, 9101, 10861, 11757, 12722
482, 2095, 6987, 12468, 12470
8077
614, 1400, 2921, 2967, 4951, 7166, 8957, 11612
2475
4205, 5529, 7427, 7428, 7704, 11370
427, 5478, 7110
1284, 1706, 1926, 1999, 2534, 3677, 6796, 7982, 8240, 9590, 11008, 12835
3555, 3811, 7170, 7989, 7990, 7991, 8170, 8441, 10205, 10320, 12350, 12971
4621, 4831, 5552, 9629, 11184
1995, 2456, 3727, 4583, 4858, 8357
10217, 10823
1358, 2631, 3375, 5594, 6515, 8971, 9226, 11739, 12244
32, 3555, 3811, 7170, 7990, 7991, 8170, 10205, 10206, 10320, 12350, 12971
426, 1270, 2545, 2763, 3033, 3036, 3168, 3169, 4452, 5908, 11091, 13372
331, 1217, 1835, 3316, 3871, 7198, 9241, 10562, 12309
490, 739, 844, 3358, 5409, 8834, 10063, 11147
1364, 2345, 5842, 5958, 6396, 6609, 7357, 7679, 7942, 9721, 12728, 13106
658, 4377, 4610, 6002, 7039, 7475, 7735, 10802, 11807
828, 2002, 2739, 4388, 4939, 5325, 7624, 8293, 10010, 10295, 11198, 11464
49, 745, 1924, 2288, 3526, 7987
1583, 4347, 5144, 7065, 7609, 8844
1076, 3540, 5177, 5995, 8660, 11273, 12951
1237, 1615, 2232, 5969, 6805, 11157, 11763, 12075, 12551
422, 509, 2189, 2804, 4607, 5724, 9792
127, 3186, 7670, 10610, 10611, 12481
1514, 2399, 2978, 3699, 5022, 5676, 6882, 8266, 8650, 8987, 9783, 10379
1996, 6101, 7308, 9324, 9564, 9595, 9899, 10151
5255, 9140, 10262
6748, 10821
3555, 3811, 7170, 7989, 7990, 7991, 8170, 8441, 10206, 10320, 12350
546, 1152, 2373, 3026, 4821, 10416, 10572, 10709, 11574, 11885, 12058, 12528
3544, 3546, 4178, 5736, 5940
1563, 2520, 2882, 3301, 4582, 6363, 6492, 6710
1677, 4074, 5252, 7117, 10315, 10374, 11602
534, 1980, 2182, 2914, 2994, 3012, 4817, 4938, 7275, 9574, 9861, 9903
68, 1125, 3098, 3974, 5213, 6321, 7642, 8377, 10559, 10593, 12053, 12442
2252, 13034
6058, 11166, 11675
1385, 4017, 6538, 10993, 11986
1008, 6194, 7857, 8525, 9534, 11703
4304, 10177, 10319, 12283, 12284, 12286
684, 7923, 8778, 10885
2274, 5517, 9308, 11401
505, 559, 675, 1292, 2255, 5108, 5570, 10326
7312, 7861
5824, 8590, 9174, 9713
2637, 7636, 10697
12873
1613, 3913, 5626, 5773, 9816, 10500, 11708
5264, 10945, 11502
1765, 1905
470, 1359, 1721, 1750, 3408, 5266, 5860, 7776, 9821, 9844, 11631, 12333
1586, 2041, 2181, 2779, 3872, 4981, 5573, 5596, 9594, 10520
2304, 3217, 4670, 4851, 5054, 6610, 7306, 8437
764, 2469, 3046, 3660, 5511, 5771, 12738, 13212
24, 1125, 1749, 2338, 5566, 6764, 7642, 9346, 10310, 11220, 12053, 12442
1327, 2563, 3278, 3737, 5438, 5531, 6093, 8566, 9797
188, 9696
498, 1029, 1082, 12735, 13100
1651, 4049, 6554, 8406, 9322, 10280, 11337
931, 1575, 3934, 4547, 6443, 8276, 10506
4199, 7085
2443, 5678, 7230
862, 1248, 1641, 2234, 8389, 11936
1125, 1532, 1749, 2338, 2915, 3165, 6764, 7695, 9346, 10310, 12053, 13020
538, 1035, 2743, 7597, 8174, 8216, 8867, 9403, 11174, 12732
1273, 8201, 8237, 8589, 9558
682, 1063, 1297, 1582, 2173, 2775, 2958, 3343, 10209, 10609, 11875, 13098
6068, 6845
621, 6841, 8235, 8256, 10632
1735, 3285, 8258
629, 2294, 2342, 2838, 2842, 2863, 3917, 3958, 4278, 7101, 8747, 10456
5112, 5706, 5832, 7768, 11949
5466, 11263, 12850
6775, 9702, 10178, 11003, 11156
2099, 2429, 2871, 4002, 4003, 4004, 4037, 4600, 4601, 5864, 10192, 10194
691, 2081, 2668, 2774, 2955, 6584, 7547, 9771, 10141, 13105
564, 1196, 2823, 3382, 7390, 10509
197, 1031, 1390, 2087, 2620, 3820, 3891, 4823, 5778, 6358, 6835, 10454
1894, 4575, 7187
7159, 7330, 7331, 7458, 7459, 7461, 8424, 8692, 9023, 9027, 11644
3360, 4670, 4851, 5054, 6610, 7306, 8437, 8439, 8440
541, 595, 1613, 3471, 3913, 5051, 5626, 9816, 10500, 11708
1300, 3265, 3266, 4219, 6384, 13278
989, 8690, 8691
9763, 13114
3468, 9338
2310, 7099, 7610, 8202, 9041, 10896, 11256, 11674
1669, 4524, 6421, 12076
2730, 2731
874, 3188, 5746, 7319, 7417, 10174
3532, 4477, 7030, 8543, 13007
1500, 1506, 1568, 3177, 3224, 3467, 5565, 7749, 12366, 12720
134, 434, 1490, 1660, 3418, 6658, 7710, 7751, 8449, 10918, 13047, 13061
1919, 2046, 3066, 4992, 6635, 6744, 7790, 9386
2727, 2729, 5652, 8337
1409, 1661, 2007, 3571, 5569, 7165, 9389, 11871, 12005
323, 6011, 8718, 8828, 9021, 10039, 10040
4862, 6467, 6880, 13218
959, 1085, 9499
3016, 5434, 6179
1691, 9114
2821, 5484, 7355, 8176, 8983
10770, 10796
12668
682, 1063, 1297, 2173, 2775, 2958, 3343, 10209, 10609, 11875, 12991, 13098
3898, 9141
1960, 12026, 12593
2904, 3840, 5219
3647, 5813, 9596, 10473
2593, 8054, 12856
969, 2131, 3586, 7223, 7693, 9397, 12956
309, 1584, 3347, 5521, 10031
627, 6225, 8178, 9891, 11089, 11302, 12255
5717, 10489, 11582
629, 1504, 1700, 2294, 2342, 2473, 2487, 2842, 5699, 7101, 7262, 10456
3167, 3234, 8774, 10301, 10302, 11419, 12426
4532, 6915, 10774
2032, 3613, 6318, 6878, 8127, 10741, 10846, 12840
2152, 2410, 2999, 4963, 7520, 8136, 8164, 8862, 9495, 10859, 11413, 11977
713, 4629, 5589, 5752, 11284, 11519
32, 3555, 3811, 7170, 7989, 7990, 7991, 8170, 10205, 10320, 12350, 12971
134, 434, 1490, 1660, 2238, 3418, 4306, 6658, 7710, 7751, 8449, 13047
760, 2152, 2410, 2999, 4963, 7520, 8136, 8164, 8532, 10859, 11413, 11977
374, 439, 486, 964, 1567, 1787, 5242, 8725, 11716
648, 1933, 2544, 4420, 4546, 5928, 5976, 9452, 10212, 11859, 11983, 12642
471, 3758
1011, 1275, 3376, 3975, 4743, 8484, 9617, 11110, 12049
202, 289, 3361, 3972, 4127, 5413, 5707, 6297, 7523, 8654, 9166, 9959
68, 3098, 3367, 6321, 8377, 9907, 10021, 11155, 11385, 11564, 11975, 12019
524, 4975, 9734, 12931, 13173
303, 1091, 8680, 10144
296, 971, 2566, 3243, 3693, 4401, 5495, 6106, 6846, 7199, 7799, 9688
2456, 3727, 4583, 4858, 8357
1239, 7037, 8694, 11309, 12215, 12821
1951, 2071, 3291, 4584, 6070, 6317, 9080, 9254, 9613, 9957, 12488, 12505
1455, 1793, 3003, 3328, 3337, 4429, 4605, 5061, 6248, 8124, 10989, 12208
1355, 3172, 5698, 8228, 12783
2934, 11397, 11924
596, 2197, 3004, 3897, 5505, 5920, 6463, 7247, 10759, 10836, 11801, 13201
3446, 6596, 8832, 11706
1136, 2983, 3906, 13141
5723, 8364, 13046
1598, 1599, 3275, 6872, 10150
11283
11956, 11957
877, 8886, 11651
1242, 2589, 3860, 11462
339, 1683, 2739, 3504, 4218, 4996, 6587, 8939, 10010, 10267, 10622, 11198
4986, 5228, 9877
1759, 3501, 8085, 9979, 11127
3042, 3723, 5076, 12194, 12978
1630, 1676, 7248, 7253, 8031, 11221, 11567, 12279, 12570
285, 9144, 9378
1695, 4137, 4787, 5627, 9391, 12152
810, 1410, 1746, 6416, 8297, 9447, 10029, 10642, 11731
792, 2261, 3538, 6455, 9818, 11466
2358, 4070, 4337, 6289, 10383
529, 2052
534, 1980, 2182, 2914, 2994, 3012, 4483, 4817, 4938, 11246, 11867, 12767
1931, 2926, 3396, 6851, 7061, 7543, 8152, 10819, 12429, 12969, 13089
842, 1062, 1232, 10084, 11479, 11480
2043, 2702, 3464, 4690, 5805, 6236, 6432, 7237, 7771, 8760, 9219, 12348
162, 911, 1712, 5875, 8042
916, 4789, 6858
979, 1460, 1698, 2913, 3238, 4730, 5352, 6926, 7229, 10227, 10927, 11262
992, 3233, 3274, 4377, 4610, 6034, 6327, 6664, 7474, 7475, 7644, 7652
11822, 12464
3140, 12569
3886, 6575, 8080, 8954
208, 581, 2065, 2493, 2791, 3558, 3628, 3925, 3967, 6170, 8707, 8823
260, 629, 2342, 2863, 4585, 5699, 7101, 7366, 10456, 11366, 11774, 12791
7365, 8655, 9482
3123, 8579, 12086, 12088, 12090
4572, 9990
11726, 12360
5788, 7354, 11524
3799, 6827, 8808, 9640, 11634, 11725
676, 1240, 3263, 3828, 4557, 4924, 5346, 7219, 7220, 7470, 9127, 13227
746, 1203, 3189, 12986
1250, 1251, 1252, 1253, 1254, 1256, 1257, 1258, 4713, 7685, 7687, 7941
48, 97, 611, 1161, 1742, 6217, 8536, 9908, 10594, 13053
2826, 8277, 11169
2310, 6333, 7099, 7610, 8202, 9041, 10896, 11256, 11674
601, 2360, 2678, 2679, 3303, 5092, 5544, 5785, 7870, 8764, 9489, 12755
3760, 7791, 9189, 10199, 10321, 10938, 11598, 12909, 13231
102, 284, 1782, 2086, 2281, 2855, 3830, 5074, 5776, 6108, 12380, 12765
0, 412, 1847, 2128, 6838, 7529, 7920, 9798, 9808, 10406, 10807
1933, 2400, 2544, 5226, 5970, 5976, 9452, 10958, 11859, 12642
859, 1644, 4213, 4603, 5756, 6005, 7382, 8359, 9929, 10771, 10852, 12576
536, 3532, 4477, 5883, 6186, 7030, 8253, 13007
398, 423, 500, 3968, 4580, 6171, 8175, 8800, 9198, 10419, 11577, 12427
6035
4984, 9217, 9591, 9592, 9593, 12267
599, 6156, 7686, 12804, 13139
1984, 6090, 6439, 7649, 9078
1654, 2170, 3939, 5021, 5321, 5644, 8259, 9275, 9501
1353, 4068, 9154
1784, 2070, 4922, 8392, 10880
4092, 4562, 7689, 8878, 8879
5431, 7278, 11303
7901, 8034, 9492
1199, 1747, 2248, 2267, 3191, 4590, 8562, 9766, 11130, 11554, 12768, 12925
561, 6124, 6126, 6131, 6132, 6134, 6135, 7655, 8907, 8908, 8909, 8917
779, 4642, 9162, 10296
398, 423, 500, 3968, 4719, 6171, 8175, 8800, 9198, 10419, 11577, 12427
727, 2632, 4257, 7500, 8099, 9438, 10023, 10635, 11071
752, 893, 1572, 2177, 2192, 2232, 2647, 4012, 4267, 5084, 5969, 11157
894, 1990, 3503, 3590, 4401, 5495, 6106, 7199, 7799, 8534, 9688
2227, 3480, 3516, 4256, 5547, 6780, 6802, 7647, 8282, 10125, 10339, 12852
9580, 9843, 10544, 11593
5282, 5623, 8074, 8075, 10716, 12011
795, 797, 798, 800, 801, 1308, 3305, 3306, 4061, 4406, 4407, 6815
145, 714, 2029, 2801, 4181, 5069, 8098, 8401, 8970, 10258, 12827
430, 623, 1524, 1525, 2116, 6370, 8057, 12616, 12928
4260, 7305, 9664, 9751, 10576, 13177
1803, 3541, 3543, 6510, 7546, 7752, 12156
6237, 8766, 11518, 12186
3310, 7623
142, 351, 1166, 2377, 2858, 3434, 4055, 4514, 4659, 6111, 10722, 13165
1626, 8455, 9413, 9458, 9459, 12958
2146
532, 869, 1553, 4835, 5963, 6508, 6598, 7271, 9786, 10881, 11626, 12148
138, 2536, 2537, 3109, 3879, 4700, 5838, 7708, 7846, 10753, 12206, 12640
5582, 12678
2558, 7081, 7916, 9014, 9493, 13012
2683, 3436, 4456, 5080, 7103, 7665
134, 434, 1660, 2238, 6658, 7710, 7751, 8449, 9660, 10918, 12031, 13047
6390, 6762, 8088, 8433, 10731, 10780, 12192
143, 3705, 4436, 4520, 6146, 7540, 8309, 9048, 10390, 11425, 11427, 11428
3077, 8058, 10725
540, 595, 1012, 1725, 3471, 5051, 6094, 6751, 8941, 10500, 10566, 13120
227, 2090, 2703, 3711, 8465, 12095, 12979
3000, 11690, 12659
3811, 7170, 7989, 7990, 7991, 8170, 8441, 10205, 10206, 10320, 12350
10, 612, 2701, 4160, 4988, 13069
1515, 6778, 7398, 7993, 11556, 12613
625, 2111, 6028, 8656
3037, 5113, 5234, 8559, 10152
5557, 6124, 6125, 6132, 6134, 6135, 6889, 8917, 8921, 9996, 11718, 12800
1019, 3882, 4847, 4848, 5173, 5216, 6066, 6622
493, 884, 2502, 2737, 5714, 12433
702, 887, 1563, 2520, 2882, 3301, 4582, 5277, 6363, 6492, 6710, 12135
4903, 8781, 8782, 8783, 12115, 12437, 12457, 12458
760, 2152, 2410, 2999, 4963, 5653, 8532, 8862, 9495, 10859, 11413, 11977
113, 3769, 4280, 5312, 5464, 5636, 6623, 9280, 9807, 9822, 10944, 13037
3245, 3834, 7282
5795, 12220
2792, 6978, 12618, 12934
5873, 9383, 12771
2434, 2783, 4103, 6107, 7542, 8405, 8689, 9772, 10165, 10415
9473, 9665, 11311
5025, 6156, 7686, 8352, 12804, 13139
5052, 5646, 5660, 6479, 6605, 8049, 11345
4085, 5293, 6794, 8303, 11078
1300, 3265, 4219, 6384
1126, 1769, 2405, 2411, 3379, 3747, 6629, 8073, 8342, 9112, 9135, 11991
83, 345, 346, 1230, 1348, 8100, 9446, 12559
123, 145, 1174, 4181, 6401, 8045, 8098, 10099, 11439, 12106
5867
629, 1504, 1700, 2294, 2342, 2473, 2487, 2778, 2838, 6435, 7101, 9365
2264, 5229, 5468, 5739, 6314, 6531, 11336, 11758, 12362, 12447
809, 2313, 4818, 5306, 5712, 6063, 8093, 12479
748, 6589, 10011, 10418, 11054, 11671
452, 792, 2261, 3538, 5659, 6455, 9818, 11466
538, 1035, 2743, 7035, 7597, 8174, 8216, 8867, 9403, 11174, 12732
161, 2023, 2388, 3461, 4427, 4598, 8016, 8738, 10564, 11478, 12681, 13370
629, 2294, 2342, 2863, 3917, 3958, 4410, 4522, 4585, 5699, 7101, 10456
3001, 12317, 12320
752, 893, 1572, 2177, 2192, 2232, 2647, 4012, 4267, 5084, 5969, 11763
11491, 12400
9910
5682, 7585, 9407
283, 3923, 5035, 7584, 7612, 9258, 10012, 10108, 10351, 12376
4807, 5299, 7399, 8642
134, 434, 1490, 1660, 2238, 7710, 7751, 8449, 9660, 10918, 12031, 13047
4530, 5003, 10985, 12636
3532, 4477, 5883, 7030, 8253, 8543, 13007
3027, 3147, 3920, 5645, 7359, 10017, 11266, 11850
86, 1897, 5341, 5396, 5722, 7394, 7549, 8509, 9113, 9223, 9454, 12134
4426
102, 284, 2086, 2281, 2855, 3345, 4051, 4056, 5585, 6108, 6247, 9431
917, 1228, 5888, 6162, 10242, 11736
424, 904, 1454, 12149, 12871
1922, 3981, 13361, 13378, 13382, 13383
1951, 2071, 3291, 3843, 4584, 6070, 6317, 9080, 9254, 9613, 9957, 12505
1284, 1926, 1999, 2534, 3854, 4564, 6796, 7982, 8240, 10869, 11008, 12835
2227, 3480, 3516, 3863, 6780, 7067, 7647, 8282, 11051, 11249, 11647, 12852
419, 4979
288, 8456, 8580, 13228
10073, 12749
636, 1006, 1684, 3258, 3300, 3369, 5313, 6316, 7209, 8332, 12304, 12432
321, 2942, 7258, 7260, 7638
3354, 11673
20, 1911, 6702, 11818, 12557, 12558, 12889
347, 1276, 1781, 1890, 2460, 2757, 3888, 4389, 7761, 8720, 9416, 11369
7168, 7169, 7372, 11755
25, 58, 1158, 1159, 2143, 2689, 3970, 7522, 8196, 9983, 12078, 12336
3441, 6218, 6968, 6970, 8005
2484, 3177, 3467, 3476, 4335, 5565, 7142, 7457, 7749, 7979, 8479, 12568
6296
372, 914, 2039, 3561, 4196, 5309, 8818, 9873, 10401
1500, 1506, 1568, 2484, 3177, 3224, 3467, 3476, 5565, 7749, 12366, 12720
389, 1832, 2740, 8714, 8837, 9347, 9391
3947, 4793, 6333, 7610, 8614, 10605, 12586
3075, 3508
835, 1223, 4150, 4435, 4998, 5445, 7447, 9423, 9692, 10591, 10617, 11193
1084, 3017, 8300
237, 418, 4727, 5159, 13250, 13257
895, 1795, 2225, 3307, 3774, 6434, 10067, 11131, 11361, 11528, 12055
1268, 5382, 8213
613, 819, 905, 958, 1108, 5085, 5889, 6235, 7765, 7960, 9940, 11536
13326, 13327
3018, 6074, 10183, 12418
196, 329, 330, 1070, 2185, 2885, 4058, 4457, 4980, 6332, 7019, 13311
185, 1805, 1901, 2471, 3050, 3968, 4580, 4719, 4952, 8800, 11378
93, 1502, 2096, 2993, 3584, 8372, 8598, 8615, 10363, 12627
217, 1527, 1639, 2807, 3298, 3531, 5024, 5885, 7167, 7868, 11251, 13062
6841, 8235, 8256, 10632
817, 2476, 5465, 8777
4606, 7487, 8062, 8063
91, 718, 2829, 3670, 4277, 6253, 10335, 10572, 10837, 11281, 12104, 13182
1501, 4052, 4320, 4321, 5562, 8594, 11234, 12989
9514, 9690
1262, 1739, 11353, 11946, 12176
10169, 10278
2598, 6326, 7466, 7962, 8693
446, 1618, 3203, 3884, 4371, 6661, 6911, 9185, 10496
2289, 7241
1042, 1511, 1965, 3915, 5421, 6398, 8272, 9083, 11396, 11402, 12883, 13026
227, 2090, 3711, 12095, 12979
708, 5494, 5583, 5588, 6577, 6714, 7000, 9872, 12811
2873, 6536, 13124
774, 2114, 2556, 4633, 5930, 6157, 7371, 10479, 10586, 12339
2496, 3475, 5120, 6633, 8707, 8793, 12535
1651, 10280, 11337
792, 2261, 3538, 9818, 11466
4646, 5509, 6072, 11073
564, 1196, 2823, 3382, 7390, 10509, 11537
821, 871, 9404, 9835, 11096
1941, 2119, 4284, 4285, 8155, 8287, 11077, 11790, 11791, 13086
810, 1410, 1746, 6416, 10029, 11731
672, 1285, 3638
2160, 2591, 4766, 4950, 6738, 8488, 8490, 12565
3904, 10319, 12283
5234, 9335, 10152
2304, 3360, 4670, 4851, 5054, 6610, 7306, 8437, 8439, 8440
1713, 3585, 6520, 7720, 8448, 9884
4092, 4562, 5114, 7689, 8879
5410, 8150, 12581
417, 4834, 9676
4050, 4236, 13091
432, 8500, 10680
78, 238, 390, 2459, 4897, 5473, 5679, 5927, 6595, 6618, 8173, 12153
48, 97, 611, 1161, 1742, 8275, 9002, 9908, 10090, 10488, 10928, 13075
1640, 2554, 3577, 4667, 4954, 7551, 7634, 8833, 12129, 12790
134, 434, 1490, 1660, 2238, 4306, 6658, 7710, 7751, 10918, 13047, 13061
62, 1145, 1477, 1730, 2077, 3678, 4059, 4439, 10066, 10412, 11258, 11843
601, 2270, 2360, 2678, 2679, 5544, 5785, 7870, 8764, 12700, 12755
1945, 4202, 9639, 9640, 9641, 9642, 11725, 13407
662, 925, 1405, 3986, 5289, 5725, 9354, 11615, 13117
1642, 4242, 7148, 11274, 11660, 12966
1237, 4755, 9457
227, 6996, 8465
9923, 9924, 11135, 11164, 12848
1133, 1424, 8130
1726, 11474, 11886
2837, 4965, 5094, 8784, 9182
1239, 7037, 8694, 11309, 11597, 12215, 12821
187, 4014, 4319, 4654, 9915, 12996
3070, 3084, 3823, 4220, 6024, 6195, 7356, 7998, 8070, 8294, 9630, 9949
4477, 7030, 8543
4073, 6307, 8301, 13128, 13129
134, 434, 1490, 1660, 2238, 3418, 7710, 8449, 9660, 10918, 13047, 13061
843, 1312, 2786, 10684
3142, 5611, 10650
210, 336, 2256, 2257, 2258, 4029, 4030, 4031, 4034, 12096, 12101, 12624
355, 356, 1194, 1421, 2171, 2793, 3989, 5715, 6281, 6282, 6283, 6285
576, 2956, 8713, 11031
7216, 8492, 11961
3805, 4103, 5799, 6107, 7542, 8405, 8427, 8689, 9772, 10165, 10238, 10415
3462, 8002, 8094, 8645, 8727, 11628, 11691, 12243
629, 1504, 1700, 2294, 2342, 2473, 2487, 2778, 2838, 7101, 9882, 10456
586, 587, 3629, 8010, 13396
1284, 1706, 2010, 2220, 2534, 2578, 3677, 4290, 5256, 9037, 9590, 9901
3727, 4583, 4858
1393, 3182, 4344, 6891, 7277, 7913, 8565, 8752, 9155
69, 87, 1382, 1707, 1741, 5175, 7301, 7575, 7735, 8717, 8989, 12812
1055, 2736, 3061, 13350, 13351, 13380, 13381
2330, 3205, 4140, 7580, 8120
732, 6667, 8205, 9968, 10222, 11580, 11940, 12397
1216, 2059, 12549
1148, 1766, 8496, 10604, 12154, 13012
727, 2632, 3858, 4257, 7500, 8099, 8755, 9438, 10023, 10635, 11071
69, 87, 121, 1382, 1417, 1707, 1741, 3529, 3596, 4377, 4610, 7735
12423
5793, 6137, 6425, 6749, 12441
398, 423, 500, 3968, 4580, 4719, 6171, 8175, 8800, 9198, 10419, 11577
3799, 4202, 6827, 8808, 9639, 9640, 9641, 9642, 11634, 11725, 13407
682, 1063, 1297, 1582, 2173, 2775, 3343, 3993, 4597, 10209, 10609, 12454
794, 796, 797, 799, 1520, 5206, 7645, 8651, 9126, 11320, 11746, 12737
4402, 5037, 6244, 7091
3145, 4677, 6389, 8295
134, 434, 1490, 1660, 2238, 6658, 7710, 7751, 8449, 10918, 13047, 13061
1928, 5178, 5423, 8893, 9728, 12869, 13163
3108, 4163, 7077, 12196
5884, 7583, 7959
1298, 2324, 4458, 4505, 5029, 9025, 11270