0 499
1 299
2 126
3 464
5 133
6 460
7 265
8 77
9 413
10 292
11 104
12 427
13 353
14 150
15 449
16 261
17 80
18 415
20 124
21 419
22 249
23 449
24 455
25 285
26 83
27 402
28 312
29 113
30 442
31 252
32 58
33 81
34 100
35 75
36 405
37 296
38 115
39 444
40 233
42 452
43 277
44 79
45 384
46 194
47 301
48 417
49 236
50 53
51 453
52 278
53 70
54 386
55 166
56 109
57 420
58 226
59 56
60 344
62 144
63 381
64 216
65 130
66 107
67 228
68 60
69 373
70 275
71 99
72 159
73 218
75 245
76 256
77 46
78 374
79 268
80 89
81 395
83 15
84 429
85 225
86 254
87 348
88 270
90 380
91 211
92 320
93 31
94 259
95 33
96 350
97 263
98 98
99 382
101 7
102 432
103 255
104 413
105 364
106 172
107 100
108 409
109 208
110 23
112 257
114 367
115 182
116 95
117 93
119 25
120 374
121 247
122 41
123 368
124 169
125 84
126 399
127 199
128 79
129 330
130 238
132 360
133 171
134 255
135 408
136 200
137 0
138 333
139 230
140 64
141 361
142 443
143 485
144 394
146 1
147 320
148 245
150 357
151 163
152 478
153 398
154 221
155 502
156 323
157 248
158 51
159 359
160 219
161 489
162 400
163 190
164 467
165 338
166 147
167 52
168 352
169 178
170 329
171 389
172 192
173 9
174 318
175 201
176 187
177 353
178 179
179 477
180 279
181 189
182 11
183 322
184 310
185 49
186 345
187 183
188 479
189 250
190 212
191 12
192 341
193 136
194 42
195 369
196 395
197 492
198 306
199 210
200 8
201 342
202 155
203 466
204 370
206 494
207 301
208 202
209 10
211 143
212 62
213 116
214 174
215 206
216 26
217 203
218 2
219 335
220 153
221 461
222 347
223 164
224 419
225 194
226 120
227 398
228 325
229 52
230 451
231 376
232 166
233 495
235 127
236 30
237 339
238 156
239 474
240 289
241 185
242 490
243 318
244 119
245 21
246 340
247 148
248 462
249 279
250 165
251 57
252 308
254 473
256 141
257 454
258 308
259 167
260 53
261 465
262 110
263 421
264 303
265 137
266 473
267 283
268 421
269 481
270 307
271 131
272 422
273 68
274 301
275 334
277 158
278 490
279 309
280 132
282 317
283 144
284 317
285 282
286 204
287 488
288 272
289 128
290 441
291 451
292 145
293 471
294 271
295 92
296 496
297 305
298 111
299 433
300 231
301 138
302 464
303 272
304 85
305 498
306 295
307 105
308 436
309 277
310 157
312 264
313 101
314 256
315 316
316 129
317 425
318 259
319 134
320 338
321 290
322 103
323 275
324 304
325 122
326 340
327 260
328 151
329 465
330 438
331 419
332 377
333 298
334 334
335 435
337 142
338 219
339 286
340 87
341 387
342 300
344 423
345 241
346 416
347 458
348 266
349 11
350 412
351 463
352 117
353 500
354 234
356 465
357 262
358 81
359 401
360 92
361 123
362 418
363 250
364 59
365 472
366 287
367 71
368 403
369 187
370 112
372 243
373 57
374 459
375 273
376 20
377 390
378 217
379 116
380 437
381 232
382 61
383 354
384 276
385 102
386 335
387 193
388 146
389 416
390 235
391 36
392 355
393 267
394 69
395 385
396 213
397 108
398 446
399 224
400 55
401 371
402 269
403 266
404 379
405 215
406 27
407 446
408 227
409 44
410 39
411 274
412 97
413 505
414 204
415 455
416 438
417 217
418 45
419 460
420 175
421 88
422 388
423 463
424 296
425 303
426 223
427 39
428 366
429 192
430 82
431 378
432 289
433 4
434 430
435 251
436 32
437 117
438 168
440 404
441 131
442 6
443 329
444 253
445 34
446 362
447 170
448 93
449 407
450 206
451 22
452 332
453 353
454 63
455 365
457 416
458 410
459 195
460 502
461 327
462 246
463 40
464 356
465 499
466 487
467 226
468 198
469 17
470 30
471 237
472 37
473 358
474 159
475 482
476 59
477 191
478 19
479 331
480 139
481 62
482 261
483 160
484 483
485 393
486 219
487 29
489 123
490 32
491 375
492 365
493 476
494 396
495 210
496 16
497 321
498 146
499 50
501 154
502 461
503 104
506 16
509 138
510 368
511 383
512 204
513 392
516 432
518 459
519 101
520 141
521 121
522 378
523 300
524 348
525 315
527 497
528 485
529 49
530 392
531 267
532 194
533 381
534 260
535 349
536 435
537 447
539 226
540 372
541 500
542 14
543 330
544 165
545 120
546 265
547 9
549 16
550 114
551 307
552 33
553 265
554 311
555 72
556 159
557 243
558 274
559 394
560 239
562 409
563 344
564 433
567 360
568 394
569 32
570 268
571 479
572 440
573 422
574 372
575 346
576 457
577 300
578 266
579 80
580 351
581 441
582 348
583 72
584 168
585 451
586 470
587 349
588 311
589 445
590 276
592 131
594 82
595 9
596 339
597 135
598 32
599 479
600 317
601 94
602 342
604 29
605 430
606 76
607 36
608 74
609 298
610 141
611 397
612 162
613 159
614 441
615 202
616 287
617 96
618 136
619 361
620 34
621 94
622 451
623 189
624 303
625 239
626 409
627 48
628 47
629 360
630 2
631 266
632 53
633 70
634 394
635 78
636 438
637 179
638 169
639 0
640 434
641 161
642 37
643 376
644 82
645 480
646 403
647 257
648 374
651 90
652 176
653 486
654 273
655 378
656 49
657 358
658 244
659 107
660 191
661 192
662 148
663 75
664 196
665 431
666 275
667 494
668 57
670 49
671 207
672 8
673 472
674 319
675 29
676 151
678 420
679 439
680 225
681 15
682 258
684 170
685 222
686 184
687 180
688 297
689 343
690 95
691 260
692 260
693 369
694 372
695 417
696 80
697 416
698 48
699 15
701 322
702 8
703 417
705 36
706 396
707 295
708 447
709 205
710 113
711 37
712 421
713 66
714 338
716 457
717 55
718 428
720 325
722 428
723 42
724 266
725 128
726 457
727 273
728 298
729 23
730 82
731 211
732 99
733 397
734 36
735 206
736 249
737 174
738 431
739 123
740 102
741 77
742 345
743 170
744 67
745 388
746 450
747 69
748 140
749 291
751 229
752 145
753 448
754 128
755 358
756 198
757 484
758 174
760 410
761 357
762 47
764 427
765 289
766 7
767 365
768 378
769 468
770 406
771 3
772 157
773 236
774 272
775 258
776 72
777 107
778 342
779 26
780 414
781 82
782 104
783 418
784 221
785 284
787 445
789 276
790 16
791 29
793 505
794 467
795 373
796 170
797 243
798 125
799 20
800 298
801 490
802 474
803 126
804 497
805 161
806 205
807 199
808 404
809 73
810 171
811 157
812 70
813 414
814 490
815 287
817 190
818 5
819 400
820 214
821 90
822 332
823 473
824 208
826 343
827 378
828 404
829 201
830 217
831 20
832 441
833 328
834 143
835 311
836 137
837 1
838 288
840 261
841 272
843 313
846 133
847 140
848 405
849 69
850 466
852 367
853 434
855 248
856 93
857 259
858 432
859 34
860 221
861 375
862 48
863 228
864 292
865 10
866 300
867 185
868 27
869 112
871 443
872 218
873 189
874 353
875 175
876 370
877 342
878 30
879 437
881 185
882 249
883 480
884 455
885 414
888 226
889 277
890 365
891 121
892 369
893 392
894 168
895 17
896 378
897 124
898 192
899 138
900 395
901 188
902 160
903 138
904 300
905 78
906 58
907 402
909 402
910 57
911 494
912 467
913 383
914 207
915 156
916 143
917 146
918 249
919 44
920 212
921 462
922 298
923 209
924 345
925 491
926 10
927 120
928 505
929 123
930 257
931 424
932 75
933 357
934 137
936 221
938 456
939 22
940 343
941 2
942 430
943 172
944 126
946 54
947 320
948 112
949 84
950 34
953 101
954 409
955 464
956 49
957 406
958 447
959 480
960 181
961 138
962 186
963 16
964 397
965 109
967 425
968 320
969 432
970 108
971 482
972 505
973 286
974 240
975 358
977 96
978 8
979 276
980 328
981 3
982 134
983 200
984 38
985 221
987 437
988 370
989 386
990 140
991 199
992 218
993 478
994 315
995 243
996 211
998 298
999 17
1000 420
1001 63
1002 336
1003 152
1004 264
1005 161
1006 273
1009 9
1010 33
1011 165
1013 130
1014 342
1015 389
1016 364
1017 16
1019 68
1020 55
1021 82
1022 252
1023 200
1024 424
1025 27
1027 74
1028 414
1029 159
1030 125
1031 4
1032 122
1034 347
1035 3
1036 490
1037 68
1038 174
1040 505
1042 443
1044 439
1045 281
1046 132
1047 235
1048 238
1049 325
1050 30
1052 28
1053 196
1054 124
1055 93
1057 71
1058 36
1059 394
1060 248
1061 343
1062 150
1063 13
1064 355
1065 145
1066 222
1067 74
1068 188
1069 351
1070 321
1071 455
1072 51
1074 0
1075 491
1076 485
1077 500
1078 158
1079 149
1080 501
1081 337
1082 91
1083 327
1084 325
1085 148
1086 329
1087 284
1088 493
1089 150
1090 9
1091 137
1092 91
1093 45
1094 41
1095 470
1097 26
1098 453
1099 277
1100 184
1101 332
1103 140
1104 339
1105 448
1106 262
1107 249
1108 58
1110 88
1111 67
1112 121
1113 201
1114 154
1115 406
1116 453
1117 383
1118 410
1119 377
1120 385
1121 332
1122 316
1123 284
1124 208
1125 352
1126 130
1127 171
1128 58
1129 228
1130 108
1131 326
1133 327
1134 288
1135 252
1137 170
1139 418
1140 383
1141 431
1142 9
1143 113
1144 115
1145 29
1146 332
1147 176
1148 337
1149 186
1150 339
1151 274
1154 236
1155 199
1158 64
1159 137
1160 330
1162 273
1163 431
1165 235
1166 6
1167 114
1168 223
1169 77
1170 502
1171 294
1172 138
1173 128
1174 188
1177 180
1178 485
1179 293
1180 400
1181 392
1183 496
1184 266
1185 160
1186 156
1187 89
1188 188
1189 275
1190 174
1191 390
1192 275
1193 490
1194 405
1195 260
1196 343
1197 316
1198 329
1200 30
1201 129
1203 358
1205 472
1206 82
1207 153
1209 247
1210 105
1211 438
1212 339
1213 326
1214 59
1215 2
1216 447
1217 204
1218 491
1219 454
1220 332
1221 390
1222 291
1223 294
1225 107
1226 61
1227 177
1228 168
1229 80
1230 225
1232 439
1234 236
1235 328
1237 341
1238 240
1239 455
1240 50
1241 94
1242 274
1243 106
1245 264
1246 161
1247 306
1248 235
1249 337
1250 119
1251 118
1252 82
1253 223
1255 257
1256 291
1257 81
1258 326
1259 487
1260 130
1261 404
1262 397
1263 505
1265 390
1266 474
1267 497
1269 150
1270 486
1271 185
1272 35
1273 474
1274 116
1275 341
1277 15
1278 456
1279 186
1281 428
1283 6
1284 112
1285 400
1286 351
1289 257
1290 322
1291 400
1292 184
1293 247
1294 61
1295 9
1296 104
1297 409
1298 43
1299 138
1300 460
1302 376
1303 152
1305 440
1306 35
1307 386
1308 149
1310 472
1311 8
1313 275
1314 121
1315 51
1316 82
1319 386
1320 377
1321 497
1323 180
1324 327
1325 42
1326 468
1327 321
1328 58
1329 30
1330 341
1332 438
1333 419
1334 16
1335 192
1336 185
1337 405
1339 85
1340 164
1341 168
1343 0
1344 469
1345 376
1346 400
1347 248
1348 380
1349 103
1350 133
1351 414
1352 186
1354 28
1355 259
1357 257
1358 487
1359 310
1360 485
1361 459
1362 28
1363 245
1364 199
1365 268
1366 436
1367 242
1368 399
1369 378
1372 88
1373 435
1374 341
1375 149
1376 216
1377 281
1378 288
1380 87
1381 219
1382 154
1384 88
1385 337
1387 448
1388 223
1389 438
1391 352
1392 196
1393 76
1394 82
1396 424
1397 360
1399 311
1400 245
1401 162
1402 448
1403 342
1404 33
1405 131
1406 397
1410 35
1411 473
1412 132
1413 455
1414 76
1415 280
1416 138
1417 302
1418 78
1419 443
1420 186
1421 386
1422 370
1423 180
1425 198
1426 135
1427 22
1429 161
1431 314
1432 363
1433 10
1434 284
1436 487
1438 203
1439 145
1440 8
1441 26
1442 86
1443 81
1444 71
1445 47
1446 302
1447 367
1448 194
1449 188
1450 456
1451 25
1452 30
1454 497
1455 305
1456 219
1457 238
1459 414
1460 311
1461 290
1462 130
1463 232
1464 377
1465 283
1466 94
1467 403
1468 30
1469 498
1470 172
1471 58
1472 101
1473 404
1474 55
1475 411
1476 411
1479 212
1480 339
1481 431
1482 473
1483 126
1484 22
1486 265
1487 26
1490 421
1491 497
1492 221
1493 66
1495 215
1496 384
1497 280
1498 220
1499 102
1500 269
1502 204
1503 119
1504 14
1506 160
1507 359
1508 444
1509 396
1510 331
1512 74
1514 305
1515 4
1517 254
1518 143
1520 505
1521 89
1522 149
1523 101
1524 37
1525 232
1526 72
1527 70
1528 199
1529 418
1530 354
1531 449
1532 141
1534 405
1535 142
1536 109
1537 42
1538 58
1540 274
1541 149
1542 378
1543 284
1544 114
1545 177
1546 453
1547 38
1549 333
1551 49
1552 56
1553 400
1554 362
1555 196
1556 439
1557 316
1558 457
1560 304
1563 133
1565 51
1566 365
1567 122
1568 133
1570 123
1572 228
1573 249
1574 304
1575 243
1576 482
1577 295
1579 111
1581 420
1582 17
1585 323
1586 333
1587 371
1588 55
1589 72
1590 250
1591 482
1593 221
1595 452
1599 132
1601 335
1602 205
1603 341
1604 81
1605 227
1607 335
1609 500
1610 154
1611 245
1613 294
1614 280
1615 306
1616 55
1617 57
1618 91
1619 183
1621 454
1623 160
1625 282
1626 332
1628 341
1629 61
1630 75
1631 468
1632 130
1633 318
1635 315
1636 339
1637 194
1639 427
1640 425
1643 443
1644 328
1645 336
1646 469
1648 195
1650 154
1651 172
1652 97
1653 453
1654 443
1655 300
1656 358
1657 386
1658 31
1659 184
1660 228
1661 8
1662 188
1663 378
1664 275
1665 496
1666 394
1667 89
1668 122
1669 328
1670 490
1671 15
1674 417
1676 402
1677 235
1678 163
1679 64
1681 173
1682 441
1684 397
1685 256
1686 266
1687 10
1688 424
1689 420
1691 199
1692 482
1694 262
1695 190
1696 346
1697 473
1698 340
1699 164
1701 162
1702 274
1703 133
1704 165
1705 325
1706 215
1707 268
1708 386
1709 462
1712 311
1713 53
1715 342
1716 66
1718 110
1719 85
1720 481
1721 49
1722 387
1723 138
1724 221
1725 41
1726 335
1727 102
1728 27
1730 210
1732 377
1733 65
1734 126
1735 297
1736 262
1737 330
1738 240
1739 140
1740 70
1741 234
1742 128
1743 400
1747 186
1748 394
1749 216
1750 62
1751 255
1752 104
1753 12
1754 233
1755 298
1756 441
1757 337
1758 400
1759 472
1761 0
1764 98
1765 108
1766 51
1767 97
1768 211
1769 298
1771 3
1772 42
1774 245
1775 155
1776 221
1777 374
1778 119
1779 119
1780 293
1781 286
1782 505
1783 40
1784 15
1785 43
1786 162
1788 386
1789 453
1790 378
1791 337
1792 35
1793 361
1794 274
1795 294
1796 500
1797 332
1799 3
1801 191
1802 274
1804 185
1805 268
1806 149
1807 48
1808 482
1810 453
1811 302
1813 210
1815 90
1816 134
1817 369
1818 433
1819 46
1820 420
1821 295
1822 386
1824 470
1825 462
1826 240
1827 210
1829 387
1830 157
1831 104
1832 184
1833 448
1834 280
1837 370
1839 367
1840 223
1841 478
1842 377
1843 370
1845 393
1846 354
1847 412
1848 380
1849 50
1850 208
1851 68
1853 396
1854 195
1855 283
1857 122
1858 144
1860 425
1861 0
1863 196
1864 180
1865 419
1866 108
1867 94
1868 42
1869 328
1871 258
1873 457
1874 122
1875 403
1876 177
1877 247
1878 494
1879 184
1880 153
1881 467
1882 414
1883 300
1884 219
1885 204
1887 449
1889 389
1890 112
1891 79
1894 266
1895 470
1896 412
1897 291
1899 469
1900 49
1902 443
1904 40
1906 78
1907 469
1908 115
1909 490
1910 303
1911 493
1912 201
1913 502
1914 459
1915 79
1916 480
1917 358
1918 283
1919 400
1920 330
1921 113
1923 406
1924 263
1925 76
1926 289
1927 104
1928 260
1929 256
1931 73
1933 197
1934 477
1935 177
1936 120
1938 304
1939 244
1940 501
1941 205
1942 103
1943 341
1944 266
1947 505
1948 495
1949 258
1950 479
1952 309
1953 160
1954 79
1955 212
1957 469
1959 491
1962 266
1964 221
1966 204
1967 128
1968 326
1969 485
1970 436
1972 291
1973 290
1974 113
1976 417
1977 401
1978 459
1979 491
1980 350
1982 109
1983 471
1985 440
1986 83
1987 140
1991 222
1992 185
1993 408
1994 491
1995 168
1997 413
1998 291
2000 217
2001 126
2003 471
2006 282
2008 116
2009 240
2010 363
2011 290
2012 245
2013 332
2014 501
2016 270
2018 475
2019 72
2020 396
2021 467
2022 491
2024 190
2025 332
2026 243
2027 432
2028 381
2029 307
2031 298
2032 47
2033 81
2034 157
2035 346
2036 188
2037 240
2038 266
2039 161
2040 242
2041 384
2042 471
2043 260
2044 409
2045 130
2046 86
2047 436
2049 232
2050 152
2051 379
2053 296
2054 302
2055 344
2056 181
2057 492
2058 129
2059 114
2061 274
2062 87
2063 381
2065 397
2067 69
2068 51
2069 107
2070 79
2071 1
2072 358
2073 370
2075 475
2076 472
2077 1
2079 477
2081 124
2082 260
2083 482
2084 263
2085 1
2086 276
2088 275
2089 7
2091 386
2092 160
2093 423
2094 107
2096 13
2099 383
2100 493
2101 180
2104 91
2105 315
2107 239
2108 309
2109 94
2110 56
2111 281
2113 416
2115 410
2116 492
2117 130
2118 380
2119 223
2121 38
2122 287
2123 280
2124 342
2125 436
2126 277
2127 60
2128 335
2129 429
2130 497
2131 470
2133 49
2135 267
2136 459
2137 396
2138 378
2139 288
2141 413
2142 453
2143 120
2144 417
2145 120
2147 109
2148 235
2150 321
2151 232
2152 98
2153 224
2154 328
2155 61
2156 319
2157 138
2158 89
2160 337
2161 386
2162 434
2163 266
2164 271
2167 0
2168 152
2170 228
2171 311
2172 227
2174 406
2175 69
2176 353
2177 403
2178 352
2181 285
2182 239
2183 272
2184 326
2185 187
2187 340
2188 311
2190 174
2191 392
2192 394
2196 200
2197 78
2198 448
2200 263
2201 126
2203 332
2204 173
2206 276
2211 430
2213 201
2214 215
2215 250
2217 289
2219 174
2220 453
2221 115
2222 248
2226 291
2227 296
2229 115
2230 30
2232 407
2233 298
2234 389
2235 327
2236 135
2238 403
2239 172
2240 207
2241 152
2242 384
2243 404
2244 22
2245 175
2246 278
2247 154
2248 454
2249 477
2253 96
2254 114
2257 110
2259 501
2260 33
2261 34
2263 126
2265 207
2266 421
2267 313
2268 338
2269 121
2270 292
2272 339
2274 253
2275 224
2277 472
2279 139
2280 235
2281 13
2282 463
2283 293
2284 317
2286 469
2287 115
2288 346
2289 115
2290 112
2292 165
2293 155
2294 495
2295 409
2296 133
2297 350
2299 124
2300 335
2301 432
2302 194
2303 57
2304 414
2305 198
2306 205
2307 51
2308 196
2309 466
2310 435
2311 15
2312 11
2313 405
2314 341
2315 40
2316 439
2317 72
2318 452
2319 5
2321 82
2322 151
2323 163
2324 422
2325 312
2326 337
2327 104
2328 72
2329 280
2331 505
2332 447
2333 430
2334 310
2335 344
2336 186
2337 223
2338 339
2339 35
2340 196
2341 0
2342 417
2343 73
2344 150
2346 348
2347 417
2348 85
2349 35
2350 209
2352 295
2353 45
2354 236
2355 386
2357 322
2358 258
2361 371
2363 338
2364 217
2365 476
2366 439
2367 242
2369 68
2370 39
2371 458
2373 23
2374 410
2375 315
2376 349
2378 199
2379 251
2380 126
2381 3
2382 395
2384 104
2385 32
2386 288
2387 7
2388 430
2389 285
2390 70
2391 505
2392 455
2393 461
2394 472
2395 414
2397 350
2398 423
2399 446
2401 414
2403 459
2404 418
2405 266
2406 266
2407 221
2410 1
2412 83
2413 127
2414 192
2415 173
2416 396
2417 174
2418 300
2420 68
2422 20
2425 484
2426 240
2427 27
2428 336
2430 335
2431 490
2432 266
2433 240
2434 4
2435 382
2436 471
2437 119
2438 364
2439 72
2440 265
2442 112
2443 383
2444 95
2445 0
2446 200
2447 223
2450 375
2451 491
2452 164
2453 186
2454 132
2455 33
2456 195
2457 147
2458 162
2460 135
2461 400
2463 53
2464 52
2465 343
2467 46
2468 341
2469 133
2470 256
2471 124
2472 158
2473 27
2474 419
2475 473
2476 440
2477 434
2478 113
2479 235
2482 378
2483 420
2484 85
2485 311
2486 453
2488 432
2490 274
2491 229
2492 204
2494 257
2495 214
2497 107
2498 471
2500 501
2501 72
2503 266
2504 289
2505 465
2506 98
2507 68
2508 500
2509 447
2512 313
2513 505
2514 369
2515 446
2516 379
2517 113
2518 157
2519 91
2520 132
2522 205
2524 286
2525 311
2526 55
2527 108
2528 319
2529 430
2531 233
2533 140
2534 160
2536 324
2537 144
2538 245
2540 439
2542 169
2543 244
2544 19
2545 230
2546 149
2547 470
2548 140
2549 275
2550 374
2551 98
2552 26
2553 447
2555 458
2556 424
2557 485
2558 135
2559 340
2560 192
2561 201
2562 315
2563 90
2564 36
2566 138
2567 173
2568 9
2569 158
2570 505
2571 311
2572 129
2574 16
2576 39
2577 112
2578 171
2580 35
2582 240
2584 296
2585 438
2586 330
2587 157
2589 285
2590 47
2591 221
2592 175
2593 162
2594 98
2596 68
2597 233
2598 200
2599 367
2600 186
2602 395
2603 360
2604 395
2605 170
2606 408
2607 497
2608 221
2609 462
2610 36
2612 31
2613 10
2614 160
2615 111
2616 0
2617 453
2618 95
2619 240
2621 355
2622 77
2623 75
2624 388
2625 97
2626 14
2627 286
2629 85
2630 126
2631 387
2632 98
2633 26
2634 364
2635 502
2636 258
2637 44
2641 0
2642 168
2644 394
2645 75
2647 315
2648 441
2649 232
2650 451
2651 378
2652 315
2654 502
2655 410
2656 32
2657 409
2658 323
2660 247
2661 420
2664 137
2665 249
2666 431
2667 123
2668 149
2669 4
2670 49
2671 386
2672 91
2673 58
2675 307
2676 266
2677 170
2678 63
2679 40
2680 132
2681 183
2682 455
2683 189
2684 472
2685 19
2686 266
2688 44
2689 257
2690 375
2691 475
2692 284
2694 411
2695 297
2696 330
2697 255
2698 86
2699 281
2701 54
2702 131
2703 54
2705 37
2706 459
2709 354
2710 273
2711 492
2712 355
2713 220
2714 315
2716 139
2717 473
2718 283
2721 280
2722 126
2723 345
2726 341
2727 294
2728 123
2729 284
2730 457
2731 288
2732 364
2733 324
2735 201
2738 172
2739 386
2741 32
2742 104
2743 107
2744 494
2745 374
2747 442
2748 355
2749 305
2751 220
2752 386
2754 378
2756 498
2757 460
2758 96
2759 414
2760 92
2761 8
2762 94
2763 349
2764 96
2765 491
2766 362
2767 381
2768 448
2770 486
2776 66
2777 47
2778 398
2779 470
2780 266
2781 92
2785 17
2786 502
2787 39
2788 87
2789 185
2790 440
2791 177
2792 106
2793 399
2794 470
2795 65
2797 428
2799 8
2800 7
2801 86
2802 432
2804 33
2805 201
2806 365
2807 67
2808 19
2809 326
2811 278
2812 89
2814 103
2815 66
2816 179
2817 19
2818 86
2820 185
2822 346
2824 114
2825 336
2826 394
2827 63
2828 479
2829 492
2830 185
2832 342
2835 235
2836 423
2837 284
2838 253
2839 311
2841 25
2842 56
2843 34
2844 358
2845 128
2847 84
2848 316
2849 430
2851 44
2852 311
2853 383
2854 502
2855 416
2856 25
2857 57
2858 246
2859 136
2861 27
2864 228
2866 65
2867 282
2868 320
2869 12
2870 334
2871 453
2873 109
2874 283
2875 134
2877 200
2878 470
2880 98
2881 94
2883 30
2884 476
2885 8
2886 87
2887 146
2888 22
2891 276
2892 354
2893 168
2894 200
2895 72
2896 400
2898 477
2899 94
2900 214
2901 378
2903 102
2904 482
2905 501
2906 39
2907 190
2909 328
2910 121
2911 35
2912 423
2913 290
2914 233
2915 240
2917 308
2919 378
2920 332
2921 15
2922 366
2923 384
2924 343
2925 418
2926 7
2928 112
2929 430
2930 215
2931 221
2932 227
2934 156
2935 349
2936 235
2937 328
2938 189
2940 33
2941 196
2942 333
2943 494
2946 488
2947 382
2948 260
2949 431
2950 410
2951 443
2952 419
2955 106
2956 58
2957 122
2958 47
2960 57
2961 149
2962 310
2964 177
2965 469
2966 40
2967 97
2968 122
2969 153
2970 334
2971 234
2972 253
2973 357
2974 262
2975 114
2976 120
2977 30
2978 133
2979 347
2980 249
2982 337
2983 4
2984 268
2986 154
2987 74
2988 109
2989 22
2990 101
2991 505
2992 157
2994 133
2995 53
2996 51
2997 118
3001 416
3002 378
3003 447
3004 244
3006 54
3007 53
3008 36
3009 94
3011 180
3012 221
3013 432
3014 157
3016 26
3018 210
3020 401
3021 441
3022 68
3023 386
3024 51
3025 299
3026 137
3027 145
3028 39
3029 111
3031 170
3034 492
3035 291
3036 99
3038 232
3039 224
3040 39
3041 305
3042 174
3043 19
3044 266
3045 369
3046 215
3047 452
3048 213
3049 394
3050 317
3053 401
3054 223
3056 326
3057 347
3058 394
3059 201
3060 368
3061 268
3063 298
3064 205
3066 337
3067 252
3068 324
3069 465
3071 99
3072 37
3074 26
3075 294
3076 428
3077 107
3078 383
3080 249
3081 502
3082 202
3083 157
3084 505
3085 322
3086 420
3087 15
3088 162
3089 223
3090 404
3093 262
3095 419
3096 437
3097 372
3098 357
3101 112
3102 134
3103 157
3104 502
3105 171
3106 204
3109 53
3110 337
3111 9
3112 266
3113 13
3115 262
3116 228
3117 443
3118 441
3119 395
3120 315
3121 497
3122 204
3123 502
3124 45
3126 71
3127 345
3130 307
3133 466
3134 136
3140 471
3141 162
3144 245
3145 354
3146 27
3147 26
3150 376
3151 82
3152 174
3154 347
3156 180
3158 361
3159 10
3162 26
3163 23
3165 63
3166 365
3167 400
3168 104
3169 315
3171 304
3173 29
3174 230
3176 272
3179 184
3180 400
3181 94
3182 133
3183 352
3184 115
3185 404
3186 480
3187 352
3188 94
3189 4
3191 275
3192 352
3194 106
3195 258
3196 213
3197 214
3198 194
3201 472
3202 109
3204 454
3208 154
3212 499
3213 33
3214 376
3216 477
3217 313
3218 326
3219 371
3220 176
3221 133
3222 326
3224 375
3225 88
3226 235
3227 438
3230 273
3231 37
3233 67
3234 27
3235 394
3237 494
3240 107
3243 388
3245 388
3246 339
3247 447
3248 260
3250 338
3253 290
3254 172
3256 480
3257 337
3258 8
3259 135
3261 59
3262 52
3263 182
3264 179
3265 22
3266 149
3268 381
3269 482
3270 262
3271 243
3272 384
3273 282
3274 505
3275 133
3276 239
3277 115
3278 346
3279 114
3280 479
3281 106
3282 475
3283 31
3284 268
3285 34
3286 91
3287 222
3288 9
3289 202
3290 102
3291 358
3292 76
3293 345
3294 245
3295 184
3296 31
3297 420
3301 25
3302 420
3306 431
3307 489
3308 393
3309 16
3310 362
3312 502
3314 232
3315 126
3316 8
3317 133
3318 164
3322 186
3325 2
3326 133
3327 500
3328 5
3329 119
3333 394
3335 226
3336 448
3337 439
3339 277
3340 7
3342 359
3343 127
3345 219
3347 449
3350 174
3351 215
3352 345
3353 187
3354 455
3355 139
3356 332
3357 195
3359 192
3362 236
3363 395
3367 408
3368 377
3369 326
3370 435
3371 119
3373 381
3374 108
3375 100
3376 69
3377 3
3379 321
3380 347
3382 481
3383 72
3384 55
3385 132
3386 243
3387 430
3388 188
3389 431
3391 68
3392 150
3393 383
3394 192
3397 346
3399 252
3402 502
3403 251
3404 429
3405 68
3406 459
3407 43
3409 325
3412 155
3413 490
3414 464
3415 213
3416 399
3417 223
3418 330
3420 34
3421 453
3422 157
3423 209
3424 415
3426 402
3428 429
3430 193
3432 35
3433 87
3434 14
3435 421
3439 72
3440 249
3442 87
3443 480
3444 185
3445 435
3447 368
3448 97
3449 126
3451 233
3452 317
3453 275
3454 319
3455 201
3456 378
3457 128
3458 176
3460 27
3461 366
3462 81
3464 293
3465 453
3466 128
3467 30
3470 22
3471 431
3472 388
3473 388
3474 185
3475 268
3476 61
3477 137
3478 160
3481 343
3482 307
3485 356
3486 410
3487 227
3490 130
3491 387
3493 268
3494 431
3495 201
3496 128
3497 309
3499 30
3500 470
3501 129
3502 154
3503 223
3504 63
3506 464
3507 26
3509 222
3511 420
3513 122
3514 44
3515 368
3516 10
3517 148
3520 325
3521 334
3523 456
3525 89
3526 374
3527 310
3528 378
3529 132
3531 40
3532 304
3533 306
3534 458
3535 47
3536 435
3537 441
3538 359
3539 304
3540 306
3541 374
3543 384
3544 370
3545 225
3546 470
3548 340
3549 385
3550 50
3551 338
3552 177
3553 371
3554 61
3555 450
3556 75
3557 204
3558 176
3559 293
3561 231
3562 109
3565 315
3566 93
3568 210
3569 425
3571 455
3572 316
3575 314
3579 317
3582 457
3583 39
3584 230
3586 352
3588 407
3590 432
3591 259
3592 440
3593 333
3594 363
3596 130
3598 289
3600 284
3602 210
3604 283
3606 49
3610 490
3612 143
3613 248
3615 29
3616 201
3617 332
3618 87
3622 356
3623 344
3624 156
3625 360
3626 475
3627 189
3630 3
3633 77
3635 10
3637 443
3638 266
3639 202
3640 294
3642 371
3645 346
3646 386
3647 164
3648 375
3649 101
3650 473
3651 310
3653 333
3655 105
3656 502
3657 60
3658 486
3660 417
3661 5
3662 499
3663 40
3664 448
3665 276
3667 431
3668 286
3669 248
3672 75
3673 56
3675 292
3677 69
3679 122
3681 171
3683 311
3685 367
3686 128
3688 33
3689 136
3690 111
3691 224
3693 219
3695 240
3696 143
3697 388
3698 71
3699 337
3700 56
3701 359
3702 350
3704 195
3705 160
3706 345
3707 129
3713 81
3714 332
3715 320
3716 423
3717 451
3718 1
3719 174
3720 61
3721 415
3722 19
3725 126
3726 423
3727 395
3729 133
3730 326
3733 285
3735 320
3736 434
3737 68
3738 461
3739 16
3741 264
3743 160
3744 235
3745 205
3747 211
3748 81
3749 250
3750 227
3752 191
3753 491
3755 297
3756 378
3757 131
3759 484
3761 140
3762 148
3764 471
3765 201
3767 33
3770 201
3771 480
3778 383
3779 277
3781 277
3783 278
3785 473
3786 471
3787 239
3788 322
3790 381
3791 388
3795 277
3797 48
3798 331
3799 345
3800 330
3802 258
3803 440
3804 338
3806 235
3807 114
3810 91
3812 502
3813 245
3814 400
3815 84
3816 394
3817 474
3819 480
3820 471
3821 272
3822 43
3824 404
3825 204
3826 378
3828 347
3832 342
3833 418
3834 25
3835 420
3837 451
3838 412
3839 369
3841 323
3843 55
3844 328
3848 368
3849 201
3850 317
3851 175
3852 268
3855 4
3856 85
3858 201
3859 72
3861 93
3863 399
3865 227
3866 299
3867 366
3868 104
3870 173
3871 260
3874 31
3875 177
3876 98
3877 12
3878 35
3879 212
3881 176
3883 472
3884 486
3886 58
3887 5
3888 176
3889 203
3891 233
3892 64
3894 491
3896 91
3901 370
3902 298
3904 363
3905 193
3907 398
3908 130
3909 407
3910 260
3912 200
3913 114
3914 365
3915 174
3916 115
3918 162
3919 162
3920 378
3921 275
3922 203
3924 22
3925 298
3926 262
3927 22
3928 386
3930 9
3931 269
3932 302
3935 342
3936 341
3937 249
3941 323
3942 68
3943 8
3945 252
3946 354
3947 167
3949 188
3950 290
3951 156
3954 87
3957 137
3958 26
3959 60
3960 409
3961 195
3962 122
3964 248
3965 289
3968 219
3971 35
3972 61
3976 91
3978 365
3979 248
3980 400
3981 58
3982 119
3983 96
3985 70
3986 460
3987 430
3988 480
3989 39
3990 331
3991 411
3994 434
3997 7
3998 392
3999 395
4000 460
4001 248
4002 202
4003 395
4004 410
4006 115
4011 362
4012 453
4013 254
4014 464
4016 453
4018 141
4019 440
4020 433
4021 375
4022 35
4023 34
4024 168
4026 91
4027 160
4028 337
4029 144
4030 492
4031 325
4032 491
4034 473
4035 303
4038 62
4039 258
4040 106
4043 25
4044 326
4045 84
4047 140
4051 237
4052 10
4054 285
4055 39
4056 237
4057 374
4059 166
4060 352
4063 345
4065 17
4066 149
4067 89
4068 498
4071 133
4072 257
4074 134
4076 271
4078 187
4080 254
4081 404
4082 351
4083 233
4085 76
4086 217
4087 184
4088 242
4090 284
4091 98
4092 471
4093 441
4094 214
4095 271
4096 236
4097 65
4100 249
4103 474
4104 72
4105 499
4107 242
4110 31
4111 79
4113 275
4114 192
4116 227
4117 505
4119 236
4121 189
4123 459
4124 482
4125 414
4126 131
4128 201
4129 110
4132 203
4133 431
4135 211
4136 487
4137 146
4138 275
4143 358
4145 184
4147 58
4148 66
4149 411
4153 177
4154 435
4155 122
4158 399
4159 377
4160 481
4161 383
4162 194
4163 236
4165 455
4166 101
4167 104
4169 89
4171 295
4173 189
4175 318
4176 404
4178 311
4179 91
4180 398
4181 432
4183 330
4185 87
4188 296
4190 502
4191 287
4192 328
4193 212
4194 204
4195 16
4196 182
4197 388
4198 26
4199 35
4200 276
4201 42
4202 197
4203 265
4208 118
4209 254
4210 475
4211 217
4213 29
4214 114
4215 399
4216 497
4218 326
4219 377
4221 211
4223 270
4224 15
4226 450
4227 427
4229 126
4230 249
4231 235
4233 464
4234 344
4235 145
4237 69
4239 150
4240 265
4241 216
4242 160
4243 323
4244 364
4245 286
4248 294
4250 405
4253 104
4255 435
4256 266
4258 229
4260 276
4261 345
4262 352
4265 76
4268 331
4269 204
4274 66
4275 429
4276 485
4277 343
4279 109
4281 329
4282 181
4283 87
4284 149
4285 359
4286 471
4287 489
4288 152
4289 303
4291 112
4292 342
4294 89
4295 365
4296 148
4297 481
4298 20
4299 26
4301 214
4303 142
4304 473
4309 82
4310 410
4311 471
4312 425
4313 268
4316 36
4317 120
4318 215
4321 344
4322 287
4323 223
4326 82
4327 53
4329 481
4330 79
4331 2
4332 135
4335 68
4336 119
4337 249
4339 54
4340 344
4341 113
4342 134
4343 459
4344 79
4345 196
4350 35
4351 492
4355 372
4356 491
4360 58
4361 40
4362 138
4364 405
4365 53
4366 315
4367 280
4368 404
4370 344
4372 64
4374 406
4377 89
4379 250
4380 147
4382 286
4383 381
4385 0
4386 172
4387 15
4388 219
4389 43
4390 425
4391 35
4392 61
4393 68
4395 298
4396 177
4397 337
4400 36
4402 486
4405 388
4407 385
4409 444
4410 195
4411 94
4413 26
4415 268
4417 68
4418 378
4419 109
4420 180
4421 250
4422 20
4424 121
4425 187
4428 69
4429 51
4430 29
4434 277
4435 338
4436 79
4437 172
4438 174
4439 72
4440 457
4442 337
4443 505
4445 473
4446 107
4448 21
4449 103
4451 39
4453 91
4454 346
4455 269
4457 384
4459 213
4463 188
4465 6
4467 471
4468 434
4471 489
4472 27
4473 487
4475 9
4477 447
4478 401
4479 227
4480 198
4481 404
4483 20
4485 230
4487 236
4488 444
4489 413
4492 471
4494 27
4495 423
4497 330
4499 282
4502 214
4503 499
4506 72
4507 89
4508 279
4509 281
4510 343
4511 306
4512 262
4514 55
4515 20
4518 161
4519 219
4520 346
4521 72
4522 445
4525 299
4526 487
4527 386
4528 399
4531 68
4532 61
4536 176
4537 335
4539 401
4540 230
4542 89
4544 72
4546 266
4548 235
4549 275
4551 379
4552 390
4558 414
4561 294
4562 387
4565 430
4567 246
4568 414
4569 40
4571 425
4573 223
4574 388
4575 51
4579 75
4580 456
4582 172
4583 85
4584 26
4585 377
4587 492
4588 364
4589 30
4590 419
4591 226
4592 102
4595 203
4596 162
4597 448
4598 61
4600 171
4601 448
4603 275
4604 29
4605 48
4606 343
4608 9
4609 34
4610 368
4611 290
4612 221
4613 235
4616 393
4618 236
4624 256
4625 345
4626 174
4628 179
4630 266
4631 406
4632 300
4633 366
4635 471
4636 50
4639 9
4640 436
4642 109
4643 411
4644 343
4645 66
4647 94
4649 235
4652 403
4653 291
4655 116
4656 35
4657 221
4658 296
4659 85
4661 386
4662 230
4665 166
4669 97
4670 125
4671 8
4672 154
4674 485
4675 62
4677 338
4680 309
4681 262
4682 10
4683 177
4684 470
4687 2
4690 150
4691 352
4692 182
4696 330
4697 35
4698 461
4700 85
4701 178
4702 306
4704 74
4705 175
4708 176
4710 132
4711 313
4714 291
4715 105
4716 173
4717 124
4718 174
4722 468
4723 502
4725 130
4726 55
4727 241
4728 45
4729 489
4731 138
4732 411
4733 450
4734 311
4735 136
4736 338
4739 35
4740 226
4742 170
4743 210
4744 157
4747 126
4748 60
4749 287
4751 61
4752 132
4753 328
4755 377
4756 132
4757 144
4758 286
4762 505
4764 410
4765 241
4766 28
4768 482
4771 459
4775 105
4777 348
4778 26
4780 78
4781 370
4782 150
4785 328
4787 66
4788 248
4789 482
4790 205
4791 454
4792 427
4793 412
4794 177
4795 283
4799 247
4800 283
4802 36
4804 189
4805 122
4808 103
4811 81
4814 214
4815 312
4818 37
4820 367
4821 197
4822 96
4824 420
4828 226
4829 52
4830 140
4831 35
4833 177
4834 231
4835 306
4836 309
4837 411
4839 179
4840 400
4841 431
4842 425
4843 95
4844 221
4846 81
4848 337
4850 383
4851 424
4852 67
4853 125
4854 72
4855 381
4856 446
4857 29
4858 14
4860 68
4861 233
4862 296
4863 317
4865 309
4868 177
4869 187
4870 269
4871 15
4872 134
4874 482
4875 479
4878 72
4879 46
4881 485
4882 36
4884 389
4886 240
4887 131
4889 304
4890 130
4892 120
4896 272
4897 95
4898 482
4900 163
4901 101
4902 133
4906 395
4908 283
4909 137
4911 189
4912 35
4913 260
4916 385
4917 284
4918 105
4920 239
4921 384
4922 240
4923 273
4926 334
4927 420
4929 209
4930 352
4931 401
4932 214
4933 51
4934 445
4937 90
4938 439
4941 289
4944 502
4945 431
4946 155
4947 483
4951 67
4952 139
4953 316
4955 469
4956 385
4957 91
4959 26
4962 274
4966 332
4968 285
4970 162
4971 311
4972 9
4974 275
4976 308
4979 394
4982 227
4985 234
4986 203
4987 71
4988 191
4989 126
4991 19
4992 333
4994 69
4995 66
4997 145
4998 301
4999 433
